198.5,214.5,34,81
193.39408843614953,216.92996816395328,39.998476646377696,74.92925259354499
191.23318294746565,218.11893212470477,41.588991322857396,73.70401699000465
188.94476251123737,218.42640793132838,41.5735932922683,72.94348463797458
188.91353175161134,219.62056617317555,40.2430458641479,72.60599303488021
186.3610249944096,222.41695133130327,39.42793866245644,70.63011696377247
184.7297836171978,225.21639764211193,39.0070834900154,69.56168803768131
181.0023941547016,230.2866533350039,40.80386719100883,66.83962843793861
178.91945937231432,232.49727663657634,42.141710937912265,63.86571147518221
181.636542587811,234.9175321723863,41.80140131844233,62.790190733304726
183.2335938001977,235.74443568979655,41.13750342819955,61.78729240705658
188.759132703226,236.31929753703517,39.80091555897161,62.974197388040196
190.53744592804867,235.21232046701678,38.69297380170909,62.950167824463676
188.6734121842525,235.47679069970212,40.11327628228234,62.855864786423
191.7044483970883,231.8343400323747,39.483402381085874,63.41152188890007
187.75136301245954,235.68413115046448,42.36250644273227,61.85667880372154
198.695877772421,223.89946535175045,43.494596994220515,60.03986957778531
199.78630479813236,222.40311146295068,43.1680144739028,61.01344736385349
203.08060859193162,220.22918327424065,44.72789111634579,63.543614441690124
206.61578374133765,215.97461089363762,44.049243946348426,66.24746421235663
210.18443111522214,215.564154470087,42.80780748639076,68.54472557878313
211.6294199695858,217.6714930828847,44.020992543166344,69.74139908026902
211.12246239073323,218.26316546466722,42.75067246184254,72.11053191489427
213.89939308093324,222.72764212452984,41.77689206746551,75.39349170399475
218.3866086273584,228.4323835740285,39.21753293887907,78.95747567816635
220.5574714392984,230.61128778941082,38.966619521267376,79.06138246880673
223.41553265627672,230.83413752320575,39.861012204956026,77.7086682736244
226.90262710404312,232.2879866047294,40.2301980385797,77.59147695032931
231.8845349760243,230.8437287699751,40.13943012329165,78.48623000749514
238.12050894089467,229.97247979174693,39.181531723580235,80.02439534404596
243.32933242671464,228.85272000756274,39.31859132542659,81.00804528541545
248.01241411796497,227.22414964878337,40.117612917596404,82.07932203126398
251.9380569051287,225.08173558099026,41.138607464118536,82.9601873162795
255.24846314567725,225.5208176793161,41.35231961452169,84.17398617237748
259.03761343145015,224.74675663356305,42.49777487946268,84.52611770144459
262.0951053513171,225.72135285501997,43.70795011260479,84.87882826794544
265.7005082201612,227.17771091260005,45.401025447914584,84.46506716415308
269.22740208388603,229.36622406507604,47.3710481071227,83.46393087575686
272.3532982554052,231.11376489861755,48.71411202629129,82.07061913283769
275.4782068085039,233.07555009161996,50.14718819630859,79.94221309352778
280.6101440306374,236.62935698362088,49.01938877187794,79.0549805694442
284.61749666507063,237.3186727211093,48.09603501210573,78.94734483058949
287.4582658903944,236.83015510297423,47.088884016444794,78.46925664232958
288.44079524114306,237.03037043069483,45.25497442812569,78.87028017332788
289.7496733930277,236.79918622330865,44.089998371091085,78.93686868039684
289.093415892851,235.64259982607376,43.25424276444981,78.47037576632479
288.6160635472155,235.2057943600492,42.385516798334095,78.41259152530108
288.66230875730156,233.57224387403457,41.930650761134686,78.68783425338808
287.32503112562694,233.67361989858762,41.912752163247305,78.58074809128014
286.54560274247547,232.89936840993602,42.1847060250397,78.17696267937744
285.23712937386773,232.9449364529163,43.40850493606042,77.48688473083371
283.83957568465325,231.38247944559905,45.053941952016935,76.54011009342963
280.5667536739265,230.36988273302822,45.15425201579833,77.9738021634001
280.37121099650267,230.0328577830199,44.888859978926156,78.35580372834137
278.786656379796,228.610013940766,45.40036547164736,78.50330549213376
278.1386853334615,228.93673491869706,45.51605072074936,78.08488070181335
275.4827476448264,230.1658897939144,45.31847566238121,77.89841414634022
274.4958999367559,230.6547604061052,43.05578287204029,78.2288838909299
274.7855014651184,232.73342367879934,42.48316708270291,78.54587775722369
272.8895021367607,235.69451097653513,44.445198240639,76.411231199777
269.0594725570491,238.80124410454027,47.20207680084958,73.90565354697718
261.765004739124,241.34772626348288,51.75454679186343,72.24112884624897
257.4748454161558,241.24129370923734,53.752600060755036,71.14800826557683
251.23668007091854,243.11508790056024,56.01796654834875,69.97081582943372
246.65902805289667,244.1238471232295,56.69174707059851,68.95569265635015
237.70608219088314,243.28652007048325,58.06295938178383,67.97097681631652
232.99131178073955,244.10846871379573,57.30853165806461,67.58071827404581
227.62921324781175,246.2653830526608,56.844059519208315,67.597860837313
222.60728483521328,247.77438619542949,57.6366059958945,67.42702752731577
217.32373898188123,249.3437898547532,58.51650860038575,68.26934389450511
210.11403236468618,246.48757205869376,60.37349431402391,69.06084194847706
203.68196206391463,243.52026259288857,60.02008845255432,70.93062437801223
198.21571544827776,242.21799432933597,60.31376675768057,71.66376972794004
192.47523337397453,242.82920254206397,62.41144538382613,70.81312135983032
186.81223473920693,240.03148785953627,63.8047606160078,72.28497408380296
178.4717379356094,240.2064464181637,63.82443067583954,73.9798763215591
171.65139608643372,236.64133639492104,61.09323098185696,75.2999261943994
166.53941792155905,236.3824394713943,56.68294525380598,76.87416623610164
165.5231843318672,237.31759815469806,55.690685565513874,76.72709258287303
161.67573883924845,239.32039678718328,56.74379188278265,75.7710978264475
156.64161779362524,240.50476689866943,58.979320370055675,75.56903889314805
152.27752764438975,238.1014300979448,62.040804120064756,74.81438360665783
145.25428216722383,237.80475535311467,59.70680953972865,79.74234451218115
139.54835361993827,232.04640129609834,57.740583405234844,82.3705485978935
135.16406680822917,228.1635068269761,56.33759101913154,82.62464405850739
132.26052395194247,227.36128230065424,55.75341801512168,83.83729038297496
128.87995680652875,225.68473018170675,53.75987167240419,84.84423611638385
126.47140560476139,223.2878456540862,50.68227021088765,85.09012642940698
124.5404830256593,225.084380626736,46.290143315563995,86.72147226322113
121.4152307759022,223.88088403273338,42.98480827650397,89.04583566628466
116.6306606202427,222.8607387300471,43.34256953661449,89.97411424296308
114.66291836495685,221.23884181268616,42.679918099005036,89.21465700194035
113.58524440566156,219.82073897018057,42.506440305391635,91.6816617718533
111.56659103433984,215.80198568954222,45.16335366214793,91.4553047695924
109.79627883095365,214.71649801377617,50.622688539119885,87.59527616909813
108.58813749335542,214.2884283435195,53.73858359339046,84.44317433300628
106.98308718398079,215.04568261790183,53.803947206905946,82.29731771075913
106.06540217357241,215.4615711681244,50.613987637878964,82.66030236339626
104.02240852562042,214.7300237897888,48.70135966889035,82.4871084771842
104.65284426607764,216.01350502807907,47.43299907996107,83.81107093117612
104.63097112485593,213.3093021811609,49.25966572296964,84.63043634562408
106.36193066430565,210.49946646070748,48.984330878307915,86.75248934971751
106.91786369771569,205.96558015675083,49.111333882494606,84.9347591423842
109.75532493359847,204.648403197367,49.20922520772611,86.23079280587234
113.70776838881483,201.09704591280155,47.87318547670621,88.93780262875694
117.79263929935986,198.11531968197093,46.97660888159882,89.64592118996647
122.83375852995755,196.3057923906153,45.407756193108526,89.409079776584
124.68245360150058,196.86205991433872,43.42353288294635,90.56792801465966
127.04448032212937,200.0150299544043,42.59887252335381,92.87109972041713
129.64684716958257,200.08599091890528,41.83666946046647,96.86950953656284
135.29823612382236,197.7135130418007,41.348294132248085,100.36130493329674
139.52902574225988,195.7755187010006,38.51179691136427,103.96394385293405
144.43434721099277,190.27595172146448,38.611364583334506,103.1852209852241
147.45427640962703,187.61737344002475,40.947092695770614,100.57744649875661
150.10649817641848,185.99964532858422,42.654454219713315,99.85923484253304
153.19857944695528,184.59885212044594,43.99929434511313,97.9273193476463
154.7962339275275,184.1556275537422,43.97089865491897,97.28807148817967
156.28491868529665,183.47548584162695,43.92687326512839,96.13701715529956
159.32797706921264,185.07916061203713,43.116143307599174,97.06450190402998
162.80385740811732,184.75194827044874,43.369424992002905,97.02121547709169
166.17683962029608,185.7768946225805,44.380206382922495,96.59352981838327
169.47391410968768,183.60217871099246,48.03887932644153,95.61401266695
170.9200489844517,180.7118900771958,47.50372460720219,96.36118844528552
173.0193872136919,177.6984702529524,47.27684156188403,94.86740107198275
176.478250164708,175.55910471014874,47.05559354986648,95.98914758994783
181.0002900435301,173.92480643995034,47.431968771165145,97.46590417310739
184.19269456663503,173.02746232155334,48.35129314017746,97.71216387443995
187.50768078793044,172.66386339533807,49.210770675461404,98.40479390137432
189.81157398841293,173.18504347547287,48.779416407217326,99.80996758700618
193.82735670114204,173.52756135764548,47.1177230749598,101.2191934689317
197.58058817888184,174.34491299810503,44.840808573764896,101.75894082392264
200.9349503648077,174.41072339856498,43.36902792368441,101.87603657108795
203.8508827475685,172.52649601332223,40.36668386052483,102.25198307321719
205.22791475197508,170.07650599857664,39.172097061756574,102.12299429167322
208.66230628250517,168.85037431743726,40.22764042052671,102.24935709929498
210.32134017092824,166.94190367769895,42.62737802927017,101.296011818713
210.12401113820135,164.99355147215573,45.50849344259379,98.74835692727866
210.3065677455916,164.99584280764938,47.723052802810294,96.10121878105639
210.45093478424835,166.36661904703905,49.81478137198115,93.35853779694371
210.80772779055027,166.4518586745755,52.00810172572558,90.56540529594491
211.8067142035281,167.09173658289558,52.62568323250307,89.45654647139213
212.64583983281992,166.4088923203957,51.831451706394695,89.53050149305022
213.01837271551608,165.30845691632834,48.93019125411273,89.70879120072105
216.58029011955142,165.9320210342588,46.32249547649862,89.60362322811238
216.51886637651242,163.0487034200841,44.57544476254152,90.06296980976377
218.9060476109633,162.50889697359096,44.1853109999996,86.37535409938702
220.1582775457883,162.09043853948543,43.87075367437119,82.24341797077196
220.88774948922196,163.68918784101575,44.196712836972864,78.28491861526224
224.72884251267917,164.80917341848595,42.86002106038317,77.62130589786003
227.7728622653234,163.80864991471475,41.257456618418686,77.15411979688189
230.1349986634611,166.31271427325123,40.44492650936863,76.12595628976987
233.4240005917814,165.89434082030695,40.342165267474094,76.37922891720842
234.6996566928514,167.1015979394689,40.33497623809416,77.78814068710906
235.8498710360256,169.45323140509964,41.286040290469515,78.97869594899326
236.50130744656053,168.4094687250493,42.35562068213764,77.20047528782322
237.5466964922487,167.78510821110547,41.65838452286732,77.19142696947372
240.02733068222227,168.05967733235525,42.75535131137725,75.8211283509022
242.12339460433907,166.43301724130967,43.7902265646778,74.42079824917988
243.91446689656794,163.23823485166622,44.61979462670445,74.265869830072
245.14535164861815,165.06469421507396,45.731531716308254,73.15050632099945
247.09990554851018,165.71170466921717,47.83371494359328,73.18331055461978
246.75765808576702,164.59153020885768,47.70896803777697,74.9010035710457
247.91737699116825,164.07651051347347,45.78132428267479,77.25302761051863
250.0802785775761,162.84466525556357,44.00985527352486,77.49313991169306
253.51464894316297,161.86876281394973,42.46058208690681,76.7144824822224
260.2113582435233,158.89095098875842,39.32783033341518,78.3587228852295
263.1843163532293,157.78801254347678,38.17968842888351,77.37753393602534
266.1948108118411,158.54892060689997,38.19074201501688,74.47040787456285
268.89648620022103,159.47925282231324,38.204904131933745,72.30505573512008
270.15703750261815,161.24977021137872,38.56298338901692,70.1673628463705
272.10070855112815,162.97430593683504,39.767432921788156,68.51861833885538
274.8808720650347,163.7747006418827,40.325383443718785,67.87676359348634
276.9786423905738,164.02674522569822,39.33810428250875,67.92073800207672
277.52142581833846,162.54339924084607,39.281911430389755,66.73437001236942
278.44133735318695,162.53694336124644,40.22006201257872,64.7643840130848
278.1020488814211,160.75106008446545,41.86114829019773,62.51179687173099
278.5868892108503,159.49210405370903,42.99731522846164,59.87777907789718
277.6965214095626,159.21460812787967,43.753315857129564,57.49110122702599
277.0251093671009,159.89805985677532,44.61138502204715,55.6313160837393
277.45363878841715,160.13996704097016,44.76371772566401,54.298520096468394
276.34032762438187,161.1077263066007,44.11174207895743,52.946724693049234
277.4118075037307,160.44671194934963,43.29899884724484,51.81137478168165
278.47782407177544,159.94803206065504,41.06176705960324,53.15895628238895
279.8362261456757,157.97273553683857,38.69122956891671,55.25608329608634
280.68914716401616,155.47994497742476,36.91231239420334,57.587668424160746
281.6476590127655,154.3479409296857,35.75777539294805,59.7790775482124
281.9378075986335,154.08428110611032,35.320490819368786,61.459018703007786
282.1533606383682,154.96566752501866,35.06494846274836,62.50888605531568
283.15432867324506,155.54920496939488,35.744069130894424,62.824018464842034
283.0170740593198,155.89786588945432,35.945485696946996,64.07556752201623
282.41043298876394,156.97907827945647,34.62055458503739,67.01520925888818
281.6140535723603,158.52431448305504,33.14651067774767,70.11200320148347
282.08399407184595,159.66017261633414,32.377010822465536,71.74213453586219
283.64560079072004,159.2641386864976,32.00408730170958,74.37039059267119
283.78015734921706,160.6925641652927,31.05816141673303,76.37660440101115
285.00376265676704,159.43630472320538,29.87014231469459,77.6934982184286
283.8425134320022,161.36474899768723,29.55461166571348,77.63525969578632
283.1982149128665,160.03872291179505,30.74242925255508,77.2204752720354
282.7279033083618,161.4225726726675,31.124031346261432,77.90565494073539
282.17136791797367,161.89546241665178,30.78342494960851,78.74890111709641
284.1016183690348,160.05987028197512,30.99021435357763,78.55315084856218
285.96310326980114,157.28438790089567,31.284401629834186,78.15572989523645
286.5995237969615,159.47629399159337,30.762227313069992,78.33729637976509
288.3279184382087,157.3910408478639,32.13643549761646,76.91285151442253
287.47222360373996,158.84374346415825,34.88327693638285,73.93441957257528
286.92382517226173,157.9403034795588,36.41049515172575,72.9624969084887
286.50286946545054,158.96289827036142,35.534619180361275,75.06843895682726
285.8301341215905,160.10001062486427,34.99591730929687,76.25945639526725
285.29142500796087,162.43328289183967,35.2758207999037,77.18937744893245
285.7392580533629,162.20535175186296,35.34824065375219,78.04277678151723
285.8507341814074,163.41239459016944,34.404890984886215,80.09971847917183
286.3479735597232,164.81698193203604,34.703941500334125,80.7439827927073
285.78448803269197,164.27535466854295,34.87402578605554,81.55792654727455
284.7061419820501,164.58391606104834,35.26268652862038,82.21810495454734
283.3498035349908,164.7907632600066,35.36339204441258,83.2465836799905
282.4783047895815,165.04571468715076,34.863433850569294,84.63058622693205
281.3693202062323,164.15380028016102,33.58851885817957,86.15895543426407
281.3469902338158,163.70028745995603,33.10572490362908,86.69013212571852
280.80954773916307,162.8684463946455,31.808621596425695,87.7298693181567
280.3448677617514,162.51315686392616,31.414512270052445,88.77612627156509
280.8861356150087,164.28535019123376,30.62977752169443,87.78011164720805
282.07650363673736,166.357490479484,30.52299634655379,88.82267923431229
281.46481864872715,168.05422273600826,30.66614550405462,90.06973529392616
279.3747223992324,168.68735834121097,32.57966276920325,88.38243341311632
276.79157109898057,168.92457458725454,34.20586622572486,86.81505498768718
273.7932182126773,169.3051080698952,35.69293178150407,85.27428941210005
271.26276502348423,171.01395898352925,36.70056114420413,83.85775369010236
269.9323438250924,172.1197472532583,36.57031019153098,84.49964151564976
268.42946346273305,173.6366083779493,35.88647569377652,85.85373855642885
268.4094931947763,173.6972244231744,34.133618068183445,88.59328312880524
267.7269264205456,172.21412852503897,32.173513865637695,89.80389461902294
266.7582717671393,169.86886577151915,30.285877245784036,91.55508835611933
264.87494288405196,169.7815220302517,28.722168400478033,92.4095106647422
263.10343148899676,168.62301981588186,28.761018627035558,90.31847600046427
260.70524183925903,168.6047707131002,28.9932757264988,90.46772576445062
258.06987760666584,171.24341110768688,28.909459552097765,90.90559533157003
256.2248971819763,172.75662881018616,28.811317059420624,91.41413855473
254.1757467408114,173.87586373362097,29.36915616310964,91.31626414395654
252.90796465497223,174.59704275246253,30.316645769854212,89.9110863809984
250.40142195057913,176.07994911073612,31.475669575094308,89.34919693753778
247.7777349337682,182.65578210615922,32.57388465409582,90.65519639011202
244.58728972331198,184.64577344674865,33.341537694026755,92.24127854352787
242.76090699013074,184.6355522699253,33.77430766173205,90.93100571773115
240.03050115080168,185.9064870363951,34.75212907549758,90.22534512434393
236.20207270460384,184.6951660397194,36.71844565417259,86.67339824669313
232.11009972219188,185.33173505081163,39.05117005756459,83.22693754689632
228.46360837835624,185.40183613947482,42.409372862804844,80.36077940643517
225.99224410567328,185.89832646562664,42.90376957528501,81.99646539345957
223.93665655328445,185.65337636689938,44.32945121082439,82.39349340341884
220.99947981602992,184.8127877527773,44.446628286102495,83.35763003327055
219.11509782867185,181.01099811437012,43.73016753700273,84.74444772103456
216.99175146238852,180.99846109979927,42.629981740974415,87.10714868422784
215.2065255340487,180.1087391890721,41.90289150246977,89.38320529292885
213.31870559305804,179.4535583692189,41.27202961443152,91.02283404703613
211.8607248870062,181.83381859089158,40.849015835418896,93.4160268300091
210.29342481916044,184.7002706103062,41.18926725437454,93.28315082920479
208.2774425545986,187.54221281900854,41.03538307057708,92.67942750646564
206.20838989830247,188.9251371705887,41.268209223623444,91.76842087007017
204.64940468582526,190.22021419053218,41.780375682055634,90.65895599815957
202.06842004721014,190.45208610994283,42.721648510006105,89.25434771555928
199.97592119312884,191.5774524559727,43.198200907576066,86.9958225818595
197.12530540928637,192.95055343890775,43.82414704053811,84.30202439755243
193.58566088675593,194.07908831448117,44.94070234002399,81.92742944884
190.86671865175583,192.4678589114968,45.887957613857246,80.86143467585983
189.387798509231,193.77184580206466,46.52828324093265,81.14567757715814
187.3593320727582,191.3600900278296,46.997114726854306,81.90157313975789
185.967326259396,188.63159476824654,47.72631487591758,82.2460219833564
185.2438199407902,187.33885904786382,46.94619113960933,84.45150663131906
185.87627430069304,184.88126700325958,46.09263112032698,85.72659167191303
186.61943483827264,184.63707047431282,46.09928861801325,85.40445400766528
186.53671391440574,183.30163154744469,45.35586388144604,86.61619680585956
186.5588096723694,183.86533270644838,45.819358801695024,85.78700010194211
187.01124765686762,184.26116871663612,46.501171470432034,85.0237101258522
187.92971038421052,187.11372482875066,46.35412793656077,85.99378262833815
188.53303844198138,189.82998045424034,45.96247533530892,87.6431648214201
189.9263973161682,189.2300701317979,46.14800590274643,87.99125511962528
190.6272872448488,189.0211088975966,47.208320113912485,86.89103166918173
190.42241098228322,189.52537569119636,49.04710770660185,85.37826513892423
189.72136479447676,189.66156981250614,51.68224852124072,84.30396548263508
187.99509518003242,187.38104780621012,53.5052185772702,83.09024018904428
186.10928404455132,186.78826488083996,51.13884274413691,84.59566035888018
184.41018043952315,183.890214241071,49.883366768615886,84.62790379692645
181.70012262011895,185.96464881123808,51.45077978977902,80.88029917509164
180.45852756200628,185.12435169171306,53.118110290201564,76.87880122435284
179.85695495068524,188.29486514243948,52.91067547381932,74.82626700249597
182.50492529107126,187.52309235119952,50.43664970431741,75.82417718277324
185.31123345771277,189.06932745941594,47.76714431387492,77.7337478293775
186.64785693114038,189.3527281646696,45.838690364856774,80.54798794566464
186.8349226669768,188.45590633714596,44.02458375070502,84.51154036269006
188.17507163850217,185.63678993520745,43.032207331702125,87.93205838003759
187.67899511330677,182.46997140807656,42.51677366448736,91.30022202083197
189.58193023147282,181.56101169072124,42.9550636034787,92.6034526060934
188.13654995707435,182.06789503044197,42.62932863835967,93.60201884291172
186.97317253239547,183.00188343731668,43.36514551564862,93.71700845219698
184.66287819722407,184.75032538308645,43.963656148729484,94.43018658763498
183.81432036120486,188.39922129582786,44.01183686040261,95.13983056079717
183.27794156642472,189.8040188435534,44.17112442013193,96.44125030833315
182.67795362740824,190.76306293164743,44.9305180525766,96.84797072970977
180.11924466038033,191.46998417328837,45.78089382659826,97.70870038044589
178.728106907041,195.4278196209488,46.70776328736322,96.47998493709031
176.47585355542114,194.4608612709633,47.280822246233434,95.14770037935563
174.59291999479254,197.2586323697556,47.5235794546183,94.92089969406965
172.77820791254462,198.32204332254878,47.80205075542092,94.34224251378689
170.4059000222632,198.03936317976942,48.047660264621385,95.62144155543005
166.17819008943528,196.24125231299817,47.61693453854142,98.75742951121111
162.70762707256102,196.36790420533265,48.08026830925897,101.22253717215983
159.17494052452716,196.035398679702,47.768847543937525,105.49571777908515
155.4159839812152,197.46902700841696,47.37284451956903,109.34783625516965
153.3653617942078,195.52649160027877,45.539728389433435,111.97090639147626
152.15178398224475,194.24880450307424,44.07428085440873,112.73048001921207
150.72021509401074,194.40084433024793,43.129480531969264,112.7466004505046
149.8565398489754,191.81676754836323,43.082668371931646,111.36503563429966
148.71586468566912,193.20274748407218,42.74566771587816,109.80549634565307
147.21947784542246,195.59437122813273,41.37433044971618,109.36296426585713
146.20405059000373,197.46659799136302,39.8569676639533,110.62967969615318
142.09034921249793,198.51940559738387,39.92587165492685,109.79984778451126
137.995289403546,200.45084848592285,39.65155092706652,109.74227344885482
134.83045453025017,200.27533412063693,40.89557595167335,109.4087713252015
131.11958403434073,203.2280557330352,41.94243281492161,109.88903357144376
127.58388471784053,202.60489567675864,44.187803100906635,109.09430110411708
126.42654336152412,203.49661961434728,44.509057821672414,109.9648904661072
124.9328592599325,206.19806273739624,44.33032838386444,111.35162700367016
123.99070206566981,206.59531869482043,44.77732575864927,112.86881519448892
124.41259140685001,207.4895987508162,44.29493605763119,114.18729238832925
124.8195958029158,207.6652673354207,43.89389891109325,115.23052270874425
124.73428302496873,208.03461939752776,43.63966407894685,115.19780293854933
124.76856837210704,206.5604230372325,43.87516269509693,113.78120161006757
125.74254446231262,208.45858769185764,43.14022964729993,112.68481727380924
127.06711297537893,206.75228439484707,42.52073758729278,112.08278687442218
126.94645928600642,207.95825003156725,42.043228804882126,111.71400793328775
128.1700057587603,208.51130288960232,41.650735144500075,110.82941708297365
129.42270303613677,210.26022282355686,41.10342171596024,109.95945564257003
130.09228732127644,209.05871730636974,40.88691378258274,108.88304363083222
130.9785473549662,211.40257614505407,40.15735984259886,108.64328919122602
133.0096131559017,211.87560325627788,39.91040735030124,108.385840634939
134.9388622495121,211.46676009484986,39.91396470316519,107.3111977417916
136.35643570915798,212.74140248478483,39.77843040136617,106.59222318740841
136.98028023915458,214.00192665184758,39.07416469599863,106.91107129378891
138.7963586044101,215.18795146361472,38.4489800399963,108.42635267916573
139.96051234436655,214.82602794894217,38.25520191227148,108.24076676087523
141.54196711660504,214.16449046597967,37.59339100060705,107.36509504558681
143.18510757507548,213.25350513159918,37.53876091298134,106.31272065018456
143.80929556982153,214.23734299584805,37.404886399777084,106.19067103748577
144.1239258682875,213.24821781079243,37.772921718925616,105.76074188603639
143.99134312195193,213.5898681151119,37.65906997774818,105.41594368447143
144.13098909266503,214.51221555252675,37.747691044058186,105.13198558503997
144.83019072663444,214.03499017887376,38.22502019799438,104.86992496359441
144.9101925805843,214.29480077660637,37.60216770755527,105.04559689661966
144.67436360209635,213.9832618074425,36.9950282049288,106.09589231846792
144.70765984634863,214.097308156852,37.170567992720876,106.11471795520589
145.3243617590195,214.1544533182273,37.072356204007875,106.28008267176573
144.95363985658378,215.65973998363117,36.65261545954761,106.13916518850742
144.33572469931738,214.6049694951469,36.01011923885554,104.7112613355352
143.34475746110277,214.62980196564533,34.98697420745695,104.72691775059644
143.24171534161175,214.94358304135682,35.308843620510785,104.26025684762854
142.67187431534182,213.77126074475888,34.992487078804714,102.93702066728005
140.93963672751468,214.01293629691497,34.57234349530374,103.43568880859242
140.49616734380197,213.24572795200052,34.20218108455994,104.06869974671616
139.58088785641655,212.15343469680664,33.93812030835419,104.11518324883365
138.61191307600527,212.2377943289715,34.16090580381574,103.92959970894418
138.6049055469732,212.42294303012744,34.18847173945093,105.42924306438377
137.6898137722446,212.31534703781324,34.5563588030073,105.77746462912843
137.7933169068203,211.07837386245674,35.21347742799805,106.12816693267649
136.59674254093676,209.61367010387946,36.113183385946144,106.10015553122145
136.38690163198115,208.77453989882474,36.84312234067913,103.75184037599271
137.98780802662463,209.87051587181168,36.803677610550494,103.87713725127745
137.60817110874515,211.453388969572,37.09022626353777,102.62685712593196
138.26656173466347,210.7162208978088,36.796888710584206,103.01156981822544
139.15766954726388,212.94061728577654,36.23403260248085,104.69990158071157
140.6810914318459,211.20510794282,36.24176165398021,105.59307946157094
141.59883283000536,211.73202672558924,36.659491309596135,106.45050369298376
142.00369005975458,212.09646179178407,37.68344758545692,107.4861848425231
143.79907489534628,213.5822280817524,39.74852784789776,106.27108574952496
144.29278358829876,214.082931886786,41.34530297641235,104.22401335216524
145.11066782556296,216.40629595874253,43.36141977295635,101.7311653275759
145.62157817956063,219.2415897598156,45.15725701250128,98.45395002271673
146.42182170210287,217.88236588691927,43.5050616602996,99.45598629714257
147.50980866841414,216.9857896635812,43.31999861539524,98.65187159293981
147.99021880136846,218.5234526381057,42.34192071307365,99.15269486912575
149.55706844329484,217.0829159789668,42.24735402428312,99.01143146598324
150.0703020458272,219.41198046554337,42.02967607245332,98.93468762848076
150.65522732103526,220.8794545132358,42.07321849498335,98.28466094079552
150.80694344542397,222.8432477241559,41.39582166829261,98.4857261379128
151.74875784205975,224.28493568877286,42.079471498602004,97.26137921563688
152.42571999960037,224.09014757495692,42.29934321738,96.13440168369394
152.25624763842387,226.39148737757637,42.348852374261334,95.6963615514164
153.01744092247014,227.61517749602433,42.620590886277455,93.80267150960415
153.86076328179146,230.5711066092259,43.99390939395318,91.22539418148591
153.5687551414805,228.596282117508,45.01323201503111,89.6219525925645
153.36264144413514,229.36613315757327,46.44409802056168,89.34605292160605
153.1901877685414,229.99642841312948,46.658230009495966,89.84794636492322
153.0988832994075,231.0903660340811,46.442569860687584,90.54753421582399
154.23191059830037,232.66876202865117,46.06476239520319,92.15812961682053
153.72633097255698,233.0745448973935,46.61856128964381,90.9311780966172
153.11002844768254,232.60686800218042,46.41475257443908,91.93852648227303
152.82905573613914,232.13733500939642,45.90500970311517,92.80964597421534
152.76609346371325,230.9539177443855,45.97891608237861,92.5062939846144
152.37757815415546,230.31081981294705,45.503106897798475,92.1849982350569
152.35524869723406,232.0806970973384,44.869160672385746,92.06245138416973
152.3785711274544,230.93712018631842,44.18185677769296,90.97390115614559
152.23763401872955,231.34495191145828,43.39568239876045,90.02373604003525
152.22164774617647,231.73492389353277,42.805823169155,89.0560244659324
151.73084197221053,228.33203757211837,42.75061347093974,87.45963264953271
150.8383049064232,227.46072787967995,42.3892649779264,85.30812848017979
151.86244818691569,226.78050328937007,41.87336996509815,84.03029846119934
151.55037437833153,227.21299727888237,41.647379096834825,83.14198193760274
151.8129753403998,228.6292805429748,42.09968112806252,82.61772877916883
152.07505111344258,229.15427580779402,42.26987076468565,82.21907754205662
152.4301342523853,229.76341841069097,43.91720241732695,81.277065348424
153.3021496154709,229.6932453102323,45.10827892229587,81.53184418971506
154.0058544671232,228.28728556121973,45.812988893673904,81.99263797057709
155.07514710658097,227.93608010120494,46.33729571795358,82.49324057211092
155.98036932979593,227.68574493694345,44.9415881086723,83.93991254953681
157.60106806848106,227.58426681871208,43.58178826943226,85.49440291418864
158.73276813817137,226.50601796268307,43.415296460968975,85.06540515429228
160.90481593691624,227.3411638658671,43.1459441343533,85.10330450431158
161.50545521061682,228.29742233435002,41.99708168432489,86.44828130170552
161.9425874364552,228.5189694704645,41.608883246222746,87.51607083761252
162.07384753306107,229.2654159074247,42.02699504821207,86.38908622880594
162.3618840978374,229.49949897219415,42.169289078026075,86.56188502455622
163.74412178656698,227.14514292828972,41.83741968239365,87.40298951882866
164.00421363458133,227.0785614638606,41.501780802978175,88.15495743893217
165.321211556123,226.5369504456083,42.4933397599284,88.07508733905371
166.3053867157857,227.5851129895109,42.77668698088622,88.23950181614416
166.43547422994703,228.39775179154776,44.224112426921124,86.07501705159757
166.5953686932348,228.6567561712471,43.57902662153087,86.38942929697106
168.38423346201708,229.28930166982457,43.09325918304167,87.21125641543196
168.6177882837609,230.17658465767826,43.355701927745244,86.66675065948931
169.2394079459911,228.185813699472,42.87608536405753,89.00402108294378
169.28310079188228,227.43430213909554,42.90964393382611,89.78663618129299
170.17848721717888,226.80213177529953,42.51325248715591,92.74491647549726
171.44092359477264,227.97162732512038,42.629188075855694,94.04250918093976
173.2078880525686,227.42550287310547,43.224002808792875,95.46915468569281
175.44670745791638,225.3596207318978,42.853263259571946,97.19266005316072
178.67890445420613,225.88499449028512,41.95576332140522,98.77138765311575
181.80930134263022,225.7936843105233,41.299827466157424,99.72476419769421
185.1259277870737,224.65550412428914,40.21361885446166,101.31481564977906
187.19347008586743,224.44119744863207,40.21462310498814,100.83810489964512
189.2832233897832,224.41025831662841,39.464999977228686,101.57764535742761
190.46239900406334,225.6869229272762,38.841147487910895,102.81230670620042
192.6538724769248,224.8686819297949,37.76279529736078,104.37474323676656
193.838855078383,223.63876203695474,37.524192294227674,104.43347022757072
194.75451695124485,223.9652946795685,37.65297206031423,102.05299069196937
196.54657343743173,224.67490341717982,37.62468312930706,100.62127812276782
198.25056007203943,226.107113406555,37.65091873002572,99.92850426218156
199.73667024817624,223.68419922956383,37.90051324858651,98.01772460682545
201.69746846059377,223.6577446272061,37.49776905763814,98.15424902517353
203.6850607978172,223.46726045788392,37.73834318369791,98.02030851362488
205.49710638360193,221.42389436514412,37.39685694491348,98.80778413591779
207.27017727538984,220.84105855926742,37.050345660223726,99.92802888349422
209.81054915418963,219.43239668905744,36.697269234319734,100.59867632195801
210.7805010173488,219.45902165350137,37.598214430730856,100.15032097152705
212.2485790038804,219.9155773169897,38.55056177073228,100.18781044744875
213.9718607111794,219.69624385518887,39.692754440576365,100.56697635267528
213.8741042615531,220.26508395196083,42.102165044907096,98.95104762254456
216.23930582168046,222.1369261099988,43.97573245230133,98.00530642170307
218.60153360481576,225.0705915472377,44.96963349537521,97.36089644184801
223.77469784120342,227.5477102934866,46.00445049989481,97.11159879157435
226.27814290059126,229.24923955912715,46.93487965983617,95.70723241517757
230.62478237383897,231.0513807904082,50.3222815605087,92.49120200230001
233.20466057589718,232.1823656880506,52.383399465932065,90.88140834875414
236.4896004802783,232.5177573662632,55.19257372668886,90.35174523242122
238.01146925724674,232.58931590666867,58.254631079368195,90.53309494633947
239.74357954970213,233.3027275572217,59.76263091529482,92.40689506213408
244.8053595814188,233.4926784979961,61.442087514459146,93.90749278194939
248.49399421667204,236.63147993150437,61.63776383874027,94.01252217048707
258.52324654820745,232.5044969099387,61.090876836191896,93.31820311077418
268.0812939840205,229.3657717733937,58.64536759689007,92.85974535240052
273.13241630577744,226.97991256297618,55.70699757953578,91.88379121540476
275.03921484769165,230.43210335236108,57.49069673365298,84.56517639913002
290.49255679457764,224.74324687146589,50.711051795569446,87.35006251765869
300.7951203497657,222.61121186939116,47.434997637463916,87.63673507994412
306.4470857684226,222.93783752531056,44.842252255472324,85.86497840940933
313.1473861325738,224.00815116657694,44.740883056405764,81.42699785920689
319.72937987528655,223.67069856219666,44.25877842925658,78.63622318401056
326.6931698129661,224.68170467083428,42.667284827090825,77.53447288623374
334.2166491531674,226.17612471827698,39.54358492812141,78.18715829832158
341.75341880068896,225.78455491992932,37.307592935324365,77.53470488602187
349.6731198777924,226.27445077842916,37.09529458665956,76.41946596490918
357.47318394534574,225.39513623946596,38.46845021925301,74.52591937793386
367.0865163703993,216.3074448424188,38.36408074878452,71.41033041604673
370.1523885876521,203.21521991738763,39.10320356662875,72.04651099425848
370.5772036393224,196.41699199512658,43.1342301824959,69.30491981119268
371.3669804557587,194.58748547208214,44.58043195504936,69.110070333249
376.28442053829957,196.27466137218795,46.12615939494809,67.89491562509366
373.1847830387615,196.37512500015157,47.24847430720172,66.41548375910477
369.6374522686297,198.59122825268136,48.28975583495311,66.07421582216038
370.12311942668487,199.67219379980645,49.41611663107119,65.21216213307682
369.5385498905432,206.80522643741185,50.42690311970778,65.09851594813705
364.71796076462186,213.0513037866228,49.99985074258316,67.30088124635819
360.09480043651337,213.51211402030566,50.07875673357793,68.94440865573199
356.4197965562795,216.55566426839405,52.13934675036286,70.1611559493196
350.0968969926803,219.1404381208668,54.926643489560774,70.97688065190584
339.91649994213935,221.84759157238716,57.06955734161917,71.38762791756628
328.8738516186727,222.294801959013,59.692295242214584,70.97987427073181
318.87039674056325,223.47962543056713,61.47127874416107,71.21975467709561
307.0936134048793,225.57042220736463,63.47271567004556,69.58373936484887
301.3817473790979,226.6990011285627,61.118057790883356,71.29437331818323
291.9320231008032,221.79282741045176,58.79529832440146,73.4520762651168
283.6088611023782,219.8068679980693,56.462570731285524,75.37595994507586
267.4535417754688,217.2851181655601,58.48623161715999,73.85214164744775
258.44789769621707,211.28164547136382,59.538167282377316,72.5773888089116
249.00350591159304,205.5721194912934,60.34113923663515,69.44830691895483
239.92671581918626,205.2052908916515,59.006533538880376,69.92777581905952
227.89708546478843,191.50899204396399,57.919857281733655,70.24884794070411
222.72565628040135,189.9240120387433,56.766470266291485,67.78441425912881
214.4767119970306,191.81037372224768,55.45771820803299,66.08464793099952
207.26690578712928,192.74633194584447,53.67182144204464,65.58819222771004
201.00067998751157,194.04941252833635,51.7398698888142,64.9904443775456
196.21975964935484,195.14864727555053,48.39818235162669,64.63403330329851
191.45115177824005,193.63834646536037,43.98531722227429,65.87636575196402
185.87536291711024,198.34191949315542,40.72704577766377,65.87030650362492
179.31301449163843,199.88446614446147,39.06222617963276,65.51738592859766
172.13332164291464,201.81647677202903,38.98525533258574,63.10916365703642
163.76800068091373,206.96520087073228,37.60291355297428,62.50747427921003
153.18969798926005,208.563027374491,35.00412495434803,61.89926176241522
146.04031881684773,209.19482928018104,32.500799330056424,61.69441132227389
138.71637225210426,206.61487918145107,30.79360708661858,61.515671783558275
127.71655504136629,203.54795461626787,30.06492424735233,61.77781633552499
117.16301950031836,200.77124502777698,29.5283643480029,61.66946755291205
108.61197092372072,196.17961904188977,30.260777281837832,59.21453688461081
103.82568721361024,199.57698633519345,29.429504637056347,59.20475827639699
92.52570494356374,197.71216838368505,27.636873886011653,60.401065884659786
73.48683531733906,197.08788580931557,34.111026941561576,57.700550804593185
66.40086384286568,197.43171570775763,37.86624759283991,58.72660977964361
57.271049524555856,197.24850847077968,42.73859957998444,58.66845875953897
51.0868790301233,197.59662788595256,44.59632140533637,59.79633162925118
47.52362123707386,197.64784199389564,44.54247142899628,60.34189036185518
43.60895283236631,198.119654971612,43.583160586739005,62.197668073872435
38.034059344151494,197.66903421491372,42.870660041806346,62.19933649957673
33.76110049528762,198.82923562094066,42.24328557949991,64.36534192116538
28.075080333567414,199.212459556265,42.09815118217617,67.14202158729037
22.38494963353824,199.96026628579023,42.49795241530336,69.43320016811114
17.179965074689616,199.03779051385447,42.99820397318616,70.89690204576871
15.41919936460593,199.5161502114522,41.72267776472194,72.29608675289867
11.208451412990836,198.8813370357333,41.63335041813523,73.02970719012517
6.090654156319765,199.10271607557246,40.79034786269075,74.82944726985548
4.685776822871848,199.30934972281688,38.96118317610148,76.93583520302775
2.405511126513545,198.86209857862204,36.67698037692355,78.54342403688482
1.492164294668335,198.6862211100197,34.030980120478475,80.95101350587359
1.336831729528818,200.0018657120778,31.28039480253058,85.28445933288526
2.0011869609180373,203.99522197026437,28.25077520202631,89.22161785685637
1.5279273041692747,203.49725008965297,25.07560519591324,92.86959399341487
1.851795098940741,204.6015787963764,22.220335770005562,93.42014692809728
1.9326705118368004,205.80586517827012,19.86178948065143,92.47461952296764
2.3906109253409156,206.549443174744,18.471485572960447,92.88047462315959
2.3460838236761603,206.64285090719778,18.098475897515314,90.22795567085575
2.4082972446490523,207.2384349878261,17.948602342598797,86.94169354406873
2.6457719948178404,207.51571803850044,17.15570596120539,86.61172574615725
2.608033507195037,206.97666400735,16.961476150772132,85.494073319948
2.614848759032972,205.22407336081676,17.333349326610193,80.4473327685321
2.5499914342712824,206.6599012352567,17.501001650804984,76.3566092076862
3.0571369721189505,208.45305686914165,16.688241851216482,74.91423052086422
3.4101658194428133,209.81531686359526,16.115964218767395,74.52119508815514
3.372684725350986,208.17092383718006,16.357811693520645,72.64577654351241
3.5642369673501815,210.9574553340874,16.145595439726836,71.9562732535246
3.351479889640764,212.6243001536903,16.115407707538097,70.78242491337579
3.508463740798309,209.15970321696432,16.003403549114914,69.43943250753092
3.2783067063182934,214.78433204668656,15.81475333222442,68.86706140661913
3.407249942001899,212.3458911184151,15.764944395890435,67.8789902220854
3.7869668563131906,218.64491777820007,15.047433143993334,69.74556321477135
4.032885480710322,220.01361444834367,15.05742492332865,69.00237856798844
4.352753397025298,223.69115093029527,15.080591386288145,67.45330726729328
4.85684061173688,224.59527546172095,14.473601247512487,69.15259199312294
5.3943171807145,227.51864361408494,13.968149390341853,70.74194663459245
5.071750643704117,235.3125192137251,14.507952727295397,68.30858577039515
5.468288705849028,236.11827249795093,14.29637433183019,68.28815796018323
5.275830907588443,238.2985628949,15.527349489127118,65.17214324923955
5.254880011622654,235.1089805145922,15.670291212236789,63.812570903531864
4.5378265565494935,234.4651140250578,16.94772935505008,58.575712913514955
3.049785951831023,233.687823881374,19.846881755201856,53.028868506821325
4.673907003956558,230.8354362294377,22.835963888774273,49.130689899866226
5.680282335446286,221.8588701306091,25.416594153834367,49.92021545384671
2.429476875094405,209.98194038725967,26.487797550429242,49.634129338128574
3.3668005991054564,203.77907018538667,28.379851085454625,50.546551184135296
4.062778751235282,200.65837646269492,31.602614172064115,50.85406259192116
5.241318245551113,202.5450148193357,37.06491594362532,47.697626598816285
5.1010552635595054,203.9349394888843,42.00962027903798,46.510330398451956
4.683217531245532,204.13411887125125,45.19826467486405,47.041186468885044
10.242320601736008,204.0355225207148,47.91091104242802,48.25608437206055
17.43695933112791,198.61485708811244,48.401413399318045,50.1894333647067
26.503563844103304,196.3978317992336,46.95600573445124,53.62540643067703
36.363811393081754,192.98294090143716,45.1054103862502,58.39127416567722
46.70394742377002,188.33295582360654,44.10595688261293,63.86622853802848
56.62150922464382,183.77989717813077,45.37384727317489,66.69359874722345
61.54190064778142,182.3436297642608,48.62059170198514,64.45975931119997
67.82281289144407,181.70054224010556,50.44471539581217,62.94423901267817
75.68937642054237,181.53352419847795,49.94567055960043,62.49162527274462
83.75310202631044,181.24777327773,49.273367091289415,62.09540869182764
93.50139084458434,181.58219099527952,48.182652262969164,61.389863985357216
99.83403190082926,182.96815525875485,45.80688373843096,61.42852548716937
108.46394373778514,183.0903370907633,44.26562791272475,60.62574092662233
116.82193128628337,189.90294230337992,44.21692538347733,59.61954047300773
124.03095687168698,189.72659127756953,44.83099682466961,58.520868828301346
127.76961192097352,190.77331284807292,48.61403981447547,56.62143223462638
131.8218454828722,189.79959928958036,49.696773236942775,58.564345615262894
136.90773082740486,187.9894796022619,50.679522582667474,60.63639725720329
143.26097518012887,183.3523704933982,51.2492294033425,63.24006131385883
147.25776804729588,183.42412572693226,52.96646482074188,64.77296342918822
153.05080287078212,179.62618215030434,53.00734543774642,67.96627747377096
155.09558759200567,178.70133304061017,55.293256170317626,68.38648500769635
160.4754939670072,177.120678466684,55.68383690633752,70.18852370209558
167.8085027827551,176.06976280760094,54.22346865075724,72.75013994524573
175.50670193199133,175.7792428290067,53.34250843211879,74.21219866025436
181.4877482360745,178.32135224144713,52.17189493467021,75.14406498323112
187.10300733336425,180.21482398326535,52.56291967069376,73.66746357303526
190.70079843213117,181.4298538737774,53.42299867463697,72.45740465508644
193.1520465304405,182.98000055967043,55.31775656355911,71.72764594173239
191.96412631182062,182.51008909864618,57.538535204491254,71.81811912661348
190.68441573788775,181.74824327321477,58.338656954888464,71.971611931613
189.0227804001696,179.44325476620054,58.64328091325318,72.84062334085937
188.65014034606645,176.79209641981643,57.37758470691482,72.20523213262656
189.74215303184468,176.27538432703756,54.50414596665645,71.72380355596205
184.67381767116876,175.59929395218708,56.64034080452441,67.31443530969132
198.48137020145663,202.29653429430945,58.87849387688324,64.53264841206764
199.3938632809369,209.51245617049307,60.99105778582432,62.712693545198505
200.26140465563404,206.76825542295464,60.630471257972374,64.8460809545057
212.20847494860192,207.44669351734154,55.429573698770014,70.25769460337833
216.762296003689,204.84871449061725,52.56744502777434,74.88354746178145
223.66891635724048,199.68155515859925,50.7256312844775,78.96019810747639
227.66853994339988,197.45186144045334,49.31692070654961,83.92968507398828
232.1728969239699,193.24603733997037,48.96615619304139,87.21654546748962
235.88617712145646,191.6833060286976,48.988094523959404,90.07623631359738
238.57364902985137,189.85856543785656,50.01539670555209,90.52836413224233
242.13532572619513,188.73095758305072,51.44746037371665,90.4393170034904
248.6018203766683,190.02621483242737,51.322680492020844,90.69837158699723
253.04551259443278,190.00934613310244,51.446298597080215,91.262249206766
258.5763170776088,191.9431583245189,50.999817194204766,90.89629685342837
262.57720037684624,193.3701040471787,52.3890341772728,90.5576997215395
267.7573799066824,198.67911418633332,53.09416965495403,89.28858596025908
271.4764668815985,200.501039016204,53.489123680585614,88.11442280869642
273.2950437496484,202.07210642278716,52.52365897799421,88.69999228210546
277.34106767815723,203.88982105492983,52.77635771063712,88.49574587914825
280.9479047876778,204.15608092589343,54.38710251320245,86.2327907658221
285.2912091154352,204.92424006814775,55.150665328329794,84.92610800308299
289.0906709287664,205.02189958207015,56.739478212897865,82.78139927911693
292.3017658063494,206.01477762949776,55.81572061715566,83.13160691030546
295.3375922369001,204.98146388887466,54.86442050111043,81.83557612929883
298.28920453001433,204.8764227072537,54.1325001408036,80.54032125422896
302.14175520467927,205.52506032615793,52.792572608154586,80.09783801528374
305.08542511370007,204.18021142816497,52.41900337040475,78.61634841045182
306.7729449771541,203.5455522385568,53.2551572050506,75.80809158291152
310.14277671192906,204.47405065195855,52.18718992156646,74.5273246264274
313.87372460769626,205.81914594636456,51.57040073174714,73.49671724856051
316.3464882852746,204.98840600993566,51.031058526736956,71.6460392043956
317.42784528017904,204.20968499341654,50.55063866725331,71.06378297045077
318.72234741961125,205.6756894168274,51.11531256717617,70.12696879716732
320.28506848128427,204.11590822540978,49.8760515599342,71.16262166843639
323.7478955726516,195.72311978858556,46.084957246965864,77.49973987051499
323.4786546023148,173.73866178959122,43.37610399209804,79.45488099667747
327.3110708011843,175.61422512015983,39.32368714649826,83.26333656896924
334.5983404982255,177.34988774412636,35.80060515750614,87.87943655296976
334.809245833097,174.95363926774925,34.128225382614886,89.65924749154857
336.30211528475485,176.2377567112572,33.5739935898949,90.50826490670252
337.122901998606,183.28203811556756,35.94009294890536,86.97058443755932
336.7206363741399,175.61556050401379,36.10724461114094,85.31013908693637
335.19796862615533,167.12912264613647,36.36296924437811,81.66018345808655
314.8222154879111,162.97805193533233,40.519409450309965,77.22375562005124
321.3786774944468,168.60679535689303,41.673231004560286,75.87500786689567
329.86103263321536,175.06040781536694,40.703179197176915,76.77043149425933
337.44902042575126,184.83438040365849,40.07619958378487,75.56115704826712
344.50678211458205,186.36098189160782,40.279991162788285,74.7603125089529
344.8226017671566,193.87442796451123,40.23404432294451,72.56203364439608
343.4879914836231,200.80397917238002,38.95828569918518,69.92939645387823
343.8471233171176,203.96942689750426,38.22634881516028,67.59246925199707
342.45841939397747,208.70841555164836,36.55267252447764,67.13624906956335
342.82738273684345,211.26298348876958,35.12956511507855,69.39113115873033
342.2485591397177,212.5658835863731,35.10276013323599,69.54813451805818
340.72471126430924,214.15592526425542,35.99411123187707,69.19344984584154
341.11766380254926,216.21697023689876,36.52846715698385,69.17926147373603
341.8817279277636,218.01433398285837,36.102198595313965,70.37304239703893
342.07564267911056,218.99560619540046,35.82115059021784,72.43112833160441
343.25233972511,219.59888518653622,35.320036995769854,75.82686145651064
341.8610826098676,218.46533409208035,35.9156353517735,77.84480933102361
341.5582193182071,218.16696919711134,35.32566021676416,80.13204128770968
341.3933278225286,216.42212411119715,36.01020278205763,81.32096713725718
341.3189122892295,214.75508684902152,36.883620037449006,81.7395660546901
341.6854949441582,218.37933529465312,35.482587961138684,82.25823673163373
340.8610397990406,214.2138373595991,36.45199421447056,83.27560392818829
341.0423039832332,212.32483075994713,37.08582394268503,83.69435942943315
342.3891237813844,211.21266261988097,38.748735516731685,83.17232205615355
342.83092001257546,212.5182099321322,40.452393287046135,82.03336845910167
343.91262739105343,213.18326697615115,41.529049111526305,81.35014018334635
345.5511438964194,214.55343069794827,41.732306990534425,81.3236558469756
347.4527848075587,215.38772861454137,41.04177498324299,81.37169452573704
348.70115792246264,213.7229099803703,40.55259997383307,81.12075895052753
348.2267372301308,214.13649372437283,40.202564357688,80.88504334583853
348.8644219459439,214.01820241198993,38.63028449110053,81.92877216220134
348.012709269379,213.28068328471113,37.18841136324274,82.11342886597004
347.8390786275392,213.0874495901219,35.48838780538485,84.09114369453295
346.9928526117606,209.30999346347375,33.663749993192006,86.36387182383632
347.33399580531085,209.72036971853538,32.55132555458172,87.97770464658359
347.3753406151165,208.8803595252006,32.105859744927905,88.57128148981899
345.96302631286045,210.7696097243046,32.319831849577376,88.33482096282685
344.5246722072601,212.51014952291467,32.54362720562967,87.73718233698114
343.7752670337988,212.28578532907193,33.23351359282026,86.0643213024407
343.39150413055455,210.91546566568496,33.90189626674133,85.32973041223468
342.19460282321603,211.53479644530694,35.03736865547391,83.63775970444064
341.82563688111105,211.11564016477644,36.441613293838074,83.3125048416812
341.1944406461057,213.84732471888964,37.019523964246176,82.222740984767
340.97803893929705,210.85244083473992,39.28235996491489,80.81337793183846
340.80403228282654,212.83849395435362,39.80591183264359,80.64108472476133
340.4923384595193,212.19768649148148,40.20105006350277,80.7330151402746
338.5820831956303,211.13207730257443,40.815513771593984,80.71210172220552
337.41350159786174,212.10538102529188,40.25439539288173,80.94089882541562
336.5999992457608,209.98172490415573,39.13457106418569,81.88529454089345
337.1136118614979,208.97866259068152,38.56219799650324,81.77423095258615
336.8972325609879,209.49520097519007,38.446422085003334,82.1663849250699
335.25332317341935,208.75683014760236,40.279085368311485,80.56494126034482
332.389745295195,211.10477291622266,44.14893535960819,76.64879671231247
329.8461582514564,215.86784655242258,45.09988422354411,75.62349534903123
327.72888027294823,214.58727258700839,47.96998209645399,72.79411603147705
334.99638812393215,217.19187512229746,45.29154236036753,74.83420190404466
336.74501749302203,217.81147004023262,42.37810074655455,76.67228257598686
337.9517674115959,217.69688599168666,40.165375623757555,76.38141731355121
340.0740189169623,213.27450873873227,38.44802825076579,75.09400972534377
341.16202853872346,214.5813740227863,36.977519325522735,73.2675033903862
339.1542348903911,209.38158337765765,35.493197221247556,73.90952585801163
337.1148379497177,213.02605265766556,33.5020619796695,75.23664183290794
334.9072404434603,213.63371292710596,33.667275111996325,73.60519584746913
331.37277244382574,213.6151468101796,35.87393646450645,70.59995752353682
326.7980443494935,214.38195618983536,37.897592043582236,68.14302508691438
322.1099699600063,210.91704674216354,39.85848527598684,66.61890072969453
316.8520737162221,206.1306307312213,41.78874843616267,65.83257042095158
311.1126297155754,204.13679020835315,43.01975454811286,63.961584569867796
