450.5,91.5,31,37
438.5352955769449,100.1633281013306,38.176772890299645,30.65094389499505
432.5204829312213,104.96866835796662,40.816858463118976,27.138443675759873
430.2404940581134,109.8749475413666,41.65856376174855,25.475854409912078
425.1050441869416,113.16345924496962,41.27305996252733,25.304654710286606
419.9621107203049,114.79121314992621,41.21359475010982,25.158519277769052
414.7620093718823,115.96000939156461,39.4519379346259,24.95363510557316
410.83475713055,117.70183113050764,38.71154037871631,23.689224902146954
405.74147579460595,119.06745525167563,39.55964308203747,22.090177139318428
401.4807373008904,122.21997388315478,41.69774156376184,21.128480750078374
397.6339034936916,123.2757647731067,41.33356120147488,21.495499233770122
395.5432186304945,125.12976903317535,39.84460707914469,22.44633947614502
395.6583734268156,128.18084069048962,38.62455145235704,22.82119496751625
394.65270867662076,129.98051542770352,37.89915228453392,23.064119920502357
395.0455839906639,128.2854637917454,35.06028748065119,26.337212166870657
394.7871966206104,130.48600117651134,32.91783532637947,28.57293577914418
396.27752026736516,130.63736051705908,30.675409439806558,30.06016734962801
395.54660121455635,133.80801271895234,28.378728849592886,31.46042292814124
394.4132606609923,139.69771631002493,28.0461234004771,30.209535376428214
391.52787109269116,145.66540543932874,28.45294894668627,27.52772290608965
390.44093379639776,147.36647617905345,29.15941655112917,25.543909950276067
389.7374753939701,148.0121985378272,28.44047814854125,25.745842799066182
388.6780027403052,150.99448700251654,28.22913361517282,26.477026596616238
385.33807052763575,151.4331932194078,29.138404397323306,26.45052172699689
385.9714792383165,152.46147423745893,30.1576470707952,25.855694343413866
383.3729431608925,151.329037540575,32.92507821726615,24.904598889906957
383.8140764930028,151.51973805682084,33.83136860565771,24.64020667014079
381.13846936812934,150.5372729800086,33.425160408200135,24.860967469326486
376.6380774891731,147.85786576645646,33.12665541641772,25.16751482184584
372.72115759135727,146.15632608931176,32.861850955457626,25.525942429385363
374.97414172747864,144.8427632341058,31.477311411318468,26.160930826908157
374.4981935981311,147.0638403041411,31.2912312620089,24.69333742444743
373.6583102428882,149.85852380060453,31.03462903023386,23.243995570375564
378.80018040600027,144.42362773708024,27.45589196557587,27.619671867956363
377.5821753320936,145.67813629363377,25.016628885697614,30.62276117345892
377.4899064172736,149.41640187155338,24.142901267721044,31.59523991294438
378.3331515075945,147.2681220276244,24.763708078427484,31.83014837094396
377.0018420282924,153.12390621102492,25.371603774244868,30.78226294176501
375.96104198822087,148.2956279268458,25.7017901514231,31.110711676260912
376.95950684199835,148.61065684165865,25.743234152593118,30.362895580007418
374.32669390313777,148.72866033386418,26.05962363733946,29.86228307344061
375.08891409645884,149.13738061454174,26.345469772608887,29.445803762152238
378.4721056941404,150.23944854517381,29.034590994665166,28.090642128793377
377.08939576060243,150.9603413766791,32.19632208524804,26.227895055975573
377.13966764839233,151.89781549800526,32.77096440729025,26.002664263465185
373.19151361533125,154.07412438913968,31.281963254052066,26.66347230822273
374.2809445884071,155.37702580723425,29.839485401661747,26.786090921694843
372.70770874190384,156.09734841300607,28.07747025155914,27.39695580574749
373.09196877601147,157.0992527669851,26.318314311456632,28.632279978953978
374.6955133796867,159.45018115750779,24.753383016360573,30.568942008180855
375.7764788587718,161.84850187764818,23.952603753441807,31.992011871610973
376.3827346308904,162.76138666674163,23.99458198867694,32.74560468584963
376.2527390666819,164.96615325256548,24.722856055097488,32.13827016265468
377.7936918475452,163.72545852485877,23.70262866452881,33.59938426368272
376.9046590625228,162.86329915594956,24.057347953521912,33.810734461309515
379.8847638257141,163.36690953070735,25.093448184371915,31.743347233636868
379.1424939122388,164.39047013334013,24.83948884674124,30.55297472851323
380.3764990781689,165.53524339253778,24.915062861652366,30.35876226315749
383.40207379412516,166.76531369775708,26.274040115836033,29.097118232842767
384.8829807173105,168.31944582226578,27.844296429377447,26.75162350410815
383.253241255601,169.6250050558771,28.548668236097246,26.207716426427098
381.40809338385594,170.27332689589173,28.063824552402252,26.478470102431178
382.89944649735855,171.14484048515345,27.333432177707245,26.711428331737025
381.54780836614907,170.81546090732337,26.694590892137274,27.15163209656236
382.77644050809295,174.0166805132306,25.720006809780045,27.567315748517466
383.7420448990281,175.188589963188,24.05838581291526,29.753686362762807
384.46393415728335,178.3323794809103,23.792764625964026,30.157844025468815
385.8395462347311,180.16617038696728,22.907033411017643,30.834903422003553
384.2275186715886,181.6417893953849,23.28598837288917,31.363219819917425
385.04567190967083,182.17879434329376,24.49082884267807,29.952378950474575
385.8979464095001,182.25585958860498,25.190942213701327,30.149890770471483
386.0829864835995,183.11540701791637,25.07068228299274,30.49322939306515
387.4767219621822,183.02940788781714,25.593502377692,29.66806924509858
390.8291263438253,183.49777929196713,26.02515344182887,29.324640130798855
388.4567011023762,184.2238579714809,28.238299737333776,27.83789817501823
386.6536671232291,184.78075606002366,31.924342279909446,25.22727391870907
385.09650164094006,185.03634261321582,32.938591323863776,24.903509065875234
381.56552558290576,186.84160290878825,31.43622859770826,25.203497345808884
382.0933886431884,187.22543029874723,29.491776659939475,25.846449307796142
382.82437761057986,187.93037889469284,27.68594870856264,26.774233647811034
382.7081493298312,189.68017712341322,25.85599253125988,28.39566656735392
382.9361355909337,190.15527083581273,24.28089726544826,30.40177773226136
383.0938200877369,191.60306629369873,23.18093653743256,32.26125416496956
383.18161238198144,190.20083956117628,22.437500882354165,33.03403062233927
383.30550679062975,188.68637209627838,23.757417696313574,31.067241350932697
382.9095484705433,189.0966565832322,24.125899840560564,29.646296128665362
383.4191230569209,189.0930381455609,24.606819213146856,28.72294952698772
382.3843328522474,192.13349299088426,24.01993742995854,29.25776392310244
381.6142314206451,192.09648753667764,23.660912793201184,30.4269486672701
381.00120762228744,191.92258437544638,23.50316167146407,31.096951145519153
379.4323955778695,193.17615120447587,23.777363366501177,31.189082824450516
378.2340647647852,193.26937614965072,24.628121667588815,30.65945889378325
378.23221603871616,192.91852480621344,25.320693424021606,29.740528932189825
376.8664270840653,193.97401691664027,26.24811181126661,28.368038630708746
376.9635739717893,194.9277840201015,26.585193861223857,27.20584870498285
375.4951960670179,195.35307337730097,26.313445709203464,26.17684973003533
374.4119214827878,195.491799078233,25.7414921368037,25.91420306115711
374.1764209802684,195.19403713874783,25.364487608624117,25.471458254786512
374.3744503186162,196.7269241081681,25.14060335586158,25.691274487759934
374.3909397732459,194.82855596568263,24.318965470047285,26.908464559580878
372.4690010045021,195.28682248218786,24.763338822811995,27.760448543934892
371.8983608498673,197.36233239001047,25.34324941496049,27.7849591619445
371.57629179023445,196.08926186316012,24.306602712715865,29.401606907577857
371.161547618947,195.1647157328629,24.01733976783042,30.752589201655763
369.03537036778795,194.9777033662033,23.97684091474082,31.299611275534993
368.5727773534603,193.7801138651874,23.928911916445294,31.587564621057396
366.37134914618883,194.29089491982344,25.080348071512557,30.628701032505266
366.73326556681303,194.50322861526382,25.67011398228592,29.746955184745815
364.52436064846376,195.26356560776162,26.870143944182853,28.40461311131415
363.5453888263208,195.35940641201958,26.546730061689626,27.498743165472153
362.40510327611173,195.01780442317101,26.54358233772105,26.51577237376773
361.9689523277081,194.00958265107164,25.836164452652703,26.436993444821972
362.5180725584951,193.51297697343583,25.133806448573523,27.080828777277894
362.4512850667039,192.4178890921423,24.597144308189662,27.53631220473616
360.82907848451555,194.57809332930842,24.338860958436698,27.332209558498413
361.2285628923985,192.85878534577347,23.959892755406653,27.539257904337198
359.9115196104433,193.38128524871004,24.08417101739129,26.66353674993996
360.3090128003619,194.51057679483887,24.581552691943998,24.944097279603845
358.1478968365257,195.23020528998381,25.123732434557837,22.94587412949339
357.39549965754935,194.98660849015835,24.93212996481282,21.552667071490546
356.5207254694102,194.89361271382936,25.60249559706489,20.24440391585843
355.8351467862656,194.90862458399943,25.184816603376394,20.069953799890776
357.1933255695317,195.20280004000978,25.150130656259577,20.082802395583343
354.076155748017,194.79685454602924,25.068520859286462,20.003112027019036
354.08844151736446,194.9157854759337,25.046167422463668,19.454342177469737
354.25381798678893,192.27175968425956,24.90858729607661,18.745825081008448
353.49201603596936,192.62806540448517,24.997986023269625,17.575578208075434
348.12200216677303,193.0268934300519,26.161790388249223,16.138327721250178
344.9587952673463,191.91176716784776,26.95353097314384,14.971548461600825
349.2663084510423,189.99406954637465,25.53731995151613,15.379284908236638
350.02589357108013,189.2318048530183,25.609734513114255,14.3701755792053
354.0673069324703,184.43135148371152,24.844801772267566,15.900119411935044
351.4688054295786,180.9876530402612,24.927871691655696,16.921911421363795
353.1077797973706,183.44779015389648,25.595533240876946,15.12158891909932
351.75489128086446,182.398371336044,24.05867740798356,14.792209382181609
352.0758240605952,181.4705393803606,23.18708687508187,13.886920820861619
352.9833925053547,183.19647430436157,22.207205429612678,12.68427229778035
353.3845746888223,182.6671637063399,21.05068614805994,11.56977204149216
352.34543603256327,181.7649363060837,19.63930057491215,11.054497513849023
353.58774314334596,180.61608802627745,18.298151633879513,11.44591748978994
352.2425364286281,179.14278017007965,17.8683770654973,12.107327361121135
362.1065359755709,179.68912717363077,17.68798348613802,12.943564113448815
364.3678128788136,179.9805615718756,17.849965659877288,14.228028013873816
362.5706112867532,176.2085146317199,18.325952773059896,15.529565799061922
360.48944359910297,168.79315257800442,19.24581907601856,16.4620507707507
353.7505509187636,161.32346042517904,20.02663731175829,17.4270765177467
346.534063400683,158.1158594743786,21.22722194417191,18.48575252136784
343.99198837296257,153.12538167565384,21.78318138681985,18.971198971173294
341.6658819625652,160.0222308165591,22.877643267291692,20.251601183747564
349.5346247698633,145.2233005762367,23.656530333359534,21.202017893030003
346.9075048011253,147.3410381219008,25.025508019935273,22.884521565282164
343.61700604494786,143.91320561659262,26.461598057772317,23.201395396241523
340.103778392513,151.9900807541036,28.169280092988743,24.435769587161964
330.05723267578253,154.9196995440812,29.62291191646436,25.576703668583704
319.1625086086665,146.81585286225067,32.138457157629944,27.166586782916173
314.9973534109866,151.14432791318708,32.58396568836575,27.66976241346522
310.63669459911665,148.04931306269776,32.98289847781607,28.187493683047393
306.83407970316733,135.33474470305578,34.97877329687534,29.789638367419215
302.12753358550793,126.45810132210889,37.39410046795466,31.648855457682153
315.9912443856873,105.76042717926563,37.04896112467601,33.49555490914014
311.10773003405814,108.46147029810265,39.13567385655983,35.80556965413213
305.5552005768758,102.0650370213026,42.194914442067144,38.570285649260526
298.413331541594,96.94438139031826,46.32026151379034,40.88803390768918
292.7477136716573,100.70336693417379,48.97106111932537,44.423186294099224
285.871590128256,104.81834919522602,52.36369001917732,47.6023633125221
278.99655992761234,107.6076679546239,55.85086532677565,50.75304345882643
271.6568689345457,110.31854243243069,58.52541695249636,55.020938363076134
264.19053993636345,112.68695265225642,60.575530431343736,58.4450952870111
256.4021028298645,116.50496639095212,63.49877057299156,61.731531226672935
256.5692195801588,119.767212891823,66.78934967539973,65.51560717939896
248.67219296248035,124.71540791980595,70.31247738890606,69.07382508699504
239.65383348318534,129.19660381851665,73.7953576176377,71.68494155220795
230.60184020157658,135.76162839974273,77.06121799829904,74.45222839592032
220.49472194847962,141.35706606774005,80.73651026010822,76.47716097465954
210.10019548563832,149.2877092969516,84.76867002783183,79.8293411605236
218.85442149096806,156.27464632487323,90.05678021199657,81.63534095264173
228.11353895549559,164.24967372782135,94.48478856907437,83.82007084523183
227.60237770920597,168.81995616041087,99.08273862703747,88.61742178205475
226.21051611589482,173.59134492786256,104.5860410334779,92.87963692293263
225.1194618724101,166.95197244342302,109.65206089167836,97.70007653292495
228.15495780317698,148.67319241260424,114.72177604613586,96.35766558626176
250.21535934385142,121.31355439618343,128.93803198578308,81.43375314254088
260.0546881928942,133.2438959564094,133.32114758786838,75.62570330761136
270.8646655435622,134.86006692837177,138.55878833025807,69.29654744652663
295.6050421721542,146.1431497088029,138.40172739485132,66.29889957060091
290.5962348669408,147.24247064748522,137.99157520535138,61.183229027693635
284.93452051324124,145.67597030055998,139.34784273416167,57.680102726457456
272.51894682638107,145.85166755765724,143.68810151230096,53.677763025647934
281.16717220862716,146.3147896356113,145.25458486035757,52.341924065691266
287.9524278596931,146.78580930512666,144.6113673356915,50.2974469920567
295.6979830482834,145.88373230642551,142.9549651723171,49.243571385500836
297.42422428532876,144.9552258997468,141.516188190246,48.753598143484105
297.57723983902287,143.11191132089937,140.68110917645902,47.7411544633494
292.5189054326002,144.33613112482115,141.0725554017189,46.30322601540268
275.6952225258798,145.03078243818592,143.79275904474952,44.72569418544895
285.6539222645631,145.15246199350065,144.5692282044679,43.656137569822256
291.1877678894553,146.63516565017713,142.33995877627777,42.809585256011545
294.0812343976085,145.31166364803815,140.65390733650938,42.19254426021321
298.0151955662375,142.42122252697618,138.83563995988376,42.68636195002999
297.11921899012395,134.90138836178647,137.50741250526886,43.15646832209644
297.3535933794278,124.93708602816542,134.23139248451932,44.27951001631605
303.68816307547945,122.12273532673686,123.68732700217566,47.87233824450584
304.05817038045257,124.29691817161346,118.08907464885172,48.729563756534866
308.6015075629912,135.72725523221172,117.67091548915784,48.18290788485006
303.7077144489292,144.15160491503383,118.33911504430802,45.68802359794119
300.9667146622425,146.1778292710615,121.4390652955532,41.700284877102476
306.4296857483041,147.72395707766847,121.29999217250223,39.591484266196446
304.747336511912,149.30378729457738,120.37454858596028,38.66640649496106
305.04864847206284,150.25251779161658,117.60430472203983,38.227773115666885
307.1526829209036,150.16021529207603,114.87954199386817,38.0114511969566
306.060032575178,147.36418163896076,113.62943099365377,38.061686532972345
310.81007748910844,144.3115075907655,112.77592090822456,37.486790660399215
311.4415865649421,140.05761516818743,112.82093622289626,37.422081952393754
309.45779731954633,133.95979653787754,113.57017670099248,36.928239385132684
310.22822780936724,132.27332659021036,113.89759827788453,36.254547944254874
309.4691108643426,124.78219164822555,115.27311754829726,36.53584050278502
317.7334332310488,120.6521742856323,111.38888294824659,39.134761488957835
319.1395529785716,118.34097643886602,109.4214222889746,40.35790905932145
319.9238048287569,120.00421594020915,108.97938474365617,40.140155366007164
318.9078327366399,121.287696973473,110.06791555108202,38.92084811896796
316.34708010030306,123.99854186607654,112.15052450150534,37.39672465227286
311.59135505745974,126.77067276302533,115.77685324167197,35.23682221811649
311.1169546689354,127.73810855636488,116.938007129034,34.15409654170045
307.6190526623848,129.04076741948944,118.55664773194846,33.00591866511411
302.3264728741021,128.7732702081933,118.90070032151436,32.85724077878453
307.2099553202009,127.58972752551819,119.23892952111363,32.738027583038615
307.2871737716596,126.20223750208662,119.90114771758822,32.45026968815981
308.3222470969165,125.63153690513082,121.45310118189667,31.42138899501696
307.6368114203742,123.95280343277253,122.11825085863167,30.92504396043972
306.0625856815702,122.59358527014754,123.53721730129703,30.244718536422106
306.55304390366365,121.36010244801814,124.15678653959763,29.754602147523563
305.6926580271136,119.80763492209898,124.90169787580855,29.450287416799622
305.37477393783206,118.75892899069929,125.56112075183451,28.92665178280336
304.54632090137864,118.13670383079099,124.41867417886738,28.62795549235995
306.66808943687215,116.61396691497224,123.93418556979435,28.468501402702294
305.50549342265816,114.55745285813171,123.10654151385658,28.874466556712306
307.8359086728138,112.32410171006666,121.7388287751572,29.953506442106338
305.97154016584034,108.1359047404838,119.81255794990126,31.922793504898763
314.42652931574395,106.0702442022145,118.64166770856568,34.283765913338925
323.2879672455147,103.32114444404658,111.47921951473464,38.952064866911556
326.2301602217712,96.57163374132966,103.9033381436731,43.26586841498453
336.10130339587624,91.91962747997087,92.36701016185707,49.20017645276256
336.6343098581501,85.2789636475841,83.21602294836885,54.75023046641303
332.72928790123785,77.16491814670759,75.84153374299177,60.725122844508824
333.54605756277704,67.63452096029107,67.6423115318824,66.02852624138971
336.2797232831733,62.44364238932553,57.73403637313327,74.46528285403156
337.76241331047015,61.58394433844317,50.8755078962984,80.33855430674843
327.21867417502307,59.276618685482646,48.91102617573744,81.42377689219524
327.35144625485555,70.05079954337836,50.38673312710304,76.61501821900634
320.1168254645371,82.71740486839523,56.28790620340641,67.47168794006635
342.98241062831966,74.17145393524171,59.11091983580231,65.09995340805794
342.86392419743805,78.85325048928405,68.15876859020463,56.2879451993988
338.4171089011527,82.85868780645032,64.86169292972362,56.52321295245639
347.92814504810457,79.27603363572418,61.957286880326706,58.11160412243041
346.6071088159468,76.76007435386038,58.744950603644966,59.73248547950823
342.84359642934083,74.62056037354036,55.52245030666638,61.037198512093454
347.7641082682206,67.25950283284604,51.68782626040717,62.42450810489568
354.81088723465655,62.90334976343728,49.07220984059682,63.6554852794798
355.0948059760612,57.33393689110277,48.06843057221355,63.45404670377526
360.69335960878345,49.84990011612565,49.520722110479994,59.75355450360743
376.03613655074747,40.403746024981274,51.09971748192302,52.959129440046574
380.87482975032634,38.82600501818784,52.15214847320715,49.61141521416201
385.62491921625724,39.59208993181632,54.24193440798352,45.92663508493362
391.14207581200674,35.62494858130554,55.89030039281514,44.23377869446348
397.9424735631294,31.37393710045123,56.08269775403416,44.31720729582054
405.6236999140109,27.54411491448039,57.150775600366885,45.63123389661354
418.28842612678557,28.249670202388764,57.550300378186705,47.18700650332242
430.74160474237794,38.69262967824503,58.230141953764615,44.10148923923197
443.21657672966586,47.070473608054925,59.90201270697197,41.24524309866735
455.3372410012668,49.50301568418003,61.246137197217294,39.7454486345275
466.85593098495315,53.104170572349204,63.88637144188073,37.968119498600515
466.09286131790014,58.46596872228515,62.35139622634998,38.42405143511779
468.3328859345113,59.46903616628646,61.52505735842301,38.6380021679953
465.4481417953045,43.24893441045326,57.801433072749816,42.304606055027904
471.81541763188613,40.913747106880386,53.97550509495995,44.08723814279499
477.4257483720009,48.413444837907704,51.77529134574849,45.450420119094844
484.08470903654353,55.6713590883041,50.1069433427741,46.07195028376836
488.7330325761913,59.528149889233774,49.84177514531448,45.8626401891722
503.35096342172267,72.17346617466096,51.289955431180466,44.714858494172326
504.96029788308374,80.50054933840096,52.214132615941296,43.45209250391156
506.9733436840242,90.24354975699949,53.53182630001,40.90596440841372
534.1700081262924,104.81642499850165,57.93512064545419,36.3300953646184
539.1143825448588,113.09397294859754,60.65840565231543,32.58379920807894
535.8398239063869,117.09431856978593,59.639180243559906,32.41627790283596
548.7628680167869,126.06249660607727,59.48199583135343,32.22592593486753
553.6606857524217,128.3255943740494,57.31393432706379,34.00293922689568
560.7409213528356,128.8763849996123,55.67890429597492,37.46242794113242
555.5415861398765,145.91711460416212,55.531983367522926,35.96069971958162
561.8673831082725,152.01198059398672,51.556867816656116,36.835271138064726
564.480000156497,160.74670139389985,48.62915483455665,37.77395636929316
567.0055444113551,168.97603764039638,46.864823317180495,37.49686537349251
571.8848742307407,176.69131158712648,43.74087446713604,38.18546001238094
573.3679515300317,183.7087641613135,41.71937868441472,38.84858628948299
573.409236273871,190.2350583479887,40.44219073322013,39.48565035906465
573.9300810008265,199.54944486660295,39.40333296233757,40.40810870611354
575.579854667908,207.68182932396832,37.92259895214912,41.91659990795993
575.301550031514,216.0939131590062,36.5738303600995,43.93838713290372
576.1218043834159,223.20072752329904,35.220304639646464,47.286470669332665
577.7015717163489,227.84693107060357,34.59961241343184,48.4865991658491
576.2614680490931,235.60026084277132,34.22602698518713,50.14913861138176
577.6939111452931,239.19376538880064,35.119649236619615,49.595441744664946
578.3191586760069,245.92727182425259,35.46896501389138,49.81898730729377
567.7507526002792,266.38917230269396,38.428609272890824,44.18619434601652
565.7662972443054,276.22305448130413,40.732393422719724,38.519420856410896
565.3174938811313,282.6466352553242,43.53339377528091,34.62720010426914
546.0846886625344,296.16716907931925,38.485187378978736,39.17761461875466
541.6009395146815,301.1588263406453,35.625624021547296,42.24228040463527
535.9132500552631,302.11721061804843,34.21134248658774,44.333100236364686
529.3527551358851,303.8638821426813,34.49449605977973,43.99852274152702
523.2724898637471,300.7401274758336,37.17273538243724,40.38833172732201
514.879291324756,301.96687859644123,38.50185706979428,39.02739788362877
505.09385767864165,298.1122171309953,41.959967632896976,34.70376564484283
496.9915979331839,298.8702540358122,43.62268662485005,32.36252173547376
484.9447114042722,296.6696760069815,46.3129257471266,30.230035977949672
484.5605456856365,292.661639956207,46.862542753469796,29.35877611691314
473.3895795040124,290.60194029329426,48.52613992689875,27.956746380848998
482.39940762111036,286.55377793251944,49.58198418098398,26.890491565960712
474.8406705926779,281.9975859293282,50.0011063778026,26.25711370100531
475.5113155540138,275.5436291699472,50.23359949517744,25.924213964457195
471.61066396251346,270.7029076644358,49.36519442622496,25.82959877845849
464.9016644268926,266.3850600173761,49.70004072647068,25.09822482819326
461.7548200823185,265.2469336058493,50.03721601077267,24.655400064119128
461.05737280710105,264.1048694197503,50.79438407547826,23.945820541038216
459.28329972063824,263.26549189031107,52.067991492987105,23.14377759385885
459.07150673282126,262.44929533093017,51.04845818113017,23.277466279179535
459.6159190786618,257.7401548438444,50.54505040248154,23.591790077142633
459.18694323034066,253.8028699135647,51.126073674288705,23.905742013965398
460.1479844241069,249.58626544169212,49.66095008731048,24.983239020759868
457.9349412132325,243.70581091735244,49.22880734875049,25.362059408245408
458.0511237267205,239.74765115443185,49.24468411886403,25.074176282109036
458.98405062633134,235.64920958894302,48.46879673600133,26.11796798242259
458.90777479028,231.35392229194065,47.7594330581437,26.917754879588998
461.45909857584917,227.67673111009933,46.84707975275235,27.77234132957532
459.9083929810623,224.16748045880675,46.00542529901555,27.79589281450304
460.9157067269101,221.49189606137548,44.59313904200392,28.119472765066224
489.93099515532344,215.48509377174457,42.98066826427879,29.258356770902765
487.48663298591924,207.48340706212952,40.465995519804736,30.711100574349175
482.7817601274293,199.21634196921684,38.43196033773679,33.17647370298462
483.7211974589194,187.6522454345961,35.98572682332385,35.79061724219677
508.1884311357247,160.7469476149987,33.97610230418583,36.41344966728026
483.4589086351404,186.19418507843602,37.06988241277632,33.43748517741733
485.2985546186602,164.74073374154221,38.83861853335276,31.376808963265486
502.07303664567957,159.0292162187846,39.27920220880614,32.0111248315346
491.97046960557606,147.74568485441117,38.80560437067827,33.0699916832063
484.7504855262321,142.2281380604741,38.44341226630456,34.36789216347544
477.264736034271,130.99467717378795,37.24285695945532,37.95087610115437
476.547836354701,127.72809007743402,32.192805362632186,41.670877238213436
477.47614844515334,131.26139155605196,31.448325890360948,41.58955002636939
478.101607010467,129.9166985447261,32.70695694698951,39.44924082425919
475.76314449438973,131.53763515746124,33.544469528353595,37.19141095854536
482.95102971209946,150.247560839064,31.90258867270707,39.23188292908007
478.22250685987837,144.2586281986575,33.92521045365689,36.97667974370656
478.2356406805893,128.8434832995847,35.34055505588735,36.02908601218905
476.8040013912525,130.47332878055352,34.285915429299706,36.86833303853266
477.33040489738266,123.77247264126376,30.151480809693844,40.27968124240517
477.0209792041127,112.31643174894776,28.469992974279418,42.25775538238385
473.98573160407466,121.12878415097248,29.5454639701013,41.60861744234806
497.05285232455583,135.02294011438326,35.58777434798668,35.283760715721805
486.7830419962528,148.2960237638596,36.40773138459761,31.8215243860074
469.94529646353527,154.64195940299354,36.442807258382224,30.650730263806437
472.63489595733535,161.29692790625296,35.99055586447102,29.14475501113284
475.1484248548735,161.45909351220416,37.971227599729275,29.32485468931374
487.75728386758635,161.45097446235144,37.4581337503289,31.18439551576479
481.8211019711935,153.5598720775103,38.04438952614682,31.4509380921487
477.1774246929728,168.45638198320216,35.38341797174842,35.95031482617514
472.58157418054253,181.98928237665922,35.63264939974616,37.428005402786404
474.0441691824977,196.14440499318803,35.37151212067403,35.75756882451395
472.79777987426195,206.13702739788857,36.95204141043957,32.832350183936086
466.7906349990027,213.45907064613797,41.98934427588732,28.560072693174607
474.19233501431404,219.09307447743157,42.35272567074077,27.11768568183257
476.53280475293025,219.22906357632488,43.35382307018672,24.877720065871188
476.0923091317144,220.9526686929126,45.24358310953923,22.954602864578973
475.181111031957,222.40460282085888,49.08111102101388,21.44905266097829
475.2328025477722,224.1583818212231,53.16685495776719,20.88487716185206
478.74299868184363,223.55387186782679,54.51975656627239,21.855121070290664
486.0444487278436,226.58825269935653,54.50308865963619,22.585562803074716
492.4425860748043,227.56538523408648,54.19936290828068,23.234783079455262
496.50264696244454,228.31031105108747,53.85255179431613,23.86146925482526
500.05534665445634,229.8265069375089,54.853159986281355,23.845933675524844
502.69909619259,231.08703654855745,55.90570636213191,23.599664263608393
504.7159281484408,232.66404391194402,57.00752237749325,23.40261259912164
505.29630557979107,233.59985807418485,57.446482270804765,22.76100289036267
505.10791384440523,235.0412582791963,59.02619917224813,22.383021635079114
506.4401365152984,235.98112333423182,59.15425265744244,22.34322170174302
506.0353129812935,237.1145044035579,59.16773634530611,22.5743643406177
506.90515597573676,237.77174854650696,59.15238078168207,22.68375472445834
507.41921510214047,237.4398799178616,58.7683251671574,23.089064898256805
512.6052480863681,237.58865955752856,57.20183552316502,24.35766272150775
511.53174045856144,239.34810997564887,53.88175301953157,25.338003714185568
511.0863694445982,241.09952194984376,52.04522396744092,26.463764150713985
512.9117016498134,244.17957468618988,48.80418776946243,30.165237619366966
513.6804866266878,247.70557396454564,46.54423163435919,32.856744540560726
510.042964886731,249.60703326831373,45.63108179304465,33.857717591807486
506.42029533364433,252.08470562170982,42.88453857499933,37.79183821704656
498.1399530883012,251.69655810952926,41.90230199940137,40.57075226949912
496.62615507935965,254.0274188663309,39.153639548656564,45.38074954404282
490.5917463994394,253.390556727609,37.88802049187105,49.29590872939979
478.0812672529472,252.20839361525896,39.4302819617353,50.88552239153887
466.46742741465147,249.21413990393756,42.50594023024574,52.31005638736278
456.35581607120974,250.48139136199805,44.57200692652866,54.159279114399816
445.2153395360495,251.71456279389633,46.43035257497408,57.353771039879355
432.5229609328823,252.442921406626,47.93842749981432,59.669302082547475
418.78647633311925,252.8568136782986,48.53857870617641,60.97445592421201
402.1114696705393,253.95587999821646,48.95182063851402,62.42087241576974
382.6521385007221,254.48279294143998,49.84908634118548,64.0380055251418
361.87610057512575,256.0229493790023,50.119389578852854,66.45378020113415
340.77053239283987,257.37169916380105,49.70214230695005,68.51152536343972
314.0344231418828,258.0196853829463,49.690443572536,70.52139365581624
