227.5,207.5,122,99
240.41356734324938,207.66252360566492,128.25787965676295,97.65105459133218
253.71275742360945,213.6107146304,129.9996980128885,97.79003764653731
258.0660942031953,222.33122723375538,132.12023106535014,97.66078955469472
256.4095037479359,232.0049392266427,133.56647219277258,96.92228661994545
254.29786631465865,239.51060070271222,134.46578723190402,97.4292045964563
244.18572223109953,245.94698893248545,134.20694208298224,98.47335547455634
238.59133477908324,249.57166023379256,133.15326245820623,98.86229469414674
249.05973599522167,252.27201368751736,132.0476234323014,98.98912608625764
258.8433925825712,258.69786097090673,131.67985134952127,99.77104033753317
256.8790800121831,266.72161237214465,132.12380608967794,99.87405595241566
248.05420341253344,267.033862435028,131.86102266788356,99.29721643449358
250.35616782379776,267.334039396086,132.94830649946866,98.86817840590845
258.02225852814536,275.5211575705685,133.70096395796105,99.01679972295902
264.7730418268686,289.788933655978,134.05061844510914,99.8876291591957
272.0731715949087,301.56120894655817,134.61001734103598,98.66725536636545
276.96727327724784,307.67873114597614,135.32048932273213,99.58800129650896
261.0373287852473,306.19159612176554,134.11044346176243,100.40248369005347
238.29334056682862,294.4985856565647,135.18803095206664,101.85049154367289
237.2439564276247,280.12527074614025,136.53847990264316,100.47139275734412
243.29676187865482,264.81240283280806,138.2184229327729,100.02883596621064
260.97845177488296,254.46763769455103,138.24436732854906,99.82558403142097
270.06401717146093,261.9606997293073,137.1093159421314,101.03817517186943
259.65415861029237,282.13587572099715,139.15025117359937,100.73174942750336
230.42275784307026,299.714095090017,139.0885394634147,100.91415117408283
214.14650368307386,298.6884516714857,137.933348961386,102.95966036761749
233.791227754103,271.7762156845655,137.16156286766756,102.26797328384077
258.2071742230921,251.66673928318122,138.99604032153496,102.30664730853317
273.6413659806682,252.78341223351848,138.75127207127554,101.61701318936042
282.96309041134407,263.516665119927,137.34048731820013,101.48636290055214
278.9939891803827,266.9557932251196,135.73932973373613,101.89554031443464
248.82319089279412,261.2968843505754,137.7408574917746,102.11350168687501
216.32276478170775,255.72527838834225,139.77781582356644,102.18181393787941
200.92732030341645,250.98403917136625,137.72389429430922,101.92525485809847
207.10014353384764,250.4620855449598,137.0837408067745,101.13233137570477
213.237617774188,251.92883042459692,135.9725162717114,100.6679389923003
217.36503263556818,252.8485604010294,135.8783310802011,99.87811194634907
220.12392866680477,257.6311265301655,137.76798540215785,100.96108817043773
211.23220302329017,261.78609220016665,136.39915778904054,101.814546036368
206.45998001840383,254.83600922937003,137.3504746407932,102.58404905987044
201.8540527741217,239.64429852553795,139.21699221529497,102.30369597717818
204.49142740022955,223.54351281596394,140.82021651959784,102.20210196053517
219.99693856133376,206.70945759649038,141.2467952868669,101.62794479083973
227.95627425561085,209.4397995382781,140.19845566253395,103.20088317212635
220.51106172356896,230.19653544894678,140.32213515929595,105.05004791695107
212.76484186066435,251.01608493415563,139.82997195694355,105.66586990600607
220.7386964456857,262.77614593741333,139.8746734466909,104.03112769075037
233.51220110655788,272.43484159417415,140.10846399066918,103.98873408841042
227.14345703353786,282.43650119658196,140.0478764607449,104.01785888383898
217.4878899494987,287.32450835590333,138.77433197892083,103.61302414588465
215.95233682119613,275.5411108234897,140.07906412435042,104.84173022145409
203.6428779570859,253.63121678828463,140.45252134231703,105.18173618737205
195.94473079461557,226.94248347436456,142.24119161330262,108.23310341946026
206.68242983068436,217.43588321465802,142.58583519765915,105.7866424551087
216.65067738064238,222.14005219652,141.90264744027243,105.01808548961466
226.60543814750415,224.4109144166548,140.56005286272563,104.61132742278866
234.58902255930724,215.77262794098078,141.50608632488607,105.74705984374123
241.42912979571173,205.16569516491458,140.98147430721622,105.47942286291465
235.1932179503031,206.89070776338608,139.84560337217897,107.37729805659666
213.92459793416108,219.62015696681686,141.16272774284192,109.73290618049677
194.5206744785722,240.06721210085053,140.96118668404898,112.19925428645291
193.00601550727015,245.60067413293808,140.96157277049772,111.0196984244873
212.94668328362434,237.09633265402547,141.73002130592405,109.93827441820116
233.82037764679816,229.07480732209132,142.20657438255495,109.22040169644934
244.1037369613653,217.95420373269656,142.75144899988064,108.6209049110055
245.78178335764272,206.3845730728051,143.79652455373085,108.44075018464585
237.9888544128608,200.91312889368746,144.48186497961058,107.14805333017358
221.50122711136936,204.81819411555108,143.65710508674385,108.99320299966652
193.65912188243442,214.5197275067247,145.2120888600434,108.53621356412107
178.51958509162714,214.01915705126723,145.68682017176053,109.68809265471968
172.5871498631746,197.02435913379836,148.0736871267735,111.11403645108322
173.0466842877131,167.28790420069345,148.49811090484033,111.52637273941215
169.85649858779053,161.3616058325683,148.30228992568772,111.12755040827967
173.16549422420889,178.75763339088263,148.8646489565009,111.52386122793031
201.82212551641518,175.01676255502247,149.7928528943051,112.37435585604103
231.79664971706114,173.05348226152975,149.42540468222217,110.7599504090909
229.98879234232498,196.74438417884483,146.5236133091054,112.29459326025179
216.5869995227032,250.91408470286524,145.44610878416438,113.03876459990626
226.0655907116892,306.2352898350897,148.4843583062168,113.86611141553547
274.11256835095514,328.04938592223965,151.13289570346612,112.17475929860859
299.32871388392863,315.6581768191049,150.09591408576134,114.62514244018085
277.39284331494514,280.46917580012746,151.54367451083777,116.75469324522561
236.29272306148596,244.7861837418106,151.7579759918772,117.5006059507265
194.91414660589817,216.87910498668376,152.058891110084,117.7717985256774
181.40797745693052,213.01922931175915,151.2440638043816,115.55031051853197
187.84563908052502,231.54566838909136,151.92612504815943,115.63674892270544
193.62717759592573,246.16133398498255,152.94559139046592,114.09221773397486
193.12295963396008,246.02638979017962,152.71987273237357,113.83579007686589
198.08675163662943,226.0180806225535,153.71677393363888,113.21912288965726
203.20347424487048,202.39003531872265,153.91651810924662,113.53585192505331
204.67800357125373,188.5364296526837,153.19346811012085,112.2424796084496
196.89994729127386,192.30214217112325,153.77141504355473,111.94332862705143
194.70389842081008,208.82939454251144,155.0190761866582,112.61814822509534
204.5588209695614,221.83570138743988,155.1703036294388,112.57180688936444
233.71219466277006,216.09618655270614,155.83878359897847,112.53379153777479
250.32210809202917,206.66971418723324,154.14415472324833,110.71952282877919
262.1512096176192,212.103777157095,153.83207632111618,111.07949575837941
292.7306528965083,223.31403796396236,157.25405371597472,110.83829352635856
325.36473385079825,233.1426468104869,158.88897560866425,110.06169488238176
351.09939011735315,235.89372092779456,156.96977675353298,110.92845076153597
350.3760883658409,221.67117249563938,156.26557120695105,112.37902362377108
334.15826048299016,203.45930228795436,156.6624505749475,111.85685263167048
303.49272747889285,198.37592146286528,155.9486671873902,115.3968137447392
286.52511468405504,202.46435436806183,154.30065608272994,114.66143286247726
285.13327550816507,204.45926218936023,154.5617197170264,113.16607327266055
286.95929400209303,205.81021038757893,154.54209540121326,112.11565623966464
279.28633108011263,215.6665803373745,155.4451434757038,112.56246033116233
268.4218467438709,227.90454848712176,156.90756589879766,112.834170363455
263.59699296803126,236.4043711940231,156.4738469749521,112.15281566010154
270.64536907920194,238.5260871054682,155.62194491130214,112.77107292794003
275.76400601039495,239.46825357838458,155.71221049288582,113.1908309588224
254.38807094544688,249.0333600355235,157.8186338454382,113.37990629832876
221.49003644484725,258.68519189567036,157.22393288814132,111.547792565828
206.2544442341116,248.29667994456122,157.49867375187344,113.57675433425723
225.35293717614303,224.59075098350291,156.08508935706837,114.42884739431324
252.35377541471357,207.57241389823653,155.87056040189992,114.104063740139
263.10881697860475,199.35816367154672,155.48575765436658,112.07435992410947
252.74948096117592,209.43227865577876,157.5327091844635,112.57523502766682
237.95819538629522,228.61125965898395,158.29562586950323,113.0219376330729
233.40793691343677,238.96673168590524,157.63869747983193,113.36724129041193
238.88850068813872,242.2815532218504,157.30943161713458,113.86004332502796
257.4081683335832,242.78687320911465,157.76486637629444,114.00118359818777
270.41529830220094,237.52743661547024,155.79562558883924,113.58418280018606
262.7140033449291,228.96290720969415,155.7032566258194,114.17558101298336
252.6391268664625,224.23400105881944,155.42062890648313,112.91818621481823
262.95200991732537,229.01084799786574,155.7336197475064,112.80253116271437
279.57281607148417,232.1673277338378,156.92256469016536,112.7150789501392
278.3244690258745,218.768678131503,158.14303571791572,113.41560309987707
263.8148919526007,203.7928419290874,157.91483154231977,113.84624698603159
246.92166582447607,193.33510069891088,158.3229879001316,113.86023828122349
249.97393665766285,190.42087835047823,157.84939000893502,112.54093450778234
257.23564623059826,191.32617533371476,155.99904081698264,112.09980744213482
244.44484113429962,191.32320013816758,154.70241042425275,113.95158231328593
213.14247970919345,184.5008841320533,153.61544473686746,115.35377124079771
197.27810995296065,178.95060777255168,153.33918318121783,114.62445850417353
206.66321605314175,179.73985356146727,154.79007083437125,114.83322626662857
217.14650837147946,178.02195492260296,154.36868463824763,113.21225941853325
201.4458546217949,176.60737329967253,153.71761252946243,113.63544684576004
153.8519174132771,180.17725228769697,154.66021717110738,110.81462998604418
137.89804273636798,190.95840337073116,156.27671438869513,111.33917512527366
181.49310709014892,192.18497968183647,157.39871184080124,110.96231692521266
246.47846664955597,193.52590295666312,155.92410173077621,111.96092272236112
278.8510706615625,195.63446930796897,158.00676693674356,113.50679289221651
282.19433387048616,197.03250337081357,156.55504276499002,113.68848555830581
276.93998928703945,198.04193972470807,155.0840051405017,114.83714124140127
258.106399017909,189.4671560423118,153.9370987647,115.99252601952385
219.9411043486499,182.83050054914472,156.80599529315964,115.85921125817738
187.9666618070077,182.45867698262992,154.16773743210808,116.36362884620972
191.99881205158994,184.32302276085323,154.43417691791922,116.39068246226375
203.859492366406,184.92235985103764,153.8828411601133,116.05039056653621
206.18016827313468,181.3243377784404,154.4627045947638,114.8348727457883
195.65168843604454,176.47356768545436,153.92254016921262,115.70843289025646
194.17950842283676,174.32509438683573,153.78246473267654,115.55623989246199
199.92477198678003,174.49309049136457,153.66947056377438,115.88210254657113
217.19396743920186,171.16670645952325,153.6917219013624,115.44191311361067
247.90502811126578,160.55660869460272,155.67874972715637,116.04487536708456
260.614731385511,148.22484283660648,155.3956194237832,115.31224886469325
248.99217369866886,144.71065832764714,153.89644921397135,116.04626487434163
237.645370662255,153.28581565852318,152.84611111870822,116.65375317584643
254.24861564715758,149.99156996856237,152.99450625022143,116.22965080958274
280.6182384055213,141.11360510154515,153.7192652500955,117.04600344095604
291.1266778291746,146.09274663999417,154.11041405171477,117.79463049741983
283.8015426223608,170.50851457662725,151.6645464648541,117.28879729139
270.0062101440861,212.18051450660653,149.1847272600265,119.9467429270369
260.3554519796724,234.9127449395079,149.9236768316517,117.00147761787477
260.80736387811453,224.85724194566734,153.53665296152525,117.4341846553606
251.60144037056827,201.71010826615426,154.87028533123208,117.38634233421095
243.4335407262265,189.11228205785534,154.9018453468443,117.03516934187323
230.13299276054795,187.83989951249086,153.1715394532503,117.61718507061035
218.69434680078461,191.27408629407802,152.26164188913435,117.9214256050312
214.81579580132896,191.5060200440453,150.58840884318482,118.00721437703118
219.16058496887518,186.73903135354277,152.41060457120273,117.79110592734777
238.10742108835984,179.56695592782495,151.84435161323927,116.24603940207444
259.1930853632944,172.24142718719676,152.39895995301856,114.71004320291087
269.4736473392037,171.36562630742134,151.38660118369512,115.45370729270766
267.0140985527129,175.13590534744696,150.61555135677435,116.2634700286965
270.5402828376047,185.33580126853255,151.0185670414463,117.00240155993839
273.05633452014195,200.5691497464012,151.22748149482283,116.79256724458196
267.05588349713076,221.00062385774854,149.60395288441205,115.00527591275642
261.03662440032167,228.5832069267484,147.68318248092328,115.53293413846521
260.9988130531834,226.42982617336222,146.61584546126397,115.3581902512556
263.89198288405066,213.72673947339612,148.0212119801019,115.02610338202275
271.0439624461643,200.25854901068465,149.78023922977604,114.41773027912541
267.0145598075741,185.60124532332856,150.95602887432716,114.66709297915494
249.8600480070916,173.47816100416333,149.1128269809073,114.88544293767586
240.14294773305895,173.59837271980143,147.81781953641888,115.02601624030353
232.35060647146443,182.19446474242554,147.07814025846045,115.13792269493324
222.0929273804318,197.41147960765562,146.92040083005207,113.7424328509477
221.65816642982765,217.92701771795709,147.16416622910887,113.00464962961235
244.3733358346911,226.67716202309742,146.51561529169646,112.53314291020078
278.7449763275944,219.3278637418122,149.25459596360471,113.29816098156034
304.93587484441144,203.73960171822048,148.45291520194323,113.49463589544298
303.06501903366143,188.15368259865005,148.61956740953332,111.9273116895155
302.2526383990006,181.64028918781466,146.75057834506902,111.49025516554417
319.30302369322794,179.72652677852565,143.699879472923,112.13105007613267
338.44735422319275,175.83027719838987,143.18541503774912,112.14615398799117
348.2570756223014,171.52333641043464,143.81386271194395,111.42247777123805
348.04465018945234,164.87421791488453,144.2896085644802,110.87462730658878
320.46794879517256,173.11097267189888,144.04317385914334,109.9850830940737
308.4188579772855,185.0649138441537,143.094970683516,110.6872986346959
326.3543773905011,185.70275121866166,143.22107083413567,110.74694483523442
372.0861064631055,181.18404962616643,144.94966743746193,111.01305438008819
402.5852887969037,178.82643553864864,144.73179745980696,111.7030683598723
411.88900148220836,181.24624710895358,143.767213428309,111.71019023345306
416.79081289542137,191.07211499914766,145.05428598304758,111.04141420037939
430.74218640199535,194.904599361604,143.68253719987996,110.63846749389933
442.2355834549569,188.48701063020695,143.61682845162295,109.01451848422028
438.85610437691673,177.00813284267008,143.53839666171936,108.32941746139363
409.0415461939157,177.99738932916935,143.5636350064813,109.01963212473238
374.2183202752552,185.5686668732075,141.02442552788415,107.86829941824789
334.38728914269024,194.477877364891,139.07295477299468,108.54804547284476
320.1508191609615,198.3597840223364,136.9056836311055,108.96682454992168
328.12307446432163,194.36279316809504,137.66582008859413,108.48393953629753
339.4117736485181,189.13530862658342,138.403847593004,106.69539265099795
353.19719198407836,178.30417462958056,137.17625738184435,106.58799206590214
362.535822326126,172.91063109753875,136.95229145177743,105.17507645969766
354.6662054052727,179.0657957425626,136.59812052358652,107.21183216873445
346.6192140350531,193.79585977704323,136.71622454851064,107.16255462467552
339.6164977201037,204.95608551535855,135.95314254523063,106.78913226181439
313.6758178822762,198.875619030716,136.35761165692088,107.30063686348481
272.0315903647923,185.35725689667996,136.8516636157168,108.57474402035079
226.7786076717081,184.86966227164987,136.55923575237347,109.17504490991067
203.52812579209666,188.84499104473676,135.64395881945768,108.79151173049713
211.05589392010924,191.79015493018613,136.02159860408193,107.14289796030025
224.27905902523656,191.22378261275114,134.5326563180216,106.5288843725903
224.1600796665863,184.85480260126957,135.21433883312028,105.60826933757004
206.05789924514767,186.0641838258747,133.131151610812,106.22301590439679
196.90971295879322,203.2505764454756,133.81758270097697,105.36810633658175
211.6376567540793,215.89964842193066,134.90189248284133,106.56795585290985
248.3687079930873,221.5841833623315,133.56320309076284,108.41385465344368
267.05776824521877,231.48052826155345,133.11351886579672,106.58032279872529
245.71214491938565,226.4033741065451,131.27931004260952,107.38830428073908
211.59949164094158,220.07811019240094,129.77661214393123,107.53993169551421
186.2913936019176,214.2861109393529,130.02178313653,108.60179446705217
185.11693000165678,213.77033819060856,131.00029858339715,106.0654252401909
210.42739030198473,209.27129040372807,131.02728905451858,106.64993133641282
255.59436073405396,205.07477114755693,131.09247996528248,106.6796237489016
289.47363153800467,211.77648126990422,131.06845831587714,106.84215961992965
284.66381236545186,218.01017784128896,130.39121784628549,105.5119134269282
245.37558332564828,214.5293495992306,130.96494460265046,106.00146107010258
188.54112933866023,211.6291135658428,132.7015634530914,105.38490709393994
145.82824727160428,213.78635767271174,131.76933350761345,104.12998990795776
133.08887411560767,208.85775541847917,131.11431173794168,104.31552827109822
149.44544373804956,195.01010871932095,130.6081846695715,103.71373876841372
175.53584713995093,187.13954586599937,131.34382836625704,103.97351739101143
190.93731372094456,185.27888442200378,129.92328999491923,103.18026575126216
198.8300464705522,186.33642129753107,129.0135454734872,102.58219803982699
212.9830832924473,187.31221745341895,128.06164930467256,102.24252596559243
236.43008130508923,188.3764744595745,128.076005177582,102.44444126884838
254.94368883697427,192.1718292449448,127.99197401273774,102.19518000514512
257.88373626977955,198.55905440776695,129.04134253366283,101.47734074059699
248.17937402781797,204.64157369457956,128.28915355017875,101.12706237510164
237.19430989051483,210.62027617730416,127.59150571699695,101.5385662917936
231.96221351737455,224.19942237688502,127.38060099776237,101.20443923687016
233.7751373066252,237.6245956361434,127.18918497214804,100.98691475509654
236.30467553291282,237.56309340367866,126.94705979444458,101.15312907453942
242.94383587769101,212.62202178984984,127.16280057491997,102.60240334467755
248.4138995813496,190.40419557857297,127.35093759478784,101.8246806756786
248.31764243043494,194.96486008884906,126.52548276514746,100.93839327347354
243.04132272336156,213.08415701737732,125.24285606601298,101.72055518423926
235.0787940523985,233.2538911928009,125.5411205002242,101.42212534657574
223.1461206977756,243.6239262537667,125.57907844604233,100.23202966617241
210.49210967956236,242.09832113922386,125.04759051847952,99.38093214646356
210.23068415744405,226.45047683664367,124.69156785685219,98.57305172086222
216.17838525107643,204.01624304352478,124.66144295993168,98.40307097335976
218.38835290352347,191.6650548695571,125.24861109818337,97.55141594922479
224.5021997099843,198.4309994363069,126.72424466421677,97.35626730949963
243.63665498065797,215.6193185024619,128.10999339410964,97.36870159540254
254.41815693515036,233.5998804719103,125.82890324244909,99.47708144068545
252.99189421846353,239.80656492419064,124.95893788831668,98.44722312572435
244.006969636607,227.51669980501703,125.18775349795253,98.38279595440363
246.2529186480515,211.85095437601288,124.82021317541151,98.01275826321756
253.94081174844834,203.0408049149917,123.99192186292343,97.15157372578729
258.374216860141,202.4410055590399,123.27574068311716,97.78019588234343
262.17685445953316,207.8437727552922,122.87986709184631,97.53783383023188
265.04989936001107,206.30361642692714,122.4483543935516,96.12322289534828
266.48415036398103,200.53503870393072,122.63101081380387,95.82861221280105
273.4421615848505,198.63782243492906,122.82364716265326,94.17862965833609
285.03043031878514,198.0901891840191,121.56795854121955,94.13656884673286
291.01766062017555,185.50073744772965,121.79267281942018,95.45164366025418
289.4098983439816,173.21855027005773,122.0675120995913,95.04228983566635
280.2560871276869,170.46578254035097,120.66030031892384,95.02839513455743
266.61095449045786,180.36528610702675,121.33499743237122,96.3451182868504
273.98860199972665,202.59831093573513,122.19165710285952,95.92113711087895
296.7514911904449,221.5884101235195,121.63740582103242,95.13264634639413
311.4847395120093,218.5005144466005,120.0111076947493,95.84232556339134
300.99052995530656,190.39109758446762,121.3256166671635,96.19536033746179
278.2234397395562,176.60462313768102,121.00866565945526,97.62748777412585
262.23890070283034,184.08528575661444,120.24358235595392,96.92923359643967
266.61216250411496,197.81410056323045,122.36829269350909,95.9667612250289
282.10976343024794,208.92119146599748,121.02141771502252,95.42521545159931
287.49395421553714,215.65070704063675,120.65642416782055,94.23432986353907
281.7069049676836,209.26448949521654,120.0953488659202,93.49112946396204
281.5139249047224,186.51404620395533,120.33950726204436,94.28160497470711
270.4175957681315,166.9195761021078,120.08140946222804,94.40188825701541
276.58478308895457,165.05645302874456,120.18910196688321,92.82420030645187
300.4732129207185,178.1125303083869,121.57273424671476,91.45957382333901
310.94627026775214,190.02809481329368,121.50898001102141,90.54129996184093
286.7844714868534,181.9429980606347,121.43270574664696,90.22945115453683
249.59327779867624,172.21115378691786,121.34165867475915,90.37065282452906
224.08630976989056,174.81184330978053,120.1546822567446,90.6289114207105
228.33999457247745,175.64127112560956,119.85423995107034,89.55651161104339
248.1088899851066,166.27244761314452,118.8939027390933,90.23834961497738
262.2852337846506,161.7198397979069,118.25568504967333,90.21936633187839
267.98327490922406,159.47123907884625,118.11645208946669,90.22652794456025
245.87866103237596,154.1229167612695,116.98964697573132,91.38634549231143
214.12745496677388,159.0595064682303,117.9957212163105,88.77331698781366
201.53054112929416,173.96440915259413,118.17729226895545,88.80032649945709
197.02740835428142,186.49095122404728,117.50023872718405,89.24776497007618
180.96291632610618,190.04158223315548,117.76090422579529,87.45147273945742
160.93871227551315,201.97015157842915,118.37723682649306,87.82027093855851
157.81067567413393,211.68606591205554,118.1380192730259,88.68076443011924
170.0340417217076,206.15950235323504,117.61077227004165,88.34312158926409
190.31302009922626,189.40809537750428,116.70073421617624,89.29797335200492
200.36711081246855,184.53226579239012,116.10865271950121,88.6770596233685
189.40766968686816,187.50150296544325,116.48867846435434,88.71231917923981
175.9168266850839,198.9222554896201,116.58330811721484,88.68956260500713
180.4398692111352,208.32719591487765,118.13061352989493,88.30031316318349
195.15895523871373,198.56676440609328,116.94614745313146,88.55184520235866
204.4845519510415,179.42162843288952,115.62343570267026,88.5178716958853
213.67558299119833,161.66923757707278,115.52436503165839,88.11866552299733
233.64811940065573,152.7010428016973,115.63382712485291,87.84555189992017
250.49054535994492,159.83748385016762,116.1106764086671,87.80566769726664
252.7687662288162,176.06663982153066,115.83566539220755,89.18845835463823
246.46280676502548,194.21100581670015,116.2069970852919,89.56435343949457
241.33461825552104,194.70002141242978,115.855769123832,89.57555490737518
235.23572628904407,168.03314894514259,115.56358475692022,89.95868109805308
223.10745003217215,142.87654796266446,115.94255662796388,89.22804074733553
211.82086619828104,140.5044159900733,115.63572132028226,88.71198307539132
215.24577127845475,156.3480889247037,117.85547884029367,86.5048503714138
231.12166001556704,175.32828915248538,119.37909199106915,87.33231078621174
244.31400216392052,188.41667596197004,117.82466892483095,86.3403726012024
253.83852430472797,177.74217310270205,116.22426737392891,85.16969066715043
268.11652826978116,163.85626918583898,115.19291001755302,84.47397874074474
279.8502198068634,158.71841910260704,114.63398183840815,83.92794733982583
284.9109250812939,168.67370162279775,115.91397757769403,84.66508928491805
279.96990184971247,183.9898674286159,116.53062601534415,84.42664233209524
247.63880494801947,184.79305696732467,115.97686217712861,83.58601735833824
201.09751809278785,176.86884306036288,117.44034103895905,82.4628436860558
168.98485837345453,166.27965978557899,115.99200019930535,84.11904302981301
158.52950763974505,165.39580824280165,116.68919306076732,85.35681540457517
158.94615085351236,169.98952326504553,117.56513562569482,86.020199225749
163.98680593872086,180.31553796331997,117.15611625727976,84.6465778797373
172.90020011120401,179.63819933331416,115.56983694551664,84.6451469511197
195.65926692031226,171.7950206268108,117.03752028286651,83.08805229198288
227.09321400919924,165.93446410616477,115.96072183873513,82.0237315640489
243.46271158216186,165.6618185288562,116.20780686248764,82.64492164164582
248.89489388243686,162.5967322083498,115.76151973080968,83.39785982373533
247.8054763900353,160.3910043967705,115.87313593509525,83.29209065822813
241.19510118672628,167.77480675305605,116.36025520768013,82.2857908010037
233.98090926146446,181.78022578778877,117.29951857480529,81.66319736044457
225.77678721574907,194.8546239458278,117.63534445334544,81.17598208379519
202.8286808406712,202.96626207551108,118.28596699354024,80.47772642379387
168.98047734514802,208.6086652480041,117.11776521993818,78.28311382728195
139.38184959083816,207.52123893186698,115.6876975779231,78.4936666615444
119.42679252336961,200.6450691231709,115.74221707785046,81.2227108764097
116.26061847496256,195.81080702273715,115.39785409220607,82.19554969061947
128.50838007305774,196.52465433386666,112.83429195558601,81.7344597779857
155.9625270626438,192.96348421321485,113.2363922635233,79.85188096716531
178.37892391611567,182.9644354863578,114.72971321112055,80.81805894150932
195.15342493429307,178.69985041332552,112.76391162947769,80.47655495427307
212.68069270777073,176.15555814702023,111.55228684912387,80.46922893771983
232.49589098864465,174.8500566938436,112.81019595143857,81.06737846005511
238.99615692734378,165.95042336938394,112.15092689142313,80.48213697603987
229.11201360638498,149.52437540766334,111.68057560914637,80.76559886627794
207.37272468366223,148.71798948512338,113.98694657592975,79.55470127776415
196.10863243812142,158.11865737846762,115.97227485058073,80.7586335879995
207.35724865496692,162.3497856191563,112.97025497182135,80.22730486007057
228.21195253897767,164.08943185719107,110.63754474408307,79.66094287258751
241.5106569591083,157.165051899942,109.93355898426617,78.17488680808174
254.99030143624745,145.06387838015402,108.75024239632086,78.88217769531396
263.22431487806824,145.3489785626876,110.0500511297447,79.92193979362571
261.11658126755304,146.6321739697152,109.97596518533933,80.196080090334
253.22057185758894,155.3035699108235,110.91577777510392,79.83855966197483
246.31546845806068,172.36789564279889,110.78708458026396,81.04544134011394
243.23649197559584,189.51304120570214,111.35197228335284,82.13909567939533
239.12597384948458,191.28520016420725,109.77416133708901,81.19729870507308
246.57867544382518,190.02193918337355,109.34509748861778,79.9280144972306
255.62501854166945,183.5441016926351,108.251617835898,79.14061410791889
264.0255808816967,169.23323481893448,107.31420069826291,79.46599165414828
279.5674160978399,160.36474137332,107.2420163194434,79.04232638473272
303.4515614885206,167.33319264924705,108.30310938817959,77.87979402636009
326.05852415938506,186.25197176917237,107.10489296979048,79.24193137366764
329.43750169541903,204.77223984641083,107.36303353599776,79.64011210761845
306.0091071058253,226.22951467564292,111.4301574930172,78.18166291302146
269.0274036702974,236.64882077174946,112.73272146856513,76.98421740782008
252.4889386789006,221.61211452699553,109.17771633172987,80.14385159227425
258.11946507051135,192.92733661601557,107.55109443382331,81.2762629440193
250.7492367829143,177.08666244825116,106.53763999064589,79.59847279077859
239.16373257359572,179.2131434556951,106.4902741569637,80.6595805238155
254.2195847479137,195.30848602144897,107.19835206540782,79.63533444870427
274.10208264871665,218.62192316822097,105.77544687049131,78.57718955579506
269.15346232742525,224.25150767578816,105.6575794045537,78.9384429039419
265.96622041936985,207.19452598747347,105.39959356658122,78.04609295659671
271.4307828114062,180.48484388232816,105.39395263108028,78.70902558729742
270.57079775511454,181.71872485597686,104.38686552511196,78.44489694841069
276.319401822893,206.70947096999356,104.70989741030698,78.21060473258433
281.788760275954,227.2702159585009,104.73749863467808,77.30590781587239
289.64095368183035,213.6761642400353,105.43892694743718,78.78537210790614
298.5196852580685,192.0893153093412,104.92012079264153,77.40559172832751
297.9410177276625,193.1391171416387,104.33520946406456,76.90803121558797
293.89812272123686,209.410133091202,103.95528216124188,77.14574251104148
293.26944532617307,221.12456967014003,106.15014130250854,76.5634746540687
291.1927811049386,211.34818489640958,105.08728942042305,76.93118560777964
269.2512715478867,195.40256918785258,106.57320236387264,74.8529918234776
243.3683289748164,184.25888121703096,106.17779066553075,75.77922083824097
246.13531568842427,191.89367582620673,106.33072643707604,76.55040691896173
261.43545236788293,212.2178830605729,105.75458103836371,77.08492244290517
270.4961683419341,225.19468091015784,105.28242010161392,77.10179145015618
279.76816145939574,213.4276620968314,104.48339655895137,77.5160819149438
283.6037256546209,194.96966283215068,104.5490535803358,77.3031589355162
290.4758803159426,187.03094093595502,104.4771056315938,77.19254654504617
308.57324049520577,199.41555584385668,104.57964937218858,75.6671769739938
318.4506465790377,208.29637280612155,103.64174317986648,74.53690024245722
298.6426415888675,204.4478822429409,104.51348665019717,71.97135294932394
258.39907096228933,189.91115858229142,105.82257309378318,70.69915245873321
232.54787615493544,175.05123337420665,105.18406610204562,74.96036563735395
232.50154766437615,180.03895082905544,105.05185292294213,76.09358379619886
222.21497150336094,191.92964391610153,105.84699964499698,75.82872098331273
204.35733235442189,198.63745399329602,105.42881694433996,76.32976685980755
212.24351188382911,200.94417940261968,105.07651136758113,75.53314643781243
246.10459250466212,195.54348220406717,104.24650100482137,75.68816136409227
259.415080339471,196.3022004066569,103.99579129589695,76.4189859337968
241.6817399572523,199.69931461450082,105.95173368753166,73.43396042757858
212.1749417016486,207.4144135482539,106.62602432105348,74.73877652186442
215.68765596348075,210.71270848457192,105.2221010578567,74.6804962233556
255.52844875913962,206.1082729498666,106.47239260276945,73.26183051908458
279.5858879347394,191.91201890306672,106.44290624986095,76.03551460755742
275.3979152873843,184.88964506427178,104.95465667457601,77.00966749754963
259.96898695377047,185.50730545354406,105.0430965327216,78.02201593897578
244.28761461237312,190.41715564669406,105.39119277801632,78.46224616333251
249.4369352297205,197.09633765216293,105.98996956547734,76.28973515685033
297.55850117507293,199.7601707912139,107.48611837545607,73.46630438480612
344.45394109342044,197.60224627009984,108.70327992059694,74.74368721190055
350.98997037658097,191.49922080657757,107.38962131765479,76.0660568416429
334.9956231797786,181.77677467409347,108.37295987629867,77.10385987321266
303.26057375266396,177.22814046740413,110.04946437017637,76.24390916275098
259.95343893540087,180.97223252303212,111.67671923419469,73.23683419379844
234.0295183584077,196.58240588072863,109.03113311156969,76.82006108680392
252.11768685655812,207.7571867575279,111.86673993240754,76.0935328567649
286.70411556694893,217.79431788369533,111.37060980654779,75.8573710377797
304.5385645989553,212.44499669885107,109.62861451353109,78.13003665423331
289.73170202671145,196.23617438897074,110.4841514103382,78.33522552448228
255.83832792980667,193.81638157906812,112.00229151088602,77.35411431353798
236.15330036007765,204.52614645527314,110.54170776484605,79.41926092221195
242.28469319166902,219.50707044048062,112.33310320060124,78.50251793226576
263.97128044793715,217.8353532305457,111.62806147004746,79.48539574965756
272.8582972955656,198.30304870341934,109.55253222272754,81.50795539595126
267.86303106091145,185.35714616886304,109.38943634273163,81.28220866147504
256.2249068903524,191.70120793511353,110.85659693055388,81.57000008411319
254.49271341854904,207.94852706983636,110.61574195559669,82.03602084176711
271.38166796019954,211.8775037649633,110.90258735837969,81.2729065475826
289.49394695818205,199.9629281909492,110.64135104820576,81.6264564993217
304.9712458627139,182.3303890928849,109.49668022583631,82.13210857850694
321.857770913859,175.96930938150908,109.65333669703244,81.62046902054571
341.8108566080666,196.963794787413,109.0330654245841,82.39172541210704
353.8965560349716,220.12449789516108,110.55406273471459,82.30890562239209
355.4456262743498,217.75256101224028,111.438586602653,82.8179890630689
354.89964253299627,197.05981090368755,111.95426663695386,83.71689794106302
349.68370109390855,176.86509191467337,112.87651168248769,83.68474320668906
350.40808290242217,171.70108019572956,113.43540821598842,83.17631797514309
355.54566802421664,176.34521366433108,113.5781227990596,82.99649620548152
354.8870382526094,181.83835159633156,114.53390863292935,82.57383137205923
339.5028651442363,184.00627111381738,114.82587164044696,82.58298831258199
305.536588819393,193.0459752152309,115.98554373593436,81.11318589893952
273.26689336419486,197.50013993953738,115.04062831088144,82.24531417585143
261.68226247729285,193.90884398505102,115.73872919601354,84.20108323173577
245.66457757582535,179.95664335208608,115.16223681633137,85.99568797361782
218.10035749789864,162.98992183621897,116.62054528883516,85.66025969797897
184.52984322111917,157.13614684511066,116.43574529014805,85.49363651582789
164.10018396602692,171.66948130378248,116.60706788968801,85.63367078451944
169.94852277145452,187.90950664741035,118.64725913717021,84.79697642050584
209.25486663729126,186.3344878803935,119.60139727219594,84.8435972732499
254.4096045311038,163.60620464722757,118.65202890644579,87.12574433650558
275.0863207176444,145.23091438487265,118.63301959855015,87.77899667518027
272.9641907825367,144.20454633782813,119.22402329086333,87.03636314417776
270.08186468185033,162.56330913827327,119.55901660246556,87.48106898859996
280.8111837993234,180.6583879697373,120.3506053420068,88.23361075804493
303.17632308726115,182.04832534456594,121.04983497535976,88.62328738091576
300.0319456999487,168.476935639982,122.07926043098439,88.70666241691472
268.1737044655294,171.53411320343412,122.90849390690309,86.00715299504284
222.6920529209238,194.520483054747,122.94292584132916,89.09564681292491
195.39503355722053,221.26985698673593,123.1921464535013,88.78649321774583
207.16729377964356,227.8837119043757,122.34685048070116,88.44617351918504
227.43361631533492,219.33081095922273,124.08227181556842,89.84014145563359
222.09029964655218,206.17356434943835,123.89282654748209,89.6591512767648
199.20223890249335,201.71485005428616,124.40674481904699,91.25260621136853
190.89613855003023,218.05484821248862,125.43770963835311,91.97477816888937
196.78826448742097,240.54403252401676,125.76063645162091,95.19789041131162
211.98810961597124,262.13518251962614,126.45867492376846,96.06061529191902
228.98604186003902,267.60944293395164,127.28492347274226,94.48267418281152
237.548703888116,248.9292711026061,127.11921512398577,94.47081020390102
251.96995948530352,221.5484627040288,126.95269117326306,94.61633431917082
269.25986452428776,212.07710359320424,128.17931954133948,93.6257277269772
271.53849885204704,219.78821932799588,128.84184229817447,94.18464402350722
279.76579946708443,237.77803357393515,130.69375008604396,92.9196303997927
310.19111456599654,234.41513103380075,131.35137107840532,92.6756850757036
340.5450440330973,219.14633271569443,131.57298220645964,95.03065880237031
334.03242867745524,190.4180263241849,131.53171130031217,96.11076096527222
290.7643810093839,178.2875895462633,132.00765648997054,92.59853080712617
237.90829570393777,191.21201542694098,133.1690611096518,96.09666772374929
220.4853426169958,228.71789226952023,134.82564385824276,98.34971506398142
227.59725020867336,248.82471569399277,137.36788092098143,96.78089319672578
251.47992780934575,216.8393549230898,136.03546334170693,101.09791677100249
265.4639843783676,195.62608371173226,136.9332502433361,99.55282909728197
266.91942902317055,198.99427387024113,137.76821151677956,99.3474274599212
274.40824048484075,205.58989097039316,138.2725250482121,98.80904913272506
312.38058895057713,203.37435491080993,139.50307530912215,97.90176141912788
352.885775224897,199.54918471678934,139.88016919114654,99.0309268994847
362.249106735808,204.1634386899313,142.0507096147589,98.60530019404555
327.428876167043,211.34393833523575,144.51088815951567,95.85623556530189
270.09532313164334,218.32374678681555,143.76918075375244,95.58567601230092
227.82460881111652,217.56756399553228,144.13288264920055,97.78777551734905
206.34535457676742,198.4864264209542,145.43408826145344,102.61074097412241
199.01461162386113,181.87882712158716,148.5091111927177,102.177639401958
212.52448174599343,177.39085466863685,146.91115630306734,102.4744518463108
230.7922678512134,179.68387343523173,146.45579573203167,102.8730849521591
249.62352318944664,182.17582043259932,145.56186644594604,103.63730315911458
272.2982522251126,184.22387203160434,145.3978446233935,103.81044510880965
295.42644925292245,184.6033963584607,148.16694800429718,103.63003786973923
299.4424164329647,175.1451814193315,150.189361636156,104.51890656025354
277.93863115083013,171.93117450947273,152.26655424022016,105.62807510790688
258.13579565031523,172.778081405441,154.7906822724999,106.22075104108325
240.4614358618013,177.33509651809533,157.09651320817036,106.12728203403631
228.46867049492454,181.75652222294036,156.1082566341846,105.59333622584771
237.25072781323422,178.34536570514496,155.19192146228693,107.36902746196948
248.37558664160898,175.58784003204875,153.489589974971,108.00714857134551
247.01456015708277,174.8788175853585,155.63712152163728,109.15189222094395
234.1751612277877,181.0984315176884,155.9367861557401,109.1635186577368
247.01453198006843,192.51593202398575,156.30478041472844,108.69977924182179
292.6929649013344,203.24311859449222,156.6447910980754,110.01704687839671
327.352043971635,210.46171628326886,159.5296664047398,111.9765342401013
320.05612350761345,202.20241759887688,159.78094546602267,111.09633743469092
288.37028361263197,192.70198867575843,160.75965421716722,111.67826522721687
253.37080439447087,192.34867735443788,162.04214384245432,112.6068149911396
219.1230826287234,190.46879922640113,164.5398990804922,113.90407615863583
197.74212636495884,195.2442839572474,167.29954949254284,112.70438881669423
204.0757863027257,196.37129499760206,167.9956157711839,113.52565169387066
218.97563318012516,193.77763571787946,167.62978660989089,114.87667154916852
225.08162114604497,186.97346578659472,169.11394143061472,115.27419216735325
235.73335204529874,175.19575031107556,170.81793545791282,115.25381554698042
243.9073424335,171.74554492729305,168.93354148876134,116.27258111190872
238.909874553166,169.26424723462083,171.28352972059022,116.32974951818825
228.80366090987965,170.98839487919952,173.40889035677225,116.60963535276434
231.09356544084028,171.5291173158621,174.43817591460197,116.3695702411351
228.76027836939124,166.8547948048279,175.3212691748554,118.94216135771643
203.64876775234734,164.37784204485283,180.9742220495682,120.80597660285576
172.16321697682358,170.9863151884955,183.15167583450244,122.0584526559635
167.6726874949159,183.94123234307318,181.70541145694818,121.86426318323393
180.46905685617008,191.63784743067555,181.22500031012342,121.61561003439633
185.91219203470934,181.99415454684785,181.6831828110161,122.02217075932714
167.24489308472727,175.3082814885562,186.32524912528686,123.78900697905988
146.31750572131023,181.72844783578478,190.1395575435272,126.37161167779118
134.8492335041721,205.74623389986488,187.04306288478585,126.29867840461148
127.97722981490061,225.8234445560077,188.62682627529173,126.01198627933755
122.35013846853178,227.04474734338282,190.49510847059287,126.64884299439743
119.93376221151811,218.20907929266,193.41875568371688,127.96946918068198
128.15146434929764,207.42258488484273,194.43509548774767,128.7530750617462
142.86804841472767,201.16498332284556,195.12371347444133,129.27730757416828
155.35618656319517,202.41141640409083,196.05275257667626,129.92102283257617
164.29883719564333,208.16034440617756,196.13141195936294,130.4418311884491
168.7418805212307,208.47181543288934,200.79751799617648,130.14633631100514
174.87033688985292,197.87859816942176,201.51658315657608,131.83168555656826
168.78794403406636,191.9994938406288,203.0549202368626,134.44196025419325
152.8963174115189,193.59557995027563,205.37945232106884,136.3817617783383
139.4138445864656,205.2591580119577,208.13672203733756,136.74996011664405
136.17393762727164,205.82952874937016,209.1440299094303,138.32842425972382
130.94388603059625,195.04446727048938,210.64653537023713,138.90332512581057
119.60265120737611,189.8937994877439,213.68217541157486,139.6745551004812
114.81830273971305,198.59427482059402,215.47164890482335,140.3947000921296
122.96465571527159,211.57878373854032,214.77081898367453,143.24298877479168
128.30566717515302,222.80877316782124,212.9419073310015,142.11401692001402
123.80907764709475,219.48546660224284,217.13646568628187,144.7594041028371
111.04410906285864,210.18263263316996,222.33198551161445,147.362790852018
100.60032653645386,203.2241799478436,225.0161928678908,148.45895838392562
101.71805875415745,201.99356619046597,226.0853293865394,148.12918290986553
103.89788489379535,211.48412277333,229.27441081850628,149.14681089403982
102.36264472477905,219.5389122345373,230.29558929382222,149.4938226240911
98.4310277020502,220.01961663190093,232.71628126316907,151.6829379687681
94.65255610303167,215.05356556862284,235.940101730951,153.96941879558062
96.85645238692715,210.97231440308826,235.8822466021249,155.09704096536436
91.36063724690689,201.6180552845359,242.60435516890857,157.55974201802084
74.23622282406835,197.8356734928795,254.68587329986397,159.87420280973825
44.333418835670074,201.95957631195648,262.59575984111365,162.602898636428
31.539339707259188,210.2961897437245,257.0900326761825,163.45330572980112
