288.5,143.5,35,42
290.231346328486,141.42220299459575,34.52901991321849,41.62323035762549
292.5905915654626,142.00804837745193,34.10528251391119,41.58740742600432
294.3897930653288,141.34246780923374,34.03179258676495,41.26452119248378
296.31277278710485,141.0988980676157,33.89520304105518,41.20620736570705
297.1017328105473,139.90043566094477,33.715849120993774,41.09321301248396
297.8937042362911,139.3723270745085,33.88643371911398,41.18670162538564
297.8203200189579,139.59087410326788,33.83929681513541,40.968734194716035
298.6057250083932,139.5653032698777,33.868960717032564,41.16098252663085
298.6836504586631,140.25488705436157,33.732602446408194,41.45969369511273
298.7226791971135,140.96845000297765,33.63531626523371,41.06395035861056
299.780036793388,141.49994127094175,33.788621702567625,40.96092572034548
299.6073167509103,142.8148707960628,33.67083919445396,41.15438753573446
298.44428811247235,142.08553001753464,33.73070999557602,40.986189162294565
297.28047677863884,141.03485549942155,33.67401502675323,40.67349787144859
297.649081781211,141.36673181038395,33.615263414228885,40.74567312933411
298.9276084748045,142.1707870154372,33.65865267497591,40.723366704823306
298.590015559916,142.17446902958352,33.607300383052525,40.79170163337787
298.3281024137148,142.11842210746693,33.577230546323655,40.75784638212352
297.5291056322122,143.96159140545947,33.68310491625189,40.568856333120195
298.0042492436612,144.9520147875503,33.56540636599177,40.54894587684564
297.5369084924657,145.89333246125676,33.523690234830134,40.65958164187478
297.1596060884381,146.73067300990238,33.52632916249137,40.47594804614758
296.19979626681106,147.8119416284644,33.59039160245269,40.36201339004765
295.1895685944706,148.02880202626335,33.7344480261207,40.43292149116304
293.63650580450536,148.39047272321105,33.703787622011895,40.718417677948466
293.61431114204953,148.16963597508843,33.56997421352605,41.03060774261604
293.20121049181967,148.33757209142365,33.600834439519076,40.68464672532541
293.01235303832743,148.85680978350683,33.379454836425104,40.48607600710603
292.4574845654146,149.01694648830932,33.456103217378136,40.38578888724065
291.41555888520486,149.006544439839,33.40426365029201,40.533319939356744
291.0111198009687,149.8295552447404,33.53539856267233,40.176737769327495
292.3390530037149,150.58331794653628,33.71211844563197,40.3999549394738
292.65377124775733,149.25863377953797,33.60267377263733,39.867346239855294
293.31267987561915,149.44861268448645,33.613592702941254,40.090768156368256
292.69960047115944,147.88095224107963,33.74272349481653,40.06094817594861
293.56245503272817,147.94087936170422,33.68519352607516,40.0093122404064
294.0312067638709,147.59375453634257,33.58332262642702,40.25310354333233
294.93445427043184,147.5154133704621,33.8396706976405,40.39144103505837
294.60505384284363,146.9167113591662,33.67359351584106,40.34531716839853
294.75986049249343,146.81100793998334,33.650657279052936,40.57000586156512
294.8209792221416,147.31117842948555,33.738921490593995,40.5939089526138
294.81454199562376,146.47126840272472,33.68881059045778,40.376230636918564
294.535719662725,147.0136281641732,33.608540002616145,40.41008072652458
294.8440813626209,146.87146893520702,33.73983534443203,40.47607996212594
294.80980240400805,146.6801160562379,33.61466853998753,40.553801567747136
294.35036334143786,147.19543210978858,33.66142866891214,40.40297824417695
293.5016092599782,148.70394299722378,33.81032864797069,40.20318812442741
292.0479934501768,148.92427853125864,33.80312488091567,40.64978071202022
291.464965391776,149.46817246329618,33.70734768759005,40.789245331313055
291.29726051144655,149.90860270913387,33.69173234372629,40.70654539261618
291.1186339510351,150.10501525932384,33.69416926620006,40.77744961419289
290.619146451934,150.4274438310012,33.86190200108524,40.68991860885771
290.47770830694424,150.8468009201911,33.653377989608295,40.82460311593327
290.58061673581983,151.1708535039936,33.60198518826795,40.95347381846068
290.11555458664327,151.71110198942125,33.66072999195397,40.71543587060421
290.09597397591756,152.81258752062155,33.56059290848992,41.00930814621631
290.15585656774533,152.96856088798876,33.51070899268001,40.919452222019245
289.49617349111804,154.70496582655016,33.935544849608945,40.79832071632585
289.9966377136986,154.45568299131415,33.893359917078286,41.059181677625645
290.7074625484975,155.36131342459814,33.819487614118636,41.16857916104853
290.81087110611685,155.26926928771195,33.762183967026345,41.42088988305065
290.3675928751488,154.32103433337414,33.83069189218493,41.41438363644525
290.95612989962996,154.06948651844965,34.018748863768515,41.53337876952523
291.7507192789263,153.71954380169825,34.18991568336956,41.37077164168774
292.77283088842637,152.9395389894451,34.230220433729784,41.46604373167098
293.6757219684109,153.39169049221152,34.207766687723996,41.64095088830098
293.9350700357605,153.2362078514224,34.16099503680094,41.917915199456004
294.54454875388285,153.8355818777833,34.106981295624536,41.760245118192586
295.7950731746096,154.64252552658579,34.409089306893165,41.93124537284899
297.05306197749974,154.74472151816175,34.44245433340666,42.292400617556574
298.43033206537046,155.76736410127057,34.33363249377052,42.472191888335345
301.27916771433894,155.90726619565265,34.321488520510144,42.884821891275024
304.1322983236847,157.37050884272418,34.3240667183224,42.91334701125547
307.2348841414903,158.79441125691324,34.3256020834438,42.86350055690083
310.81580289271193,162.08266334030287,34.35738669327468,42.463087584274405
314.37091785962036,166.65387574356822,34.316406389432075,42.07814339908155
315.07077810795556,172.8908269945981,34.631128980339554,42.449142935596065
317.3078265108035,179.8270842144589,34.81527487712779,42.45907573861125
317.38565905872974,186.258914998703,35.1095364854436,43.05285359273047
318.44773629901493,190.9861791688358,35.04098550905417,42.57195997231348
318.10509390739037,195.20744216398467,35.21538159658646,42.10997711861244
315.6844594875879,199.68290859577812,35.283736026553925,42.23609827876823
313.7845104686919,202.02418322310493,35.343766853957696,42.31123087073326
310.55720878756915,203.84126293772627,35.09177145750577,42.24212061293834
305.76432913560024,204.5607574271392,34.92809629031315,42.486699992533765
300.7279016395084,202.50117984508472,34.995660297389456,42.45003478692229
296.56335674866835,198.69627654266415,35.143863810453816,42.52229141922925
291.20205406003197,193.07873783388726,35.748344225873524,42.9109657148348
286.6579184814255,184.85599816202955,36.406712352690946,44.423820241655704
284.3787451683795,172.44023327613675,36.16026514409674,44.63541211671277
281.55978080780886,163.1196965911053,36.45052331012319,45.358261152058844
281.07358904869665,153.84201584378147,36.47381247324136,45.46672323264402
280.86252442368794,144.96745930629038,36.41119964805387,45.676989338021706
282.08789368083967,136.92193626631877,36.2405996263346,45.9320616783409
283.8460018728223,132.05000525960787,35.797573693037705,45.40468822575927
284.8395731716401,128.9118154791072,35.70318970326649,44.473409019060455
287.0147471399228,129.16059660339866,35.42108670078312,43.68166083402656
289.43523192530574,131.07089159646614,35.311923408245946,43.44253728427768
291.5243854769406,135.75069515142485,35.271161890608596,43.09405097056387
294.01737387652867,142.96905165227153,35.40151666873353,43.08952981762543
295.23789305216457,150.44133714120767,35.9432315942867,42.45199428592015
298.13115533977697,159.9281934688965,36.081694812030634,41.85771240141652
299.7050624594,173.9240107827194,36.49933720158404,41.692156188687676
301.1312101000622,183.6110352700172,37.13180315835773,41.206203069804985
300.5201007211318,193.3813002521155,37.67357594711376,41.967461435686495
299.2666956349705,198.91519871827643,37.707617574285614,42.53806076648721
297.1871676439188,199.79889947181294,37.14524802309431,42.889162591552264
292.09250063484114,196.93010604034964,36.85671110008758,43.46709912870372
285.42563349163964,189.7766078973844,37.04860349806276,44.52164447164105
279.3250417573769,181.09272800003077,37.462627046849605,46.85491844939268
271.0377007118458,170.68617830774969,37.8384737649869,47.28629824472145
263.69560135751914,164.7832594963219,38.34301644489268,47.85390039394423
254.93725515271524,161.22544367048008,39.85418517285986,47.83753970553998
247.40362451304657,159.44152722444173,41.253187785204986,47.47012374584055
242.13029068784348,159.64963356385636,41.45535107922688,46.81499306059119
239.28058461795837,161.14482242772405,40.88594293320003,46.172311637177074
236.65603285941992,162.78997940052173,39.525804964681164,47.18315230507659
236.40327588799403,165.45095131802645,38.29067087629822,47.82994845648682
237.4124053866829,172.87646859793156,37.38655322394458,47.56848966419371
240.2596464082779,176.30283061429043,36.67285798113912,46.95452276495986
243.70470533407814,178.10743904698143,36.65686179549321,45.722416857677224
248.48436199825082,176.23614123032274,36.816168767440864,45.60986250663487
253.86649585917286,169.69346159764257,36.80491751745954,45.442129959861376
260.5960348216144,162.68022535115594,37.82404050505208,45.34406879957538
270.7285045140868,154.62867218082172,38.030071273915794,45.88949787126189
280.9382387634343,147.15991387668728,38.971486487989374,46.18183759201854
288.4047286697811,143.58048282404263,39.44489209704881,44.61824562626292
295.0535846983099,141.573276751038,39.98145433198334,43.45614648458295
301.2809514197526,141.70946730475873,40.46427906323122,42.8186240151897
307.03525339685405,142.9708847569858,40.27142141640133,43.22771226175178
313.57682205993154,145.9028946823571,39.85078161069319,43.58653033596646
318.61463706779296,150.08605945415692,39.9318650806881,44.284554735237904
322.371531077926,157.6826056403935,40.16583163424403,43.82493900155876
325.4173304866931,167.20118304198047,40.48098492623744,43.54664383278417
326.1234065903907,177.67298266175794,40.754314863197976,44.317453467740975
325.4596114570481,186.9826435209887,41.22016865346191,45.25866145814176
324.23934299855114,191.3064639580665,40.88698125290513,46.26116706836112
322.11580530524395,192.78730068970324,40.69133622631147,46.66763978619422
319.89405499792326,190.78510631799574,40.389409232462896,46.785613048041874
315.0048997406323,186.4362829377348,40.179896260716646,46.664939534210724
309.81765409589076,178.9341633596969,39.95525691970657,47.18993827280605
305.01000480716027,170.08741606576368,40.03901176547806,48.782017226517226
300.5666295196345,160.8938442344437,39.69941155622797,49.93791775561229
296.6952157679094,152.02420665074837,39.18994547294709,51.07395958560054
292.20931956989233,144.0660569009522,38.82015175600516,51.570200834765664
286.92095108839186,140.06314797834048,38.67171953718244,50.749141085994935
283.545869039944,139.2038298496734,38.31648640965185,49.72442969852317
279.7741773521353,139.54320410142313,38.34777719493724,48.85143233990976
276.6925185712287,142.72050690000037,38.77556342664185,47.85401115285051
273.5039255619678,148.08882933774595,38.53146066876589,47.35112043537933
272.28459979856393,155.24882292056444,38.524019828401336,46.869520759061224
270.5903233570067,162.24339505162652,38.50525650363013,46.288026490833516
270.7882137808842,167.90859773251526,38.04657158853763,45.928992779751844
269.63510538698665,170.83933845850243,37.356611418248605,45.76104427150311
268.1378918375678,170.35887423332593,36.50944119843702,45.44857515696812
266.5001598406871,169.2469831599732,36.02205848390062,45.04456804471664
265.18651807673507,167.70650721132247,35.47393865525254,44.6438443171707
263.7664686014348,164.58336903273613,35.32861213359365,44.05783336278947
261.3465484694668,160.28986480362244,34.897929326240444,43.70559373599485
258.7568652932368,156.8117795082301,34.7004207549945,43.89879864761083
256.9902110125357,154.79584952270474,34.47578807036391,43.89062956974184
257.59786736740466,153.09896274656515,34.13461681532272,43.725271261288015
260.1128437338547,153.91286511166598,33.481639141931964,43.45258659391442
263.14080087408996,155.9674879051605,33.18010651810813,43.11140431373382
263.89790517390065,158.93212431689233,32.957277251029204,42.64457484201583
265.32599233193906,164.82534261882492,33.0952824221807,42.17971054192258
265.4770486068385,170.68619420878926,33.2342791720416,41.959907081232174
267.01302043482076,177.2777463396256,32.938742996316975,41.62912349064106
268.50863643713177,184.3663213431163,32.751948629023964,41.512212321855436
268.4473531131906,189.09924037784984,32.61464239334808,41.44083588416328
269.8674656870827,191.33998677282193,31.93199976700251,40.94830073772803
269.3580893787539,189.15477995912983,32.175256973694594,40.376602872955225
268.20304216020054,183.43968789872815,32.7408620986293,41.3385557925867
267.59682489400706,175.3491327704388,33.346062212624155,42.74561629025423
268.258603807247,168.7066541504339,33.99396961613224,43.62116686827676
270.2962414169595,164.01679338253956,33.88754643985922,42.96081691663868
273.2229801276431,161.56965737628232,33.84660954965048,43.01577351472447
277.34624103633564,159.61443806109776,33.78824481386935,42.93411977410668
283.230395310951,159.52376945013805,33.353524864797365,42.607873497071296
290.28676294886174,161.22582278920547,33.72891825108522,41.730665203030696
297.5854251336265,164.2133380913818,34.216150461145574,40.765913300460305
304.7224485675874,167.97271299719336,34.46739503609494,40.07217855689136
310.8135727935968,170.88606632786525,35.19725214437878,40.369287432046605
313.17106283726577,172.4611262303899,36.126170544131895,41.81659308781269
313.64922302675325,171.5293253867006,36.93229954889267,43.561656328466896
312.7962917536695,170.67747425632993,37.08731897543879,44.69114085248721
309.7650959943931,169.3618985309596,37.287737208316614,44.92083904662083
305.4560194672255,170.6886080824294,37.37290934376752,45.48461068617386
300.5455274640549,174.8617358647171,37.44665709827767,45.650764331803515
298.2378915474377,180.14461980650998,38.15759414795793,46.00514720505375
296.2268299953146,188.15468292591112,38.878570029685335,45.68635878058254
293.8872527414081,195.65071455929728,39.268035473472395,45.52874051350498
289.33014209666726,201.93435507719516,39.45399023768546,45.50829728441087
283.1204054341501,206.9797392178322,38.67007439493423,46.16773595046352
275.68957459151665,207.9947706956355,38.53772610858238,47.008949850325614
268.5428922537652,203.8193102817717,39.76188549996662,47.29343677149809
264.43598297370164,197.27203115266312,39.961157665745674,48.054416919973995
263.22283897056764,188.39993333528355,40.329937918641406,49.54500575846848
264.4614973725935,178.93147080622563,40.22971228394698,50.04801281731676
268.63394914611735,172.2440070660735,39.918278890707974,48.862704320448174
274.96190052599053,167.8684540956998,39.28813964261924,47.487902363246334
282.89231888486637,168.1698413032155,39.2750287930927,45.34847812502618
291.24345146949815,171.42376520484675,39.722702207203156,42.93254783656468
298.95604025357426,176.19464293421336,39.93186969367743,40.86620331609442
307.3213561321894,184.51485085555998,40.51825072331235,39.56656010218535
312.12110582347736,191.9299591887345,40.44312725626375,39.02302365739395
314.53744718782167,197.95206072594638,40.376401406237306,40.95791890297749
313.06991102996096,202.49562998207927,40.07980000445991,43.144505900355284
309.27333045011625,204.13519351322327,40.573690820368874,44.0723576359799
304.52949744105524,202.14004461053804,40.48074656322223,45.02654027182518
298.2756942071514,197.8593766511426,39.76540400301487,46.22586380429405
289.94671152512063,191.98980904835068,39.68629356141226,47.35748939684076
281.0639203433348,187.3529090492501,39.42974114410014,47.98429098958542
272.78642527940445,184.53019789297386,39.013925150134725,48.50405097532514
267.2975440481578,181.9482523955919,38.24178011903666,47.747766894558026
262.96453142781155,183.53400440455204,37.909379876025575,47.05200879300435
261.6444639110997,184.9772821435726,37.96822466439307,46.351957917395445
260.50305370051575,188.24441879342356,37.954373695027634,45.330298867876635
262.36921257070225,188.48085585892397,37.42509798498903,44.57390177335194
265.0882674996699,186.85096742499047,37.67043024283745,43.623696722884034
269.4067315121362,182.04813773214354,38.77778780140089,43.24164420214474
274.69417115798916,176.56108105484802,39.772566789113974,43.358080097019005
280.1484960865855,173.16267932352946,38.81492096024161,42.944822486352905
283.5010008397033,173.972747854508,37.51416207580166,43.640802949496575
284.96646875080006,174.94489423127965,36.557408620932996,43.62715423129257
285.1686025631544,176.7494658925941,36.047877465016164,43.07495790153787
285.7431628290993,180.77224815328637,35.73080224982269,41.7937623910786
286.0389774368682,183.7623983576444,35.539591405246924,41.54545136606003
285.3811052163265,183.7291581170168,35.92294855394529,41.60944005185735
283.38342809053165,183.13611381618227,36.208282978645855,41.590773943328955
279.0033946908973,179.83896763351134,36.365145050741724,41.845441426926435
275.50008543340925,171.43033687098867,36.5702980543958,43.23358479553865
271.23105673028044,163.27680506628397,35.85158341933263,44.2810191553753
265.1697807579774,157.31755741212365,35.44398113572831,44.519678190502574
260.5333190959661,152.56170929969758,34.48857003287106,44.50290056128978
256.83775433116875,151.52219126231043,33.446495865261156,43.6107232953048
253.70609142323255,152.36771995395165,32.8006801406062,42.65451596104121
251.14628927134152,154.8339200960569,32.59018295436748,41.553414266537146
248.18263511663002,157.91520156051703,32.27243701879537,40.650436241333935
244.52666016389446,162.28254640393124,32.24433288907969,40.50765310205188
242.03128375690812,168.53430013659653,32.177043176807274,39.173081412478155
241.10932115879396,172.56246088426084,32.10722034714142,38.027021548161485
242.42898340681225,174.31473022786668,31.775358543365574,36.98404120292983
244.45044108125535,174.431699655523,31.76281533727115,36.135836548094716
247.3601409259402,170.7838043171984,31.69210053101915,36.46214194184603
251.1551349341527,165.14848920079265,31.485203487494537,37.535700145543736
255.41932714131,160.13836677462126,31.391812817076396,37.83968027315506
260.9637912616136,155.0242426756961,30.789812562614237,38.28161732140826
266.992805361757,151.371982021394,30.601962584983646,38.183096790412804
272.92390560598835,150.06237353292707,30.39295175563965,37.32226224986012
278.85771000978093,150.2465709244209,30.086590773676967,36.756892608230814
284.47743818595865,150.5148476103258,30.50186235711257,36.330462982518114
287.4102080007168,150.3636483802403,31.067453613674214,36.290113992814184
286.96374168662925,151.54146816749653,31.297442342217728,36.39098019375341
285.55179529544006,154.77304293543972,31.309947347267673,36.364496669677365
280.94222500353766,156.06707911206078,30.901618868267278,36.35607877162016
276.9453714677419,152.73522341191116,30.99115256568274,36.37591695719772
271.15045915159,147.2825996897838,31.28233503947836,37.45852112142314
265.47410531972264,139.55652425488913,31.57650903469488,39.4790037096573
260.0617926369875,133.24400686327022,31.104516892230613,39.13961817429165
252.80246064185638,129.44448365065185,30.032272831955737,38.37021348105914
243.36007348315852,126.54056027133201,29.64746058624113,38.06912965193023
231.9382902478547,130.2037589626814,30.11561506954409,36.40407489008108
214.31546820932428,139.4485727231984,29.92520873156589,35.336898388334205
196.93787983422064,148.85674597823507,29.504417311607128,34.47563954000401
182.40102863064286,160.63272940216882,29.99315878126273,34.56799031908962
171.11214131304612,176.2046944443158,29.579428747266725,35.15277994609935
165.3562562302476,188.09344887629408,30.34909438252933,34.893665552357646
166.55181199043727,195.52577599630501,30.507833564435686,34.80763584694273
168.01501286790577,203.1140840444207,30.731253567769002,34.814500967142
168.17818919441237,206.55914534822242,30.99587524565789,34.93117471955447
169.83555617674526,203.33215178646884,31.30945196138152,35.53428074336067
171.6153064466513,197.223018916046,31.565041601012815,36.01791780683824
172.3839824582517,191.71986887970434,31.85065734552748,36.30677155231204
176.2880526872889,185.64858505947802,32.14541453149597,36.5673525747227
181.9546553791927,180.53182456993667,32.07439138340619,37.156004703097366
186.52208822608924,177.70647194081715,32.74684914542366,37.7414638561423
190.87339503642045,179.27358374578105,33.55588370286185,38.24950222817862
195.79152040597992,183.16097641324177,34.477471212949425,37.92852615457922
199.63089646561355,188.42740317576119,35.034621879937035,38.40223390883729
201.60560109460738,192.73419267843886,35.56303444888418,39.40882263572068
201.7119459607658,198.76518108267223,36.05465471651013,40.832249841841346
205.6968180373981,202.90952482793978,35.791800192609585,40.93033450706796
211.411427334462,208.1024563810275,35.485874521455386,40.95414795271135
213.28348267061787,214.22900652798518,35.93185402858698,41.759409665937156
207.67027596255912,219.79426518463566,35.45257610711906,43.242255618627354
201.7815533611927,222.627742343507,35.50884802341392,43.48502172172209
200.12364582442132,220.09959083965873,35.941850358538105,43.422046775317085
200.92770455591736,214.32173156237096,36.04534213989261,43.57949567657232
202.4337270988193,208.3526604519304,35.83425020388427,43.783081699333316
201.6012065950656,205.37103199453423,35.66984561088201,43.351910360951834
202.27615246884972,205.28313534711324,35.5844240829259,43.06406406862988
204.4686699702365,206.75024559494244,35.23511228953345,42.83611689030849
205.2134232075822,209.6743465710453,35.30262314119703,42.546012300621086
203.7707069257669,214.38353558782495,35.86524338602581,42.613147000521266
202.61048961713132,218.40780923151783,35.93590092466839,43.068090161133554
202.93088352435976,222.04088164410294,35.42653689649406,42.82540810833273
202.15908262340417,222.18219643693539,35.03949561674018,42.860364050564726
201.75049926796396,217.53186733991316,35.22634171900471,42.55621629825907
201.0505882775525,211.3596526872745,35.49205265303661,42.60647903859498
201.42146273280395,204.025313537279,35.57176381075956,43.40005052706255
202.12735725996345,197.78986647736735,35.827616992196475,44.092018751194935
201.65620819061442,193.67542525179888,35.62455394582064,44.042754458557454
200.86771559399895,192.33815018471262,35.18935285021797,43.70948279440539
199.52540078364106,192.30191706447735,34.863507312242334,43.113372138685286
199.32965778006556,193.84258921321174,34.73334950196857,42.96874797404428
199.20948704328745,195.77384618261004,34.69231771311941,42.80281158422835
198.0230663492607,200.06045672541165,35.05472113577985,42.31543453854212
197.7235629782856,204.97392618803684,35.163909930580786,42.24116590137771
198.1413691407029,208.5852169940921,35.07438718342105,42.093818225577024
197.93655803428905,207.15650962521295,34.8417227975663,41.969227844011584
199.6773096874611,202.9370468606968,34.92507387469081,42.83887513284002
200.84437826765313,198.54474685290444,35.09254317869279,43.49800117228946
201.1724721566345,195.1786703285233,35.15100030963504,43.29338902711255
201.51528610817496,193.49543959495261,34.92727642567148,43.1666070383671
202.12720323047057,193.36969990886186,34.448746467560255,42.42469328739874
201.83803965683472,195.19041779928463,34.33409910702321,41.735684893790726
200.89157588580593,198.5624155593203,34.4028367477289,41.38653438256952
201.2812559289948,202.2197070417987,34.09813011398598,40.61203911750282
202.99372201267306,207.36253066028098,33.76398201950541,39.6382300305627
202.50239496685307,214.0302092394128,33.88319392860451,38.61491701597576
200.46110171271317,220.8311350918891,33.6898595689644,38.34188077122824
198.66010384455876,224.64854954989852,33.082803696233896,38.93824730503856
199.42845915841698,222.95341449813182,32.99438067475677,38.88930985470843
202.5618841480386,218.29367230632863,32.75781414659386,39.33225500796814
201.39764876759364,211.69950033505748,32.59106448473906,39.35182053101581
199.43237342318776,203.9600276261835,32.33116879675029,40.30860255765046
197.48629587574638,196.95525610035392,32.25405747699068,40.543244219233955
193.7269516073777,191.15719208980312,31.904442237940632,40.681510340005964
186.9661482728548,188.61149978055968,31.698791178409806,40.57674417876872
181.54858155189572,186.29961113108595,31.386302511868507,40.15115357305308
180.9707344279762,185.39808648126024,31.33316580706324,38.839707356881135
180.3431666354699,185.74923665726246,31.0897248702023,38.15122478366519
176.2696535592109,190.25444105375473,31.249791088485715,37.12089373421094
171.84762609789917,197.59764975495304,31.33420627111897,36.6402515927396
170.2249475475909,205.43409838197732,31.348529331284475,36.92215399079066
170.78233671254026,209.9359324036563,31.47521597388174,37.214446373763266
171.08711244879743,213.88445723115274,31.700500030694826,36.878363210469615
172.74061819667133,214.87840636308738,31.709338554401917,36.84882824120177
174.34536158482527,212.35464605417934,31.934022024218343,37.48235550040576
176.67401632965172,208.30471351443526,31.822529432911367,38.019020582945686
176.51786769161095,207.41868612284583,31.69496135826968,38.170976060018035
178.62674620464122,207.20337570834593,31.603040704584604,38.39902862620234
183.04153366149467,207.76539853317146,31.759383835921646,38.51962082349795
188.91920213438132,210.02263027610428,31.770879241832922,38.54463277861135
193.48856179606176,214.97825327511418,31.996336668655132,38.46271436390455
199.721378324095,219.35880401073592,32.00111395957349,37.96763271382807
210.45979263764582,223.31427038532664,31.68338491132934,37.14661810124331
221.07762553099823,227.5830038704228,31.798867729971157,36.474698788063904
231.72901920763618,230.7872169818135,31.776935555528254,36.476406403936096
241.2315247722856,227.40336475900844,31.61056082454483,36.71357086007474
253.7683672756863,217.96502293870378,32.280535790887996,36.97316999751024
260.0793862578396,208.4493144557215,32.764649407392,37.462081699192574
268.17105936970063,199.9916440027303,32.9748101874541,38.9698975426139
276.81588692555783,192.654234568869,33.0700351416576,39.69254031628141
284.00911832733874,188.3870716648996,33.73553900527108,39.699300168104436
291.6228970233327,186.61740615359994,34.085258796815914,40.16365808431948
295.99313171318516,188.15617912881746,33.91452208312658,40.83918582620623
296.9572095688663,193.06032464335436,34.1182554766075,41.14864496497913
294.4356465393601,198.80568956539625,34.237911515325685,41.5763874109344
291.4067780928583,207.51031042319892,34.23363239804484,41.40760132277046
287.43907028139984,216.5643421469515,34.203872392299616,40.77287695607582
279.9470036851566,225.42940906212615,33.63312162787702,40.0743116529482
269.60616092651355,228.97650514276023,32.94828530983587,39.187921310527685
255.1566461215685,231.20421671729713,32.448650445238705,38.9354462548682
240.4521158612215,232.4058196314853,32.17115891820319,38.89789656395835
221.9437930026345,234.2889873626191,31.767573769898746,39.14324981094971
209.66570628842052,238.24762672957218,32.56189493392235,38.7637728195973
198.7627920843472,240.70780228381412,33.28612124551138,39.83261085906265
193.3612047101721,242.69674861152444,33.77032531362477,40.98454856405459
186.9283358349858,243.70727177894813,34.052341903108676,41.31405741071052
176.92123528496626,244.90872129908567,33.53599872214194,41.03147582954189
165.17013289625018,241.20834555854225,34.0559571006483,41.511252102346255
158.45912368867795,232.613714980959,34.5903107208709,43.33767641974416
157.42414929137232,219.70716196858322,35.19274810000056,43.89614186527212
160.59253431971658,206.19649551126446,35.81808045648954,44.26744845849848
168.95436229866323,197.47000585668184,35.84138227752694,44.62971617403582
179.3294982831143,192.8370817837527,36.19163711831713,44.051650287911684
187.0910605956067,195.55235560826412,36.26236167546127,42.270778008151545
198.46117160401764,200.30000502476975,35.36557876081221,40.75746665148917
210.54415809058966,208.5002518052507,35.1152437576389,39.2679065850951
223.87120930633643,220.1657081205305,34.79107067795198,38.739531872626316
236.35302392622356,231.98603850422046,34.71946261737699,37.981582515768864
251.60696067621126,244.86922327799763,33.99938513790938,37.36721530280925
265.4894530011552,250.9345864651291,33.37311432469136,37.29004250978413
277.4049970478017,255.77853429602334,33.48105020295604,38.109629376682136
289.09399816325185,255.23063240480852,33.45737803492192,39.17479997964091
304.60526287368236,251.14281899464663,33.7382200435043,39.711680061530856
319.67501832719194,245.11445354347964,33.50473979139239,40.98111276135019
332.0713776454205,237.6608021091155,33.78033475356806,40.474566753125295
348.1111967906929,234.44266374596384,33.01668691102132,40.40608798244989
359.5968555978501,231.47957694453677,32.771201282180506,40.51561405570197
370.3804216105411,231.42493933225222,32.64255154134449,40.706907819580564
374.46509277953965,231.33496823327613,32.6531866203395,41.096624765023634
374.7508047332773,232.63678243039723,32.63454179134787,40.89360610245562
371.26528216760045,235.23242799656813,32.41135016733038,40.94146358690458
361.97418994038924,236.98280346634394,31.773932036913937,39.46875901690562
347.0131532745008,242.59978330260535,31.712158704262205,37.42408080800585
328.7657947294744,251.63151388056465,31.02585315027193,36.96162520628644
308.8381747163091,257.855471696118,30.80047336459083,37.17657426023828
289.57018917743983,261.23640912994796,30.38738972431174,37.48027689959743
272.0855801227446,260.56474826916275,31.479673782188616,37.735159871854506
254.71228710889991,254.58496910117734,32.453268629458044,38.36583217572088
238.7760190702192,246.4817207075259,33.425883289583105,39.03677693818242
223.59153938411836,240.50656194768555,33.700800837444,40.33772998642755
210.28699697856808,235.35856409338993,34.15678277378865,40.23807483137137
201.83477569363782,231.38982419205666,34.637895036642334,41.158400894108716
196.66221687186504,225.43912807551294,34.7407355348022,41.86749996008189
195.49723073730215,220.00894834019778,34.225955730640024,41.801242762011036
198.12351483106048,219.11855777531807,33.334930244844536,41.49035719331466
202.09004862443672,218.7504532437748,32.660303629466576,40.66422218215192
208.55628762508815,218.56712779552237,32.18625401103725,39.60427917892993
214.8772393375748,219.96869090737005,31.48915287030467,38.93487001532367
223.8035265963711,222.10179424896205,30.767031462453254,38.32258612838902
235.0481966266126,219.7001010077369,30.57190374327891,37.266819816955106
250.3630025712099,214.19336995718567,30.392281172931927,35.711476223477476
260.46403507261476,209.03957280296817,30.653802977373175,35.662706281729385
268.4771485452773,203.18608933008164,31.635594525700455,35.788833116723616
275.42754181934805,199.1881315515778,32.21291447627716,35.72046530275957
286.32422112066126,194.13094489193747,32.26660749413415,36.48036360067792
293.2715280882841,191.18192606772595,32.89599181938655,36.9661888772748
299.8704570284042,193.438271298826,33.682574742674184,37.77906518372096
306.6484788940956,196.4494465213025,33.93480814141835,38.356953538816825
313.4707538772813,200.84062473673185,34.494704967649426,38.85922406871246
320.1536457812737,209.87266148040337,34.99112189666413,39.09298307038311
326.784388430429,220.51156350580607,34.94333689284825,38.94567599833752
333.77692933412675,230.27978108527634,35.09649589966173,38.84548771134518
340.00055886305586,236.83048593900008,35.23050038397873,39.42993291570187
344.60516733589304,240.67591758783496,35.41322736988403,41.77155367259758
347.41541752622425,236.96285221568414,35.805507178735695,43.02233470452738
351.7544622892806,231.24888885182764,36.31448468448341,43.87230332524573
354.1119392490015,224.09002890628673,36.60178000591675,45.15312269600287
352.64883297273747,216.6956285367563,37.162197422946846,46.174217517705365
350.6604879228037,211.88527199971082,37.47125589668519,47.09841360113465
348.0107701381861,209.33501949074082,37.9011555429163,46.87265757552612
341.4278716554829,208.35701070225,38.141831200949724,47.04446566268533
334.82726924024627,208.58468579129237,38.577842092213885,47.65624414289525
326.7845231327923,212.56527056278597,38.712657389092094,47.14994291655847
314.8737405329941,217.93582688021027,38.84317873492874,46.905909177278694
304.2366194197025,227.10453336431982,38.98908882345041,46.157214623366286
294.1842909802803,237.01238996078237,38.897529119042815,45.69049663918141
282.6890466843831,244.2782722048005,38.275699671896845,45.65055439388196
269.09352690005915,243.43392901938438,38.77665478314725,46.34748736534206
256.73966075784233,237.27176865541074,39.29246964814724,47.48606285403156
244.06271005431225,230.163435975065,40.37583653982661,48.50409788177626
233.5808953326587,224.90011285782302,41.58769596360242,49.660496275378854
224.3821248587373,218.08557359074126,42.160524158149315,50.79339618252824
212.6774077590583,214.19332721807868,43.56575074642336,51.47993322411803
203.293074389907,210.81931464353073,44.13056769224551,51.738428763533776
194.12780086694966,208.92110900920392,44.96472725647074,51.8529712406072
187.58040479884033,207.41511942637123,45.11177311583391,51.61742471428645
182.82522597928812,207.20727872766489,44.59067762230896,50.97903456609827
181.0279991927329,206.7985457336941,44.0800434383088,50.49038099284445
184.11095192184604,202.0536369768274,43.24912562046335,49.51044142649976
190.12422415496548,196.82384117505256,42.897171265003294,49.19619880153381
196.23203748099644,188.1177340262219,42.90547211080511,49.929282544995885
208.33696332860652,178.22933318925544,42.1210297326016,50.97507759661435
222.40927980254452,171.51345625260814,41.94820617193264,50.42460700549249
236.79454650247658,168.26107650991818,42.028106121677894,49.06083907845782
251.71955049468872,171.47735097737834,42.21044867741474,47.44034525446892
265.404618003973,176.1516178207405,43.37447236551125,45.668625265559506
273.5443963279881,181.51656458611075,44.08423075043997,44.569896285600294
281.0314754755692,187.37290907144654,43.33353551374942,44.7540683912837
286.86758849326304,194.40223433365784,42.51597141989009,45.178522572671646
289.41810491865266,201.89566956922886,42.317404866260475,46.488609117520824
290.4333303834763,203.89730054804778,41.733226548231336,48.023248084565566
290.31559158670825,202.57222697817286,40.93607787051946,48.9074426371877
288.4920468813372,196.29582093665,40.85594698440186,49.34929375984531
284.40725354625494,187.59920154552051,40.83411691414892,50.75902729308083
281.66509016834243,178.23565436180485,41.39521349877037,51.08133650426217
279.5018101132855,169.2279035831289,42.283475145062766,51.403083865447066
275.2667158042592,165.25613855681996,42.460561498711,50.67896274161227
270.608109866486,164.91392609581493,42.447247976003055,49.41077097203302
266.5931457708595,169.30278878734012,42.36921737361593,48.494845305932074
265.3254298692403,173.17442931011843,41.77414051558422,47.698887105834444
265.5446818092398,178.1951692000297,41.202217658324585,46.88437132289908
270.5642608297459,184.23412852261393,39.87014331939989,45.55583278942496
276.42554279148743,192.4425741583797,39.0057060362366,44.04072641474403
278.9004128454381,204.55065151757248,38.37625029494288,43.07477387531357
280.0718973690841,212.21385990136733,38.133942525421844,42.71202306994307
279.9910624546116,214.44111477634584,37.83260970243701,41.570680176751836
281.2661764053329,213.5922338547822,37.55169847427332,41.58697973197624
284.783527159337,206.9180261859745,37.39091359224165,41.89360124634946
289.1215508036252,194.1716746862213,37.279144906265316,42.45067726221325
292.258435856883,181.0698661549717,37.216327081701635,43.19603664954164
292.36908975933494,171.34883759014923,37.640510757625016,43.87881834278518
290.23108458726847,160.5016381919318,37.444807081982646,42.83755849359017
288.5032026398054,154.32899876590764,37.281611788447435,41.9563053632166
289.4878167717935,146.5353189427918,37.43569265990823,42.05606849760742
288.78486994902016,139.69189124350675,37.15122671301717,41.92129437194662
284.94823239520855,138.6480512913063,36.887188263969264,41.14561840133225
279.0058216348106,140.5767949414543,36.44217770773875,40.78712378253954
271.9999629907509,140.45563674579816,36.24294414441786,41.04661333744464
265.42204253709235,143.11553852891885,36.269538340003876,40.82228019967003
257.57498057455416,145.9758841319005,36.75201713873753,40.988289623894715
253.49944200465274,149.06636484264374,36.56895254727816,41.92523572651713
249.56225373104132,151.48583555575556,36.4504616247134,42.15779460165457
244.27630146397016,156.99825239525939,35.85031854380448,42.14114154093309
237.6172956367731,162.61121821137974,35.52382469740512,41.39203848382663
230.44671465845758,170.98270579090587,35.40841126035939,40.89780638202532
224.35296105773583,180.63349476375672,35.465490147593904,40.449972943159594
219.20489381106495,188.5046192337114,35.52222949933413,40.51029625361645
217.37287635163824,195.4451394710261,35.58979143959559,41.059527881343
215.72589306713206,200.4029205496766,35.65809816134848,41.173010829022445
213.63532743537556,201.67903382876565,36.41230185833314,41.282298553070916
215.2153532567317,197.17938939488133,37.703446886153095,41.46163254870821
221.40944588941764,189.08483706290622,38.378184098503354,42.63860361433082
230.69861649396427,176.9331649074549,37.823076303106404,44.47099684491117
238.31501389182432,162.54678098864164,36.53398515881453,46.078811450726164
240.13079535885396,150.0086885882818,36.145496641869514,45.77629599509817
238.1642324130559,141.03759542709685,36.81336636700746,45.375598253747384
236.2428838740788,131.86953753627975,37.28603065763865,45.318577057232154
238.09959778325668,125.90576107314456,36.825109810642175,44.422659867840935
237.34900147537354,123.61971574464351,36.455277937005704,43.497717405641374
237.24162331970896,125.13447937583892,35.629913765890095,42.12220413460645
234.088964183332,130.43084726543407,35.084721441415034,41.290883836983554
229.98994572383378,138.03493376391523,34.64214575817757,40.88850078753095
229.32771638613963,148.8183963087278,34.55044385006977,39.719473418242714
230.29255342702214,157.4060547422703,33.903055100984496,38.9999861715191
232.45631645186705,170.48900887406242,33.4191934590248,38.522464825049084
235.26247270054168,182.25946080389164,33.0973868477534,37.70167471966313
237.70733602128186,188.83569385757517,33.163559921696596,37.14076897606557
237.4173362999607,192.91091827512736,33.41232347871882,37.08200543606619
235.2214322893584,193.10448628112718,33.30854701200839,37.81128242131233
229.62301643457286,190.89522479226508,32.97715377651109,37.875987936115365
222.53041622940023,184.6766650626043,33.49318094619472,39.483291530873984
219.10275755050336,176.85610194326438,33.19366451034834,40.75542019570125
214.45659545392016,171.7207669331995,32.91877755239169,40.46399934211274
206.82842132300593,171.99786632807968,33.07275364472553,39.08741017483092
201.4532508663475,172.35901635025579,32.979122351926655,38.584434659649645
200.42407250626292,175.50676292226248,32.808912187101306,37.99432720060334
198.95541816345795,178.44043994487356,33.18687491209419,37.6444587739725
197.45582921083977,182.88071637518175,33.20166828058742,37.629587561610464
195.7856058433317,188.32089967159555,33.15618400058888,38.766738058626636
196.75804606154827,191.6314402958642,32.506462188804775,41.398866877838344
197.79324664162118,196.03176402581641,31.740710262476995,40.40508606374692
198.75831335163628,196.9166345426761,31.367486761231937,38.52297465075842
200.10589945996264,191.0306762583279,30.986504455467866,39.0932072213469
201.91010944730536,183.54387607392525,31.620013535042688,39.80082305493494
205.69369737329157,175.10725321329537,31.852467848170384,41.33197244745934
209.6492507511729,168.06806319611604,32.158582352478504,42.0733153953312
213.53707880731125,164.76929005687194,32.32834316753946,40.65414471672709
216.67546821284458,164.65968554734278,32.29092707314758,39.286860243658964
219.6031354680641,165.8953698114986,32.50820675567123,37.95825533000187
224.12270597822004,169.47592932507106,32.45614535572065,36.73389577475025
227.7916778792932,175.18094198871623,32.5257423517616,36.717459467235315
227.8911558052598,181.80884668271867,33.00602267345815,37.46443671558294
229.914202071503,187.71782540000686,33.12394018888431,37.337957056580294
231.67457913140626,195.79562552602314,32.94798916394169,37.42989060276551
229.0847999013154,203.44872685356296,32.63121211768425,37.88189240782991
225.15296409878584,210.38683894690234,32.200178331813134,37.38409477297001
220.32214145495263,213.73238467292876,31.833200992221293,36.77855744384196
217.62869295205093,213.58779742082947,31.555529573799816,36.53237208857399
215.65702475285647,210.27511322325512,31.54348720136052,36.52719629808428
213.91127271628076,202.6833760494668,31.622857819235456,37.824979956574026
212.65328645169413,190.33426779657248,31.81773607388784,38.97622037288512
213.02013657709026,180.6420338735275,32.79319519733266,40.63415242185593
213.68624325844658,168.55062453727692,33.63263129064417,41.16463878844886
211.42758505218458,159.7817362525264,33.9600344303105,42.073804746987975
206.9810865654689,154.50460695354454,34.03075624199871,42.66967597007378
203.59621500446502,149.7889837240913,34.377859517204655,42.6332109803108
199.80190611124482,145.77987807034393,34.48630753054326,42.54693582235147
197.4197877440221,146.06506504515363,34.88196678467254,41.581341265212906
197.41420212659233,149.607279317336,35.45852097699061,41.94580674474342
196.42941791724,154.2328656551752,35.98370088689859,42.33639108047863
196.331400584919,161.86047064717894,36.30065208948105,42.74373106900535
199.5876563981081,168.02787755761182,36.260399507750094,42.878774464020914
202.74319464991052,176.57665630361674,35.907863443750955,43.5116170574603
206.92708697029917,182.34033175738466,35.00366561022466,46.994273054526474
210.8856222024473,191.81320308915176,35.24163493322085,46.199777415528445
213.35370315703256,196.78143020419316,36.44915073553713,45.06226193666632
214.6510684380023,197.29225812045905,37.36375664515525,44.80013825774098
219.91221981324435,191.16819886083647,37.53168426423906,45.16131772821903
224.01776454339375,181.20557600922166,38.16350461686751,47.725218140310986
226.1894767916366,166.19042664115852,40.27089293700166,48.402682174899155
231.0404627585825,152.69073004138272,41.190540227658225,47.92518481048594
236.83399734433144,143.5971428342223,41.549607530769734,48.45460241938682
245.00037677637283,133.38602855035282,42.36369162322988,47.57206910052912
250.53157106267287,125.13528019392314,44.012498996369544,48.161310526218074
250.86878319052065,117.80627577202515,44.96645873477649,49.0310789372748
256.65945674499494,115.79414505225655,44.0305154878274,49.124288645702364
266.32060186786435,112.37488982113399,43.96126937050651,49.09650710813061
271.72315980080833,107.4213646136092,44.80609399534126,51.11785252897852
269.0539930509394,113.5941578324308,45.874966340141356,52.13714760683825
266.8622222222118,120.67866552520023,46.758559257591,53.94973012169002
265.3393161001898,129.1280641072173,48.24496700925677,54.13419444752398
264.3015656488853,141.1593350168999,48.78859826197882,54.12591478941373
259.77362893649394,157.27819618703427,49.10727381078496,54.894505773119604
259.2330198031328,169.31252471476876,48.79429664007593,55.298751015624234
256.5868877761592,176.55872092277002,48.90065905217733,55.39975860114757
251.2791469872398,179.61713459264809,48.55046718336084,55.0625895789574
248.06834816042826,177.0098558718563,48.428195341592144,56.08585711880754
248.88650512205336,165.7676689917972,49.05063209545068,58.92115250978516
246.32436314234317,155.96321582044857,49.6983602305913,61.20056437616404
242.29542688229245,147.52334950852367,50.69974089888608,63.09143305500655
243.29704354831213,137.71502988427108,52.179576986707545,63.27479898808201
247.16794335890182,132.33239192434348,52.5408934009896,63.683540903725756
251.24329512253053,128.28990800195922,52.74272416786063,64.18848355241884
255.44337421110538,126.70238739861108,52.65095851543013,64.84692200452223
260.6882219200113,125.8843610132247,52.91899453530141,65.37231910989735
264.56857409867536,128.88020182986855,53.089882642420356,66.16678602473587
