70.5,51.5,107,87
68.86291847102808,50.16552476188714,108.31189142717982,86.90944329696546
68.56442065118692,51.05001228136517,109.60722402574734,87.44286479388282
69.06678608278078,49.12017541631214,109.51535713236248,88.43959749730126
65.7986729432167,50.59344777992485,109.4908281586525,88.17878298896316
66.84096697591104,50.622277525548114,110.0768228645651,87.92354144655869
66.55446902838987,50.49480254780575,110.33154083435451,87.18875693119915
64.59809625573297,51.51114265467041,109.94084628567418,87.91495900163426
64.09907562909642,51.18146003769822,109.0796744251625,88.01494394268617
62.691420451975446,51.76292127855973,108.78772264485244,88.47299826665011
63.22533088687828,51.9772399524456,108.98412964217323,87.76667587268238
63.67514793785347,50.62867576632881,109.04747175749276,86.97602438918781
63.461760963722256,51.79696347805053,109.27454909041685,87.2992113482517
63.333999902056206,50.760528161104766,108.9514345674782,86.00400351191313
63.158685125318804,52.183738595115344,108.66043162364237,86.46512234535376
64.2636926086798,51.90154498370112,107.75844845432943,85.05975534912703
62.10866378270666,52.36984152654317,107.34755741013925,85.47893285136408
62.69954236706211,53.26756286557917,107.12408813615414,84.97040940947524
64.1379742146497,52.637613635733345,105.97888611833949,84.93661063119845
62.97384314844816,52.37398603036651,105.41832760254921,85.26721570939523
63.61569782401285,53.33515524359581,105.3527424026497,84.41258124526269
62.55113371200283,52.96459688705632,104.78840229437908,83.82695161377532
62.38998874931106,54.78256662915471,105.53372164252264,83.40641234854216
62.67452223095924,54.763733678000115,104.28541206829487,83.35702288063975
63.59100057077411,54.00491785983917,103.17941962397092,82.72939752080686
63.369349445478534,55.1932773952214,102.64720507845001,82.41573325007596
62.6740461587104,54.15532858658277,103.03918518142049,81.79405339085176
62.12388411884787,55.30437848955701,103.13579493810172,81.14937260269502
61.57987748984142,54.92150667509738,102.55847373299511,81.45244840877645
61.159465096292735,53.854296001766485,102.38966891289186,80.39276532237855
61.078728870790584,54.233535940628585,102.33560174456957,80.12420650783909
62.03048461012567,53.80711230643955,101.96355090871404,80.54471586628026
61.220517588333166,53.75367244122143,101.89243346914475,80.85926527206668
61.212485378057195,53.58018306361027,101.46911629027042,81.31026121792421
62.504616945264516,52.73043468624583,102.22448423648322,80.31135628312367
61.29460008403118,54.78296688029164,102.17970782596954,79.79394410145295
60.86713218972823,53.23356961517884,102.08906426458078,79.60757546753976
62.382972710931284,53.60064670861906,101.02703468282226,80.25390455035078
62.49341425158828,55.01547506234232,101.42757317705454,79.67786584484213
62.10273477186495,53.54121382592841,100.64533958336246,79.10381174715909
63.60740885392113,54.073549763314574,100.40924199908409,78.62288964350492
63.52329993021459,54.72700113779594,100.18680966353475,79.0742293824496
63.49906709361024,54.778790960474794,99.87210015320882,79.18037605580889
64.23542999884846,55.52714790981537,99.81781253891464,78.50621191746939
64.82429569410154,54.81325275059717,99.88031206633909,78.08688910342897
64.42342466819028,54.87975074029393,99.37649913216153,77.96084803799437
65.69072926020337,55.762940752179446,99.09544095445251,77.05392008302903
66.09135902854105,57.39022186324395,99.1224482768317,76.41083285174474
66.10914284662462,55.707374714491806,98.5725111529021,76.83800433354469
66.61103113715124,54.79457183838301,98.26700864783382,76.06018649033382
67.69616737148202,54.73454506657173,97.30657969552206,76.60646867642006
68.59040573947938,55.51841479209711,98.24153454674658,77.21894386884769
67.65645426968226,55.274383938453965,97.98188593070726,77.38412161254908
67.31450130239584,58.027325836501184,97.79047226517483,77.63664731657671
67.97892558849455,57.96753816607606,97.9359388594508,78.01925273941434
68.13195639451958,58.21370552625706,97.83867069382237,77.78020980476936
67.66581213263457,59.38671075116147,97.93693741087546,77.131550810649
67.33329567865361,59.17271205537921,98.09436899809381,76.89332014625955
68.1276833668147,59.731710278903606,97.76384433512003,76.12550059983599
67.65320479419333,60.34731930512051,98.27421679503715,75.48553231136779
68.93788608905298,59.888320105220245,97.85434599227463,75.68430011891749
68.40917000557147,59.15277982701421,97.58201319704129,76.24425173713148
68.23194972815521,59.186139830146594,97.34095012361988,76.819153380132
68.62846797819347,58.27035742604687,97.24336923429546,77.7038026214102
69.52495944211526,57.95860743834892,97.40454055945787,77.38081099772316
68.73214024209855,58.24937756671617,97.21856822264436,77.49442785167973
69.38434849185421,58.067490428931265,97.51244073604198,77.49458974364549
69.64491985297951,58.35186041559813,97.72177820788318,77.40615401149218
69.14726777563926,58.38328525049973,97.16378472367055,77.69739446605764
69.7828579181749,56.51157985597755,96.54062530213228,77.16338807217964
68.972418357408,58.347026226539185,97.00568453078279,77.13841942239549
70.82873137840708,56.40958959019784,96.64232573312361,76.43586769202642
70.08654102382137,55.85898630621276,96.01678045695874,76.4381114761831
69.69504239631922,55.27475798592985,96.01199748668608,77.11785279592334
70.40345616174048,53.45357246413896,95.69641655122626,76.73888633034986
69.51760925656515,54.71800829575973,96.04493621873938,76.53451951940323
69.23123644046109,55.31198903269477,96.20624165729443,76.8715672008066
69.55071537163961,54.76858561924246,95.91909881001496,77.54794651697284
68.41816568472235,54.12701327241008,95.83218626482787,78.63399973550847
67.86944418436326,55.392257639548845,95.99942523169443,78.37872948801683
68.07723646856888,56.86232308797837,96.18022316202433,76.87083836204707
68.46858168011507,58.473007351078394,95.91934487987359,76.15933440455734
69.24173490373428,56.445057559706854,94.96065088275799,75.6244766173053
68.78393930827578,59.38412931647083,95.05256983866295,74.83719537794727
68.96349970957175,60.270155247872324,94.89813870269984,73.99997519401163
68.90995164258158,59.116067452600944,94.61078527484587,75.1016544266366
67.98381918253233,59.10598651353757,94.72138578530691,75.64895799501755
68.19237093248532,60.088173112506084,94.87400976581245,75.19638651674606
68.27286502850063,58.01029973461311,94.22441038227066,75.37884282911159
68.20194981613491,58.010155812848254,94.0376883522921,75.3314497992175
68.41534936500832,61.54434396411875,94.04004734609038,74.32359366879564
69.18979448975385,60.91842704901178,94.0494248091924,74.58272865076205
68.5274555702862,60.31141369891185,93.40722626053159,74.30748216046356
68.20589928316329,60.713211401178086,93.69997581864885,74.46528523825378
69.20124682156576,60.785663132161964,93.45534313980076,73.80052580018129
69.30143736028765,58.675385921959645,92.5266973729115,73.37651940668212
69.01398266528976,58.9350839374536,92.0456240539763,74.31748056487268
69.7116940132528,57.07319378579869,91.91820696756255,75.00101533519299
69.26705787730755,57.15984745356009,92.06518075560447,75.49099861952035
70.24508265018449,59.6038049353528,92.0676934647563,74.51016716728748
70.63781252228875,58.62924905295873,91.54029521895131,74.34873639629376
71.03130759854966,58.907184475571725,91.86922322591437,74.21176717336314
71.63253897986641,58.68924045173701,91.95011927561302,73.05043825726457
72.13048893911001,58.44492455829502,91.51732970868832,72.42647114812193
73.60491294494565,57.1912187901041,91.33580995934614,71.98198983172057
73.29727911116109,57.890205678683046,91.31508056995422,72.2026019987384
74.56252649519593,57.97926339636901,90.47064849548042,71.96579545662982
75.76563545737629,58.15903039621566,89.94430170110931,71.92230846974245
75.09838169664337,57.217684220286316,89.557413133975,72.0431502261269
76.32531168502057,58.66363001454163,90.0528586915834,71.71593659133636
75.37347330189863,59.172389281496265,89.52633750364942,71.52466372297732
76.76918766560726,58.719066421251,88.90629859442367,71.38136814212203
76.56095912792541,59.81800336957493,89.4160809270887,71.01001659578544
76.65173161397877,58.39101858128244,88.75717657068368,71.85137192218733
76.90673310515571,60.911096573573346,89.58199016338014,70.53201800631584
77.07426079766552,60.51283055230643,89.26711264376144,69.86439449407824
77.4458755994911,61.76498453253417,89.98053210512796,69.35694203098299
77.9318687743162,62.782634242238885,90.24584567460619,68.92371067817055
78.1070763380111,63.27159320946627,89.7980270730643,69.15806514934017
77.7818965366733,64.24781733493276,89.94347000780166,69.28644771086141
78.18361960990919,63.959120616335994,89.73174021045479,69.21178099695479
78.43464484113065,63.76567429084129,89.840906769954,69.72796524197267
78.71010178497565,64.3600935316242,90.4065243735436,69.66604066555058
79.65884704492908,63.48362897683006,89.99660962306119,69.69355979055024
81.53376505101456,64.75464708290887,89.89070809918675,69.5380828263632
81.52148159456786,65.10031371223435,89.56049198371596,68.92257071408122
80.78269308974616,65.47471347028993,89.00201581266478,69.34055667656199
81.91606736228472,66.6250329089317,89.07416497266578,68.99111470822925
82.79096215025284,67.5301335750828,88.7559937295924,68.86056773574454
82.87907881119983,68.93769794690175,88.48359004188804,68.60424922617648
84.04668747841225,68.42097972099015,88.06258195409862,68.59545662164136
83.87887943841469,69.06049817601485,87.64923265151776,68.37928604173874
85.20078010528982,68.22719669475063,87.89870896287857,67.67595992902609
86.3216073126105,67.10981685885797,86.98344469544638,66.61539718259851
87.27442213656602,67.72229238334702,87.04300986889308,66.84174377442086
88.19939288442977,65.94893400489984,86.581415998898,65.88247002609674
88.69680751806328,66.11898741158689,86.569504934508,66.42417870582949
88.99044648157947,66.99890671225432,86.25202859434202,66.97709831181577
90.00784428517325,64.92665579558653,85.7961413113961,65.31925725345825
91.10256677576196,63.21025914110673,84.61181470027483,65.47423235944544
91.32645544572775,62.68554420022454,84.69359655538491,65.98169717382319
91.72472412560448,63.421397808172216,84.53353642761081,66.06056759846129
91.92350624670426,62.436880383092046,84.69601105002383,65.11353151051128
92.78831577335345,62.01532832109887,84.61698730407562,65.31450919349574
92.86170426636029,60.84165121606951,84.36565840670787,65.01242692970803
94.4222417193398,60.576818999876494,83.8907433880627,66.03919502339281
94.92417881854804,57.683036104263294,83.73201042165991,65.34428410334601
94.47861943775145,59.18910828374308,83.99259882589226,65.22649408780075
96.591862152776,58.13827897693672,83.68292009368861,65.16234616950734
96.19660894466652,58.50126298314074,83.6518547425774,65.86362925763946
96.73005091839177,57.94379799805587,83.52909036776637,65.46827861867834
98.47090014311978,57.140586257507294,83.34648945630474,65.80841942212504
98.90720810387066,57.44420434208689,83.49295345843274,65.90136658493225
98.27175097439874,59.21775257563957,83.7492897325667,65.28132690722508
99.39538094631324,59.72249639263148,83.94011987472098,64.52928007867645
100.86227740989396,60.99860622171145,84.07490185295504,64.75307880163528
101.33720810440018,61.62664115022322,84.11763881875905,63.821942056279376
102.0971894387295,64.60869807540146,83.70800911595123,63.232639855245395
103.13305565041907,64.4590274102473,83.8861205284028,61.8684027944786
103.12093897695485,65.4505667877236,83.44794479625637,62.110486784048064
103.219520415941,66.40728221252166,83.30931562032973,60.806542871974855
104.47906420433199,68.00480440873238,83.87378421877969,60.66945040673846
104.4651353085389,68.06919863838802,84.4577603198637,59.73794426172773
105.77487268738125,67.75515612272534,83.13302862324468,60.99896630715601
106.170631541337,66.46313059520695,83.08232756810797,61.363951457575496
106.91686725083508,67.27890969699806,82.01847782865627,61.50787865037849
108.00312892756277,67.39429245615344,81.55711966494394,60.587874822207475
108.60269931706014,66.96342300306083,81.42679077941231,60.760008790362455
109.37122870536342,67.21411843157124,81.04394745786101,61.380243475982326
110.00230375208051,68.04054109472403,80.7936728746426,60.99496745318932
110.37127353055442,67.83163906963729,79.9780195599414,61.29152962836995
111.37216571676447,67.09689049663606,79.91637781905207,62.17950520368986
111.81594065430215,66.85401728463533,79.94882360952693,62.23102565122419
111.34076441105735,66.7904521393111,80.58092299609817,62.42855941346174
112.40855149281859,66.36310609000091,80.13311979529084,62.793529468806284
113.3095537566697,69.06300080261062,79.75667478831005,61.90002284998339
113.90462750236053,66.58747630883495,79.03605215731048,61.22933006583671
115.55501587111816,66.37898681431994,78.38156643732756,61.29159188963503
116.5795166617531,64.64280277559584,78.54931547785334,61.047769390529865
116.87421671283514,65.60787365832536,79.00603899953721,60.85600364645602
117.38589103990861,63.71160873656227,78.5253220907287,60.84795847205314
117.75104922501149,65.40854366112976,78.17982618179614,60.625686342110654
119.55648506983688,64.19354302407109,77.61004712634642,60.36887116229427
119.78264260604615,64.5224024025029,77.58337737553546,60.27745512216268
121.51602096571045,63.9603205969198,77.71288573379782,60.44814987413318
122.17380381394457,63.24863697080412,77.21350133940018,60.29166669110758
121.55958812454666,62.942258519550066,76.81047062102803,58.930465101336644
123.24871094323592,62.74656925511425,75.78004359670189,58.97988477958609
123.58972443693597,62.145636600591025,75.19243740742468,58.87188175290866
125.40647716734509,62.96990235126816,74.7169712780426,59.72992178285017
125.86456363684479,60.87796462274984,74.71249292532019,57.615067343341394
126.74291719807309,59.927987387420245,74.16799061682082,56.7331488262534
127.96220653580164,61.07602248441256,73.8331683691286,56.87641517058359
129.1200013027359,59.0505510055779,73.6874940345399,54.827939488116186
128.9783191963044,62.63050850591642,73.02488270533438,54.41264862531757
130.26370405973967,61.98293841639237,72.31170174646921,55.250831225706605
130.59710640057386,62.93029425906168,72.34601928913173,56.52511611286249
131.1414772397785,62.33035674908841,72.74541306776135,57.04758207996022
131.89575158369092,63.63904682398662,72.7231706896365,57.97412697708458
131.9304531517568,62.616658918839136,72.98061063640952,58.83399916570596
133.26561460392003,62.58667260014475,73.04830052276304,58.42336976757227
134.19325723746908,62.5246696500421,72.6539305827371,58.3365074283748
134.1503662634601,65.36012392264533,72.17039602436924,58.01054955913271
136.26353776966516,65.16537565033234,72.22361834627918,58.3291411782931
137.03387679688174,65.47916138395688,71.9163094038608,58.92029551155824
139.16794375387485,65.06093730755009,71.82749868628571,58.23640226804004
139.60842068822762,66.1260746976114,71.85707496751687,57.746309625406724
140.10361292165032,66.75784794004682,71.50042365401464,58.04637369427735
141.62077271210183,66.71101856308512,71.21680550057133,57.76994083109334
142.34586217501362,65.65293629271987,70.47490904545089,57.14036328922802
142.3364796020697,66.22200150891766,70.64038777600021,56.70012623795124
143.1963570367331,65.88560261289942,70.25313717913437,55.95989209429588
144.153138674768,67.29612541704356,69.46588460920313,56.10953673640434
145.6447806275025,66.37527677410131,69.72356821586489,55.71781818023255
145.71279868132535,67.20331819820811,69.34639134028727,55.75736886263569
147.34027172005577,67.07324788823306,69.07738476554249,55.783288158261215
149.22292360261025,66.89686389116972,68.29466094695144,55.19664892296434
149.38575635110314,67.88386856752113,67.79283648533176,55.218907246614975
150.82202066743653,69.18335918131214,67.92727468196487,55.00981287511206
151.03253153026853,67.10539478782492,67.45852855658522,54.81206248194124
152.5781634238147,67.67038843403293,67.11530449193556,55.0075526704136
153.66859677503842,67.6646578554621,66.73535887198473,54.7832405472923
154.18131406307907,68.3676856483664,66.33434154129144,54.694460843250965
156.1461162574687,68.13337505019507,66.45502487605349,54.22896716618436
156.44245481808892,68.4836014864907,66.08742006418784,53.77974349038
157.09634782916618,67.98091227683473,66.04915360952292,52.928095451905364
157.90634223307296,68.78069041451235,66.27103284465524,52.932067437734815
158.96114622179087,67.963253261952,66.56228040844867,52.74789119239469
159.90636597559563,67.36032375390283,67.08550548023062,52.31191523420408
161.1465402647376,66.77051714918704,66.57437658654752,52.42503111773847
161.8757991465495,67.48397890399922,66.49287357912641,52.601041253362524
163.17825251047256,67.81048705652864,66.00780914215859,52.33063434547659
162.840606836832,68.06077598187906,65.84300729400131,51.64377858370876
163.219942630232,68.67752935572807,66.44281937934335,50.96097589799575
164.80092194118325,68.73597491106054,66.9177900310462,50.84214769749365
164.3995085769846,70.39923862422404,67.39176872530004,50.49932126184352
164.51067270403973,70.90556595590363,67.72088702823478,50.58949080960495
166.62711714086254,70.33884334083088,66.80285134596485,51.33505353886355
166.2785014393609,69.56763478605258,66.80841501339154,51.34166780723361
166.47552893027384,69.59183922583787,67.0184639544096,52.01320817311593
167.89516325286903,68.67507059956839,67.02557244354232,51.61071270127441
167.6170845378232,70.38986917173507,67.82337789199411,50.998328138575545
168.54968117665194,70.25367712268367,67.99811948791756,50.3826941650269
168.60970317616585,70.11077261521068,67.5406927550679,50.77155728620838
170.44854734644724,69.94560059305294,67.34208819097911,50.777441509538036
170.31690197930544,69.17426712900127,67.78282135671256,50.33768751631574
171.48909769161722,70.92250998342531,68.14928589293498,50.48283674856871
171.33770616790792,69.54615478259227,68.62084406669156,49.85969456539592
171.74116041655003,69.60835803926815,68.49911706793489,50.479906467876674
173.27215010658722,70.15771429982459,68.66974386042219,50.199493478700454
173.1726250764881,69.42056475612421,68.8212152170083,49.70303889636245
173.4108133097761,67.81443709873713,68.41479770548183,49.80214552186657
174.11566966770292,67.5752203978511,67.74884164150654,50.40506167453127
175.6355431216883,65.45099709567515,67.76215550357055,49.98447761253187
176.83364665247683,66.07646164029607,67.70824432707954,49.86239588390097
176.8620274774566,63.80491698550006,68.03074944581395,50.000938455822116
178.6726206746583,65.65951067764678,67.91657613391483,50.26705639036108
178.88599098826532,64.15561524179304,67.9535538614028,49.91961430804325
179.48335608074547,65.45644683662601,67.9040812686437,50.18044892492641
179.9406830773036,65.2648923222812,67.8426764081607,49.93834170796478
180.4244491815672,65.04822113554764,67.72613813092691,49.7481203149524
180.9513961512296,65.49391199787465,67.58268410010663,50.48703780084679
181.4129722801245,65.47051472129989,67.27960528000759,49.93506847088244
182.16205697919168,65.20701188363657,66.70539221646413,50.61499247008355
182.30553957217887,64.4644937530276,66.44964604911297,50.63559136576959
182.4754311090017,65.48949483815758,66.7434014600407,51.05336787821837
183.52260217257722,64.54250932540359,67.02414254097374,50.300490463556045
184.18551830035048,65.48604941023049,66.87793412766662,50.924152481402245
184.05742812408334,66.99512600994564,67.64381895083535,50.812612155049365
184.0846445739514,68.07265308932101,67.82902372400036,51.50831321098977
184.6295990228217,69.11377333944424,67.92175633245485,51.45953428148307
184.91656835454512,68.72193244625791,67.69408086905266,50.83274105221544
185.78415218643016,72.17245210386415,67.25007641138303,50.53714807565653
186.60674868125824,71.51664858531828,67.5056624305922,49.78242086515918
186.79801025121316,70.51363065776027,67.85135164724977,49.721611064833894
186.8439721155687,70.16817607241919,68.47668541823353,49.92766097757959
187.12924388411778,68.47886520490468,68.55133861699424,50.19600362935666
188.35058038008904,66.50225222459414,68.35473648686815,49.77931601194426
188.72430267917548,66.4577842951755,69.1120413060003,49.66006129553952
189.54042368525154,65.15966049668522,68.73922290739645,49.09301386192621
190.85595012067876,64.63340837310209,68.40545320914939,49.45284424711203
188.97289500217875,66.52171424780855,68.99951845370254,49.88275305510267
190.31477408876398,65.80436274577765,69.1181289214317,49.56603973359532
189.76372945451018,65.38622776730617,68.56016147969609,50.053159986558796
192.04952529293053,68.76635503533353,68.3354197212209,49.98365509573723
191.59500432657293,67.53016120371825,68.15831529926076,49.8089251442217
191.29164857410308,67.86656386433535,68.3001126909173,49.745780686863824
190.93716941455665,67.66968754713321,68.84770140315769,49.35645667732433
192.22909215867134,66.90301546123504,68.03269944653687,49.440933885734125
192.03065552057527,65.8740142781014,68.41081395451323,49.29091341913093
191.69531870596296,65.78150414619893,68.95658565573024,48.39858318569007
192.9206160700441,65.3262374393664,68.2837246111541,48.80681627729932
193.2426074273844,65.96894021552139,68.00517278798732,48.34731032597202
194.36720624696878,65.60037180906646,67.46491756214864,48.02527260122318
194.77396201399858,65.93632794959065,67.1316377006144,48.312475586974735
194.4161003304818,67.26136850162955,67.1226261652661,48.744418580339556
194.64620550436203,68.2810169632685,67.4279002101486,49.27019657771595
193.72581387874828,69.19761477772133,67.7855812589606,49.120309073352544
194.2550932105696,70.31780966544585,67.97315866461577,49.07921672603459
194.57732755692606,69.62178478133174,67.73236540887642,48.7653828720933
195.85884038512935,68.92319924342743,67.48483166721901,48.48015717837829
195.829752756361,68.04792692687057,67.45139337874188,48.44503272312838
196.89552329905243,68.22010892137114,67.3344234832394,48.810930734688014
197.32164048955136,67.369827735137,66.95615090257837,48.77283098347619
197.54681067321604,68.37007219388421,66.60666772603676,48.72289119165313
198.28144952296924,68.01494228280497,66.5596095413772,48.43620062585692
198.28271456973476,68.20206754476787,66.75852101896258,48.99681241758586
199.31582871491918,69.45326584856689,67.14136938112064,48.718336155294224
199.6552793268188,68.80045112972131,67.14297629407066,48.82317304194473
198.5404640035071,69.46595837204546,67.91752595467108,48.74948337209287
199.58249158596627,69.33927111680632,68.05496451076108,48.44218369204994
199.12258357996708,69.16582817938104,67.75777443545627,48.88100263851379
200.26682469662776,69.39408710136371,67.70045260443287,48.69214568059773
200.33395323440584,70.49120944326756,67.48137458778615,49.46874550400742
200.42224654745576,70.14871940849713,67.9094313065655,48.948498079308465
200.78260609555016,71.53501942926378,68.33042332621375,49.10932227216543
201.40690834405504,69.8872768580667,68.6255542141451,49.101790513543364
202.06659150806894,69.56900426700051,68.44521071326572,49.046846416405586
202.6537745707774,68.55133986229528,68.36151004748172,49.46175763090636
203.6522139986571,67.85995078158189,68.23638726853507,49.3390614633384
203.94626213384504,67.28275223717763,67.88996259015627,49.615051491046906
204.48884783475225,68.5514447417196,67.56127527962376,49.7715751733692
204.9239797167873,68.7653861351142,67.72199567883798,50.31890817923596
205.83880937384453,69.1828731475126,67.91955089185366,50.34732561342737
205.584963327134,69.2074185200774,68.1564281194471,50.67252980495469
206.14190525174138,69.29885269749272,68.39335253305737,49.67413395140197
206.58664782936287,69.25840031303701,68.56972526508248,49.20813320273527
207.37198813845367,69.35395107209649,68.7959284683883,48.934390537539244
207.67673707724128,69.19465506633792,68.05228129274124,49.382186390146586
207.74831106940775,69.67405827323071,68.09717347550159,49.48062153538963
208.34434683495374,69.46633374915254,67.89042227407575,48.98562459536771
208.7630659184094,69.02570115728611,67.73313998046304,49.07460338307396
208.6169020094573,69.56694322713525,67.97805430392927,49.22973494791209
209.23111356663333,68.6687175728131,67.4903441898748,49.43980613246432
210.25743126537964,69.09890452775463,67.2392758700189,49.27101239893471
210.65286985860365,67.87545139194188,66.69909406115917,49.45236853399403
211.2585822098263,68.25257162197981,66.61524356411242,50.16196629356083
211.7068832170325,68.28582067425683,66.81576314603636,50.17064075488422
210.5081479803505,69.87893472102814,67.06703558511391,50.564989319590495
211.1837209237003,70.72864120969393,67.7061411203427,49.18089489689872
212.25398783860197,69.78705254522758,67.68214319256262,48.8147309763655
212.67226996659537,69.72895852568072,67.543252614974,48.80063859527507
213.6441034783121,70.10469288132896,67.47285395740047,48.037286726673194
214.28877686467018,70.39130618185526,66.9639354750515,47.91446372655175
214.45232835791666,69.07054615736095,66.74105665632268,47.898824685498255
214.34748150927635,67.84647794241465,66.51095626023289,47.44803962567528
215.46749090840498,68.32393585865478,66.44624568951468,47.6023098464711
215.34617344109142,68.70648600078025,66.70661617059662,47.169827023901505
214.48431247746453,75.09274385193117,66.95214553002506,47.33340369830863
214.26949773431517,77.26700269931537,66.5638726301353,47.585282636688454
215.31025426704318,77.97593405225015,67.0451623562747,47.47394861829598
215.35577844249775,78.80361596873026,67.0090833161261,47.21173237311197
215.72729079861256,77.2977046792286,67.11574170984204,47.40407310244487
216.63174035286795,75.77513203517348,67.0195539355598,48.263366101355274
216.9753255793472,73.88708350238576,66.84927055134972,48.94620979283097
216.5905129716863,68.63563080990109,67.28141888731324,49.08548583667484
218.14587378418764,62.291439890025025,67.27038841488321,48.948289940526095
218.15121449086166,59.7218647911327,67.72899150618719,48.12419093176777
217.46683452562414,57.4791161801423,67.94996517701105,47.888768544678754
218.35212397583396,60.42991796714815,68.14467336593923,47.89396237972467
218.4864419193036,59.76708029437137,68.48953974302282,47.260277364179
218.53928140390687,62.951254070582,67.58853430248752,47.699431604665435
219.38557340897208,64.0656499458789,67.57403871894707,47.23245277941038
219.17923564249676,68.50232942036708,67.13491500224866,47.6199619029438
220.12546318998102,68.76551719461787,67.49505700086226,48.04332026738702
220.0754944767097,69.96108284214546,67.64762335433772,48.09210296044523
221.22135883587472,71.79084969921473,68.0178259123291,47.74678371430899
220.6264770947654,71.84204411827761,68.14222169587833,47.548449227334245
220.5585736255702,71.63767807832438,67.99015304156012,47.358598264619076
221.39431142018486,71.84801364560445,67.44652083230514,47.37977168281429
221.67858944889943,70.9565887209459,67.4360111158184,47.812381301571094
222.3530809835899,70.16931574712572,67.66816141206856,47.84922385432161
222.91242845516,69.58763642002171,67.04864052736569,48.073993889297476
222.6358472058579,69.28864120620739,67.7702727232069,48.355458350997075
222.13158833871512,68.92417948167022,68.68591552073305,47.803741794006044
223.00448033100002,68.46151336604647,68.60400413576494,47.451364898781065
222.52237923053326,68.73847316153919,68.95854714175219,47.40671198231422
222.9780916870165,68.79266581410471,68.65327959124683,47.12851693342118
224.00856581624447,68.61810973100302,68.94119827233555,47.19583628012457
223.13264522720584,69.16162992454139,68.82488063312158,47.21283079371314
223.03730941752423,68.87272183568925,69.07660483564277,47.04790878410434
222.81666554958815,69.51562549287257,68.9217602930726,47.45518010686078
223.50499877244252,70.1562387961466,68.1864327321943,47.79978963426966
223.14046627877087,70.65896226850666,67.46270984340848,47.4900201487895
223.64565465326723,72.30342359682233,67.18668818646435,47.892486576020445
223.5989760591015,74.29797722234619,67.37045911656327,48.327443961203194
222.84421230680204,73.11573271773413,67.31825075270822,47.84512167587164
224.46800013426758,73.3715220301105,67.13624735958737,47.576957766051365
224.33922540452656,77.3103328270904,67.4020225133682,47.614230752932585
223.99092217035795,77.40320145964405,67.35011123001169,47.52164775430194
223.03473032108857,75.59311795221552,66.99013174266788,47.447212756524706
224.49279732627917,77.0200482145465,66.75273871052764,47.87333575237057
224.77796156302568,73.89343107958972,66.8428034154976,48.22856644409811
223.62985445593546,70.36732108758665,66.8636432171414,48.069144162784426
223.36179135179444,70.38117438314593,66.99532139304434,48.06241193207225
224.63513764789678,69.27275140087721,67.0137802538578,48.42410493201771
223.27422892365485,70.9994953258987,67.11730656273906,48.61709168181298
222.40661642064487,74.00278906001216,67.6745051309996,48.606287065758906
221.50704382094312,73.08257536580042,68.23938381085654,48.43348985243679
221.91386545362295,75.95199930716403,68.19058251927852,48.99056711009044
221.7239204166878,74.43310074450284,67.97222202523571,48.56235604907248
221.14951307503094,73.25014372475194,67.71753972788238,48.61568688049018
222.457756485017,70.69835740696627,68.38852181812754,48.661080614389164
221.91799455705228,70.30082024443115,68.44269999095908,48.560415980146956
221.24100996383623,69.89943202954832,68.12494092402665,48.67228522960331
222.38172315880132,67.61670428022522,68.04292926416848,48.66817257105348
222.53545807519853,66.14277697668143,67.989335908854,48.864241184564996
221.89998460476824,66.09154600737877,68.09980771486507,49.4973403278174
222.1217698767872,64.18018507558853,68.4760671712277,49.958411486060356
223.2587299247737,63.625110118769705,68.16144020231461,50.82488128018353
221.9003407622684,63.152788914900064,68.02656304407932,51.034929640853264
222.68116044526607,65.99740251250827,68.78314572398246,51.007458007465445
222.37348484891328,65.74121659004578,68.50047390738781,50.7223239372255
221.95044566589664,64.99676146664252,68.55222310700873,51.23724702191882
221.14647648200713,67.57770400678723,68.72913298948956,50.92801973658179
221.45314127521306,67.37951690885565,68.64691839855732,50.429190401656534
220.96302264303486,66.37830965156726,69.95166984333554,49.427635008472706
220.24791589793995,69.28356268360326,70.20333356698481,49.494828796390436
220.843310055872,67.26810556318472,69.87006171869203,48.84624770260228
220.11705430076904,66.17732165793015,70.06073109728322,49.44038384387619
220.04198657721673,66.62654353491041,69.72638786210825,49.14194011375754
221.30565167211617,66.42700322729863,69.68507466106364,48.3240515965577
218.89546495014116,66.39834135141221,69.80347275940207,48.38153949755773
220.23405119380354,69.38837013952934,70.33831566247348,48.361969763883295
220.64113191578667,68.58912335923202,70.03374472506087,48.56287471382883
217.0150904438788,69.36219617599798,71.28560212490079,48.87150629720821
218.46330936661687,69.13834697198254,71.32490594240373,48.91005377698018
216.83701709569036,68.63924622363646,71.54388490869526,49.23405873236301
215.351487970311,69.52144139202795,71.92117837750203,48.280120320380874
214.01731429676374,69.50089427046383,71.97863676661927,48.196349374314444
215.15708121830437,68.59889918538762,71.45210401740248,49.05690780942811
215.70687949327709,68.3554196047834,71.51347136039374,49.06256178865641
215.97926297854252,68.55872197658502,72.02475719385609,48.823234500383066
215.63031294608112,69.22309185638701,70.35516148355612,48.893886034304785
214.51373467520952,68.34398388803409,70.28914252442956,49.030931927065325
213.36765349693968,67.82770299799171,69.90752467810361,48.939961411923036
213.75049613471145,68.60197906793033,69.63194965088736,49.03873693356006
213.08420835764883,67.84296606944758,69.408838254329,49.111554977072515
212.51616258371087,69.65282683766964,69.03542429187473,49.64919828590427
211.4219545139806,68.5834502471642,68.52377338803079,50.460269925472275
212.0594335859863,68.80239352939736,68.63946098643576,50.25832290842551
210.55636046544623,69.15653135762949,68.26726293010685,49.80790564753772
211.41012565746993,68.39141710464384,68.54045330449759,49.357477052831534
210.9105632234918,69.15368749770977,69.22976750422382,48.75968048934066
210.5928402830723,69.7981628115007,68.92648815198478,48.71340850403173
209.79163430298524,69.86559105758818,68.74427184010231,48.88326219142412
209.71180439426334,69.45314213499945,68.72716770576774,48.48745583871798
208.82023185618954,70.21241717622229,68.48944209633794,48.89786953667546
207.76166663292253,70.22014577906391,68.84241512843563,48.5016647743058
208.63784425697946,70.18773357319967,68.88016748816321,49.34415521834859
208.00009215781967,69.85579738758138,68.05184087212129,49.63556963827788
208.37361647493543,70.50988569674527,67.37169448049067,50.10515686348647
207.04537353778733,69.12181743637669,68.12143539781661,50.261439649253546
207.92838730165982,69.26752739232361,68.2226513984377,50.655215004560134
206.0885974288015,69.28016347275998,68.47383754178315,50.129709908735634
206.2346579413171,70.28535531404268,68.96525968625039,50.59973394101398
205.3516360336573,68.39500889481083,68.32466797872763,50.33244217941055
205.07220914977,69.36376905257539,67.92006404291178,49.97433706602223
204.75012669077137,68.45329794456,68.3909348786251,49.654681223352426
205.31693554188246,68.31940267481795,68.17893730694186,49.63633570188341
204.47545700723805,68.2614359955202,68.45850146527336,49.64413367317746
204.73326649462268,67.81405931585024,68.50334866081508,49.28402198220153
205.53844411849394,68.06572539539384,68.63016422854035,49.96948443599885
204.57895923964983,67.30574353886709,68.37631365656244,50.33695824846335
204.86770099150294,67.93467614783525,68.93862152229438,50.39966826780122
203.91772916439237,67.47570383174269,69.36890310624116,50.298880948272775
203.18965444119948,68.37504810778424,70.43038522522295,50.36773645117471
200.8654169022349,66.85595094381688,70.89995243190579,50.22242738975092
200.73744591783594,67.66319207772517,71.45139768921113,50.93176070611709
202.45985072517595,67.73366034982052,71.35154137309988,50.611444922248
200.9994959199069,67.75693337356077,71.45616516820829,50.51907873914429
201.31371814611708,67.93109370857778,71.65749926784324,50.787626624656085
201.0160944887487,68.76982717816959,71.70912128741782,50.90041749701877
201.0506083719946,68.33464924812745,71.04487253789765,50.58416230077522
200.16034895894984,68.40481511283372,71.68451542843263,50.86042790789337
200.2632159856519,69.07779254264042,71.18336224827947,51.293849912713256
200.35304066881974,67.95753413777103,70.98233235872411,50.82450902019679
201.45125852435012,69.80354695408995,70.6180466301157,51.182625675766964
201.25097575263842,68.56711536074863,70.48348614309403,50.86529435103602
202.12230065334137,69.48188929688126,70.4672346904964,50.63258388016085
199.81325285989504,69.105723543131,70.35912826628069,50.732521629364385
202.78990582185457,68.99168443536618,69.20195299955763,50.771029328546135
200.2428156089376,68.62981294926985,69.82603159204808,50.69107656242322
200.58648085709788,67.99215719779414,70.64143313422547,50.818035084760936
200.2987349191469,68.76899970051173,70.53425292674959,50.915437721041776
199.93319613118467,68.23730398971395,71.1111686619968,50.728786704130236
199.7857604824841,68.99679580889891,71.38618269620537,50.89058097313185
200.39749575387862,67.94436789768852,72.35749464891498,50.837332137425804
198.919649556629,67.89617069879957,73.30945793841852,51.20242168104912
196.69094002402363,67.52287472051881,73.94505030723334,51.14775209338303
198.230291276627,67.20081186572884,73.16839147840295,51.489652421827046
197.20762612234557,67.46873179900237,73.09825662278126,51.652068630662185
198.07952759792104,67.00902367249518,71.99817137783378,52.06604506577117
197.47247348427177,67.34757735762345,71.75756971762776,52.40138207246011
197.36713253705415,67.42881923644791,71.93903918194347,52.2360001234765
196.98006527827016,67.82468847873031,72.11344249261751,52.35591432312343
196.85684641907696,69.32025993104219,72.18574869836202,52.87791567318415
198.3653714447202,68.05292969169177,71.75239763503637,52.4437002668752
197.9638807969386,69.00721938334402,72.34491378250826,52.80034081040482
196.21512353408457,68.51584484833155,73.41643748828528,51.793704513989915
196.63640108431701,67.924072689811,72.96607677811735,51.80958704495163
196.54397439444784,69.03170860282118,72.8207091009175,52.419334101682715
195.97068707634435,67.63302633839021,72.31645907110126,51.70874212572289
196.00587713974875,68.69445127475632,72.85367945441284,52.477790646621656
196.38139436218262,67.46267944519421,72.6837172804153,52.101770220739155
195.96617088862018,67.80105227212314,72.147529977853,52.56404512905322
194.32095479274665,66.92535612589131,72.01109015460064,52.59059284658859
195.05495750664784,66.18707597568624,72.33341847466207,52.75871937586534
194.7365767291187,65.24112314961728,72.37170195087816,52.884120263446356
194.44852644156828,63.80611674637019,73.05836424700587,52.60627468866917
193.602548482476,64.52605247154499,73.73309072736238,53.157272879623605
193.4155837907603,63.4049119977208,74.11775567845291,53.28063159369043
194.2353496218557,65.07848962855607,73.57466659648522,53.093059185337154
192.97704237677672,63.64480494524281,73.99694004698557,52.94310601168047
193.7061726770204,64.57522626096002,74.44369825295578,54.12222185726632
192.99874550291767,64.67764773027542,74.77229585868376,53.81862183045115
193.90581186801666,63.79813445955549,74.3233618599082,53.41206857605361
192.90754563574177,64.59494600357175,74.29858184925351,53.87825708012315
194.11314009900536,63.720041522938224,74.37480537542412,53.531912543694276
193.74923174839142,63.88249797908553,75.32604199626203,53.893204005236186
194.08862966848497,65.90612907627138,76.05111244712106,53.59996178652672
194.55114396275138,64.12971141432125,75.89518839893626,53.231967337477755
194.7888140600407,65.23839186477326,75.52165864477877,54.21845360644982
193.97632595065178,64.45081065515502,75.10074119442818,54.45626208090787
194.60377456867252,63.312188046075434,74.29089276743818,54.43277349436428
193.13410809589817,64.14777640483649,75.01693216058823,55.02746401011855
194.55748384511594,63.45202968916777,74.85586915778865,54.96572300732817
194.68309195174643,65.80189048378246,74.92299384208779,55.24055929468571
193.90383004260343,65.07597570229022,74.82564030861292,54.66438516504322
193.3968905884977,66.66854886062396,75.30431707124791,55.07939324824757
193.37521113866578,65.9926865419203,74.98522173535804,54.63531994158596
194.27757373860078,66.59193981636363,74.33098896522131,55.0800433540946
194.54372765303816,66.63187852011916,73.82381151442894,55.18444957564333
194.48564693032458,66.84570903924156,73.83584882358701,55.33812092293854
195.16301734510859,65.54320088594716,73.50502733796738,54.653507770146234
195.49572284810108,66.14865602191364,73.77457586281272,55.266591657911746
194.18312357838488,66.19753376994282,74.13137087212428,55.451311365129065
194.95542182942233,66.047650706137,74.16168477234734,55.61780718436535
195.00817554098685,67.58060846017587,74.44540017975231,55.7454122222471
195.6704523257881,67.00098335683174,74.81604490765044,55.155684887011816
196.2450362329103,67.33555216194614,75.01062876233607,55.88788084726336
196.5084417602311,65.60002802931638,75.20130075136515,56.051362946598815
196.77346168720982,67.17552337111178,75.22189623523727,56.0318262539443
196.6832539131105,67.01207072161235,75.98121986925898,55.59484837947744
196.88543081941384,67.34015695016241,75.85385924193405,55.68359599731705
197.42324372783935,67.25914044537046,75.84983350461945,55.801494401225014
197.12452460405598,65.49064329735198,75.7201285241322,55.748360752315676
198.09859264627562,67.5568397775098,75.48902606434191,56.020956080879444
197.72271830858506,66.12615603657011,75.93352686260206,55.714455902236345
198.08758719077042,66.87690500833608,76.79553614374836,56.20810518694539
198.26770999454558,67.60509218786233,76.68343826225697,56.302973775471315
198.28029343042692,65.81785077829448,76.68993836968801,55.8685726415125
198.58928887918952,64.80594371574463,76.4451030064302,56.31636044615475
199.764484185348,65.93590579130107,76.73289813363043,56.69542335940346
199.88638651101604,64.61234832404632,77.25637990216288,56.60264390380675
200.2037719592187,66.09575685324539,76.47593544764158,56.84617330575103
200.67613374553363,63.02900846782292,77.22491206937052,57.008224039303485
201.38033003485248,63.95607082907511,77.37842749740093,57.4335878803367
201.02238497780473,63.59618777288068,77.8004620337891,58.0149307734024
202.13030434134663,63.878572972003894,78.1357514557379,58.16688536695438
201.8400740750813,64.03409775496732,78.03071714812349,57.826680272854674
202.20828255806538,63.90933061484356,79.08327506332752,57.21959537385338
202.08112061693674,63.51909821240267,78.94320889898823,57.396407761075416
201.83285590554487,63.18451122714592,78.9415557866005,57.66925164321191
203.24993356312223,62.6054816284572,79.56253128695174,57.90133492181952
203.20465617140562,61.608488654284315,79.83148888167379,57.51801345515674
203.5940837531089,62.43301623337945,79.6032543337496,58.295008483123695
204.2194304538944,62.455962463371215,79.29830431415562,57.5930047827532
205.78033749715462,62.32254676448997,79.71342126553807,57.33195628673593
206.27293114728752,64.696686559212,80.34101930462774,57.37571132329895
206.23714088216155,64.42850843777828,80.7939767570102,56.99135134006549
206.96273393056092,65.38353109642864,80.75884610111422,58.14899734890611
207.067201462534,64.78340271332499,81.33750797816234,58.06022344399371
208.02582951048964,64.8259089744424,80.9670985104401,58.58442671775272
208.96715322490465,63.9987539617968,79.79664308056869,58.58346712024117
210.11042106542214,65.38084728665766,80.90132081658695,58.81164702287235
210.7142125247379,64.42257617622874,81.27026072510387,59.121110691484084
211.4234466887061,65.07987422881894,80.92984253373362,59.011176670883174
211.90573345683572,64.39159106124293,81.75925841741147,59.2304011681522
212.7899214256687,63.28324497785119,81.60319968422093,59.14978345944739
212.9572056659915,64.54376070749335,81.65799696604752,59.65539646847056
212.023196473446,63.08374531849163,82.55212123187579,59.33115048446534
212.85326157695005,64.53288485383604,82.26998794640701,59.17280132825102
213.88002413360937,65.3013920578182,82.41173861662719,59.9529880578294
214.70724428219816,66.14205156511332,82.41767892133254,59.80563594215734
215.00471888135132,66.1284537643107,82.23349033432193,60.45868812211263
216.1494825204007,66.2851784702492,82.22325611652587,60.83567537147904
217.06916541496736,66.78412784423313,82.81656568902588,60.87470623090259
218.01021751985087,67.66955281468285,83.16870296485456,60.83531245054847
218.1070631786477,67.19448824076238,84.48702019504378,60.682796201203125
219.24494858098524,66.53787587071992,84.39255026889353,60.485878495723796
219.6396239860223,66.83462499158449,84.79261765549755,60.739697115147294
220.98050466964608,65.80440552259601,85.04446076708605,60.534742319145984
221.80548566041375,66.35820922615054,84.87643082957996,61.020211498760276
222.30949185610564,65.74476339144809,85.377402169466,60.76767952600663
223.60019738890904,64.94078710813888,86.02171460887934,60.83715753284113
224.6203408664523,64.80454463256034,85.41147921896314,61.559472449828064
225.50630124304044,65.2136582737983,85.57000413686835,62.12467767486709
226.37700321263964,64.81577415297082,85.42628255450441,62.368431386816994
226.72069615658927,66.06823712813474,85.48015737398347,62.808470799038
228.06388789083456,65.69743000270172,86.0927057425748,62.466374260223546
227.4630640789954,65.41295308634227,87.26931925153471,62.08759469069024
228.29509947082147,65.89877763331974,87.47695626493302,62.5258932304786
228.90294108693703,64.79295946148912,87.92721558240743,62.726838646634334
229.62820819184395,64.84806816161164,87.80263890929098,63.026195486835405
230.25924039508442,63.73459435509221,88.86327810273987,63.36326506528257
231.31063676649154,63.82486385547196,88.68074960400519,63.38134690543017
231.5744859639924,63.43250676967618,89.73135609582143,63.23935529937663
232.71211522374153,62.977657737331135,90.19215032786425,63.07483282592737
234.33406445622614,62.31843037036873,90.01803245104512,63.858722468719066
234.74862558958722,62.48975466596715,89.71069145005853,64.27842044324565
235.49812709006875,61.72346904138887,90.69717853278999,64.62523238644823
235.7789958839856,60.96407483955885,91.02460503511278,64.94379269505365
236.70104204993925,60.19912909598119,91.84635642840999,65.00284801964182
237.94002013688555,59.270591072644436,91.39577046897969,65.63183831001345
238.75010570242569,60.63878905713728,91.71341738828394,66.47281894510796
238.3190323612557,60.76999017917041,92.31278984157422,66.33422100951577
240.43056006837048,61.13634398190285,92.82719217957245,67.11333944241149
242.13629500349964,61.57947806976611,92.19180363293773,67.66599546006722
242.15485251685362,60.34653970050143,92.77684308048819,66.99337079288064
242.1006096871416,61.10528263457519,92.86908920671142,67.596220265233
241.74763206844466,61.42373362858259,93.51093231727808,67.77297722993121
241.32773885910922,61.76234835504526,94.28246030141486,67.88944584943934
242.73489547376002,63.78394244876164,94.2503149836428,67.29086611194249
243.26651856802894,63.08099640442451,94.490928386589,67.39496092984191
244.03914737798925,63.407005556254646,94.71795348628049,68.03600960463623
244.38937558196977,66.3626641362157,96.45285512580483,67.61431980601175
245.65749206789152,64.69858326797947,96.70707296534744,67.28491976346196
246.17631105665953,65.47400638559316,97.64985068967755,67.46029640096867
245.13198360422788,65.53546995050245,98.16056000452166,67.75651431881474
246.61994583870845,64.5556495943052,98.44016255506125,67.11656854439283
246.9472651377418,66.33919830350038,98.9402286469741,67.88802121679225
248.15894250492343,64.16045679185021,97.47935886839848,67.4667595425218
250.47961579056863,65.80086229096642,97.85044916386838,68.1257573898094
251.21289462703186,65.81060823812383,97.449386266714,68.91044885940906
252.1054690184945,65.54296662497832,96.78347121124386,68.56915446996217
253.62530573234008,65.1043743031959,96.24544644802715,68.41829024057931
254.18483344866405,65.04186378584167,96.69446226152635,68.46149140570989
254.90176977573316,63.48537454556163,97.72908378425282,68.58861073061506
254.27329346206852,63.203040649094405,99.0335169612454,68.86224179850527
254.68312677107588,63.28827164309899,99.93301984072056,68.42810143858982
254.02478847977417,63.54445984237168,100.46624939611758,69.56614260634387
254.96896406905609,62.944858567810726,100.89344663750617,69.95401030706185
254.7630502771733,63.13199647158345,101.2321815222208,69.48655689782134
256.42902467280163,63.13768121719937,101.84736555681555,70.5185987806816
256.6043382524695,62.25114355631041,101.95002716124135,70.373706782971
255.63304427730236,61.73432913047993,102.25017693828161,71.505254748566
257.2359840260813,62.014180899852775,102.60712765045574,70.98145290531019
255.68979569444613,61.15225502701549,103.48773950125663,70.57627299281215
257.47599009641175,61.46387905307311,102.63215853958003,70.80793400308248
257.0904939157037,60.20409381890254,103.61628536859791,70.88112695563076
258.12274235699346,60.00523614168567,102.41295406915208,71.81191192066021
257.5900490792323,63.57899269577118,102.7914014447771,72.01987423820941
258.8104008716141,61.976478678588876,103.23630343366764,71.95993649994523
257.9428307233691,63.97331024342497,102.75103552894,72.07099014807456
259.0964056253844,63.525272270867035,102.3880492857767,71.33385436127972
260.3154190087823,66.50730020471006,100.70079934631627,71.0556472065148
261.0542060935723,63.70078286001569,100.25654059688699,71.48957947509666
261.2358278103342,63.4766518281409,99.47216275107468,72.01140113598083
