6.5,166.5,42,26
7.965483675750221,166.59507014201353,42.66514680712993,26.1818540921555
10.522710576892464,166.86197894167793,43.67693850350267,26.161440325739115
12.075576540319148,167.54604850416547,44.22107840282118,26.048431014912026
12.710225329605045,167.5732703203193,44.45314791638195,26.11910584683583
14.896479341263529,167.74985452214554,44.60642438555766,26.284990961955472
15.487693836510857,168.04297552706396,44.85638763463362,26.23960304853131
17.509173365046678,167.75157819545615,44.88996284880221,26.30596274422909
18.71166407978576,168.41744618484444,45.17063796687044,26.624675564585793
19.86700583025475,168.02274261494188,45.241052021092976,26.71153604825915
21.450330497108723,169.05138161730267,45.25849067909951,26.70840981699035
21.661317612929302,169.17564605031737,45.895406551752174,26.87534323624117
22.41133989742658,168.57348665889947,46.05557902949529,26.996135407748838
24.77629712968995,169.4163935195151,46.14704851806303,26.67711937214073
25.308611968512217,168.9635928677197,46.31700555611674,26.77149502303686
27.460619266665184,169.62129001984866,46.353458889650895,26.603034274381955
28.42199954169015,169.60659624338143,46.266545478959486,26.61462429203109
29.56183831424685,169.83241721893503,46.35017397937831,26.58946418391854
30.971245223808047,170.16228126451276,46.61939717426348,26.69306798286931
32.43569993910083,170.20698584515256,46.983476997675716,26.931202825314738
34.051967964403126,170.19819735719514,47.04260054065328,27.244936863283282
36.39799392089992,170.9782373931005,46.59995162753762,27.137392539954295
37.868171014797774,170.34249288639674,46.659016175246066,27.227577575395514
40.10347394563704,171.14788206977403,46.49696782394351,27.14433154773704
41.46572477513791,171.10622108851248,46.17456482064246,27.15292780785512
42.76553761390136,171.89685183836897,46.309317719394244,26.94605166504524
44.45461471340007,171.73373802112033,46.067544908107394,26.971087850377156
45.480812106173175,172.43228920373804,46.44032292834732,26.86015227228929
46.029888265831374,172.96135415100926,46.46372474530716,26.531700352924585
47.07002477495085,172.84063733355163,46.35085621181705,26.552661920245328
47.785406193652896,172.77131190006847,46.53585298554272,26.6237094226248
48.471325965574906,172.07867448758674,46.40853887428537,26.92430321350012
49.74733118552446,172.3050685783912,46.540212306609156,27.184478493767124
50.796234939055125,171.77152617707077,46.54175739773813,27.56353609332497
51.430603757036465,172.36133545202495,46.912888736461134,27.47074565601885
52.80763995481607,172.069699095718,47.053672555425244,27.656543394238895
53.81730063465007,172.52683283268482,46.95262214130625,27.601151492986695
54.65278118274988,172.46643660548634,46.85263181880353,27.780450093456984
56.003058836432004,173.04446216575394,46.72177484517951,27.61423804991759
56.84629981499552,173.0436014805402,46.542497778303634,27.71845994099167
57.865705590690766,172.73832605888023,46.949765481063544,27.989648580236757
59.399055488078346,172.28546689779108,47.30529926783134,28.00377386337923
59.78791499799817,172.21037924881026,47.8131801949674,27.861591746380036
60.64666426820013,172.52294697058034,48.384106861701554,27.710118381220447
61.620490683847564,172.82614338699162,49.012048217189516,27.634935792099828
62.687428564314374,173.04019525702626,49.45887333058451,27.397367761292486
64.68133977558992,172.29354833589133,49.15181224531368,27.396843201271963
65.65024932979134,172.97728124416662,49.03184456112808,27.39720921093141
66.7262276566437,172.67622662778746,49.11141976586756,27.64882849947014
68.85088815016779,171.6614878651505,48.88128098401959,27.793250363542597
69.66435061297373,172.26977690998336,49.15140405492869,27.760470348599135
71.04658452670789,172.05938486596173,48.984251300473694,28.029825677544345
71.93265558428179,171.65967679009634,49.04213557349422,28.44959159409907
72.59616608108074,171.9359385096009,49.3607275349897,28.46498442916066
73.73710849379202,171.76326380575324,49.71839864065844,28.71520373600969
74.9657710044755,171.43291838574538,49.58753779546947,28.81756362290422
76.24639873698683,171.99959497358864,50.14743496983585,28.77542951479123
77.4691075890169,172.12109133467354,50.52638598106197,28.633947309920643
78.21746258316361,172.13420123641717,51.01719132308317,28.76812533405863
78.71052465348325,171.45222083227208,51.21913402261572,28.579848035621268
79.60475234970474,171.7202319639317,51.81691911250306,28.670796540276854
80.46740614282407,171.72195000922935,51.98195090080663,28.941027397761616
81.35649817664108,171.80906473619297,52.20071316801147,29.320039077524285
81.46018398895839,171.6371184856155,52.36956808775703,29.408137381358237
81.04406274344213,172.35703495208838,52.66736249157415,29.115919285105264
81.58677013508722,172.39533267268533,52.443061673795285,29.07507424791169
82.23601310912574,172.51929293304696,52.4460673438747,29.057317852750124
81.93011680694262,171.82532553627928,52.7772045641772,28.855719317275508
81.84249907030818,172.2341412921765,53.4158864459563,28.493226697416404
81.2073903848682,173.22277605262892,53.93119132122315,28.64785534126071
81.26455740565423,172.96854857593905,54.299471826665325,28.635158155930437
81.2789193767936,173.41297777348632,55.20718185531477,28.562113659876108
81.54361804847187,173.21660942957328,55.53498596898184,28.97855040243714
81.4878649465596,173.1941830585037,55.14349173459305,28.953866354324532
81.6345490337405,172.9142660988693,54.98241517524056,29.28276760574195
81.75166104207796,172.9248110874871,54.892105738910786,29.94135958527435
81.85016678002849,173.84437139889508,55.12709737365694,29.73523087243914
82.6518430495093,173.66404424678828,55.192411793504206,30.13518076434145
82.41700276429218,173.333919751159,55.42272078107274,30.051602949054793
81.77337454631542,173.47638880475455,55.24441689998676,29.632670053932177
81.65054003476085,173.56753494778195,55.457279597392045,29.199137335615
81.87387655042299,174.26834590161047,56.35773519575221,29.53909734476699
81.36608634871429,173.76245323808405,57.791049804892424,29.04372570370309
81.31727601297436,174.20867249145113,58.28236985414746,28.768097876404696
81.47122780626184,174.6182203288001,58.33779463504422,28.80439126029668
81.79554513256548,174.53843366585912,58.44341408514384,29.33059254757579
80.61994834553997,174.78734415166747,58.30766632160942,29.73043856671611
81.33039264662918,175.45980666935424,58.01340134995468,30.384488569871007
81.78043526591095,174.53802460851318,58.42328315240676,30.849969343278897
81.91325824893707,175.08047456457652,58.22032034397735,31.32429320224749
81.5980825359689,175.4879014116261,58.41381141715907,31.51296774549113
81.40928751513619,175.2996548894435,58.393423153007845,31.780272747275276
81.16141432107713,175.0244379794858,59.00947328371355,32.173506424449414
80.92077940117659,175.11597073388467,59.4691764140111,32.48777694565814
80.7175835663902,175.6301844490711,59.751131682753105,32.58591377958276
80.36504429026586,175.01794272364987,60.25822498822427,32.757462941446626
80.8574877648035,175.74162204525066,60.85839792035934,32.400181340824716
81.08502476560089,175.1633389370253,60.92435786146396,32.325087906472845
80.74041219066058,175.61328436906993,60.74864993782394,32.08061847821655
80.6299396372401,175.6431800108171,60.84927335362866,32.12958670225909
80.80105758337479,175.61189390681864,61.12233018930654,32.482621761780386
81.05566272919515,175.50186004258728,61.11572551471217,32.474213576837656
81.43641297408784,175.61656418336239,61.45953796838533,32.54623534184585
81.97964498042805,174.96808897420973,61.557309766938424,32.677713133465055
81.50132806650677,175.35748257788154,62.259280872431816,32.722825314434715
81.77167152911582,175.41514993415606,63.086093537133756,32.73864768718514
81.69418432883322,175.59788801266922,63.43146014877857,33.65900894203933
82.22159765906457,175.03064737025704,63.75087686695508,33.90180235683807
82.05209890253599,175.47783695712062,63.409825795074205,34.54669394173976
82.73304270898126,174.3687352495488,63.39020354969158,35.09144700612198
83.23453120068415,174.81021928402913,63.70659469029399,35.29498113156594
83.79328176652618,174.78946935584423,64.1235315726404,35.58820356216974
85.06663486547711,174.39589727591712,64.53049635328466,35.578673410862905
85.33433706720797,173.93814334936374,64.77097437274699,35.810749638603454
86.01015089162888,173.7265495904545,64.8718029597908,35.7318334104846
85.83457093922158,173.3262600376343,65.32871218111895,35.728649841793306
86.19332522203914,173.45389163962227,66.31481725436169,36.37655519689177
85.35865193397943,173.0871945967931,67.38960368414931,36.42918013706142
85.14812922894926,171.974321923849,67.67577185951231,35.75748075791297
85.51597835163636,171.63971248493613,68.06856370450826,36.05935373639523
85.60479743161262,172.2374061191225,68.04935504799661,36.904975894139376
87.39540512903137,172.33103869016213,67.99352145667169,37.501562792827805
87.6358757149796,171.88918691023977,68.09617007702681,38.018505055685026
88.06702421665244,171.46209260266937,68.45305234633283,39.099547324614406
89.59113967564855,170.95413595004214,68.45241764454238,39.674374397206606
90.63092949006916,170.8711914172366,68.89533566966233,39.98275685981521
91.92714489568922,170.56050152240522,68.99135042650693,40.33992407094287
92.31699602849761,170.6476562281585,69.44308202929835,40.89688991988477
93.09722004186293,169.80356496984217,70.05367239177366,41.318107524102864
93.42093752281727,169.666141512763,70.911307996996,41.94547091060082
94.9408704929794,169.05210229176458,71.17225620843567,42.42872172446195
96.03529110112599,168.89486037036713,71.46372257118301,42.96389547492693
97.36649471413006,168.9459308820608,72.14562443674289,43.411163185384325
97.3564462812684,168.8442903180551,73.23948181195715,43.67375250329443
98.19937515316002,168.3253519966522,73.81001130190806,44.04152577495694
99.14593734545879,168.85478798441636,74.5220214044626,44.40721088923422
100.21302772242235,168.50985690159536,75.13636817739095,44.588443792428876
100.54727685202246,168.3850370690507,75.6541051076286,44.85317096983994
100.54212005414936,168.0707846647288,76.68962085848801,45.14118269548356
101.07940514451424,167.34044330307538,77.65319598148446,45.14024544560772
102.57117823780366,167.68323126726978,79.16826124510092,45.35029057854402
103.18469514269441,167.32369936929302,79.37831211015464,45.507914800732706
105.1286109710487,166.69189192816762,80.10677722163453,45.563429721702654
105.52119870474783,166.59189081179025,81.34242451767926,46.215214836670995
106.61144577533427,166.53462182283658,82.06609397552066,46.81208945493633
107.88659460469236,166.312637801975,83.09767497891386,47.22165802075718
109.24517640531468,165.89193618156344,84.31737909159746,47.89549706320556
110.18346474938244,165.44422358657775,85.13716466046571,48.356021254107716
111.58170903680382,165.06480375032376,85.4266073867399,48.57184759234137
112.8337987494166,165.4377751105072,86.58604938714299,48.909467603717346
113.93126293455315,164.7765044089067,87.56445299280679,48.993557168425035
114.0936240084076,164.89251947893723,87.75134415448127,49.00225433377625
116.41893943042166,164.45804577263775,88.61191469213652,49.86960574993856
116.48028598283021,163.99057686912684,90.44499315275672,49.25089019754721
116.5904052292262,163.30896504120875,91.45279392464369,49.23068957130941
116.64923947882583,164.15420263419995,88.16657016573984,49.77210840159292
118.28599070910188,163.50557885834309,83.64905606463904,50.3047380929894
121.26403911185807,163.07274453514827,84.9907159310322,50.71681360449896
122.72492695710001,163.04278954692276,88.45375450293844,51.45893384754011
123.17701922586303,164.0139421951701,90.8602832565806,52.14914207414725
123.56368361130134,163.08617487988948,90.11094582088737,49.77960336715353
125.6207298439823,164.51149878822594,90.33428717052789,50.28300904779508
127.84590921804337,164.3564430743659,93.92954647965674,50.76262780021075
131.654646915796,165.5251056882169,98.46010899461288,48.849770136137835
132.32854671687932,162.83697158993272,98.75368779515624,49.30190550876219
125.07862064112723,165.04156456369125,103.91003504095971,48.90492945351802
121.7069189974483,162.48047928096832,106.92886710029022,48.713748387799335
132.25541891557108,163.0095115880206,100.42910485101974,49.91439558857518
130.9299855154427,162.52653232888275,98.78464494152924,51.002174422569524
128.97246852094014,161.18261064527528,105.34978464533233,51.31411322969535
127.96859679475975,160.99204409562407,110.29534924751916,50.891499330687665
127.76660041644264,162.13279731258447,114.12234496245108,51.823526775093285
127.31025815758805,161.66765728803156,117.72942669123509,52.97835054468288
127.64328357302085,161.40608360152174,122.46919623008995,55.16887205176623
129.815630591946,160.11592528241118,122.3888187510776,57.21196308593006
127.84316995581155,159.13260941614553,124.46351673957875,58.87687163625998
125.54891075325925,158.58910709143316,126.25296311747692,60.097231351864934
125.07295696879956,158.13792058136326,129.2228481625163,61.452921895007385
122.43154038422632,157.05805471875217,131.88216548731768,62.3276759457453
122.06376927445535,155.98628831349274,134.66817591326526,63.65338600188109
121.24960614522888,156.49942438748155,137.11097347613486,64.18031242987695
119.88889649767233,155.7267084907136,140.71656664133462,65.46332601290642
121.70193027018459,155.53829098563492,142.4401680759549,66.01430402450097
118.97212413753414,154.3616984794213,146.97241956816924,66.97631245554547
116.68720590799794,154.74164487112432,149.31601396181196,68.34327814496348
117.3510367117977,153.6292579167556,153.17656999413552,69.31614685083534
118.03742575263314,153.20021683602263,156.32677164879277,70.33019507067473
121.13823636187871,152.7242368277934,159.80452035675427,71.58505486502244
123.06453880669753,151.73515416164085,162.53888436588983,72.54770558512968
126.00112632823578,150.30664769681047,166.70513421905355,73.37821066032876
129.06048260252814,149.54891983935272,170.06615990594247,73.917757142151
130.56015300619754,148.87541075848657,173.44768133462662,75.15672562061047
134.71816239852745,148.72682844757375,176.84287184714694,75.83415136561649
135.79413860428198,146.91083491501882,180.1451864606318,76.8472321711896
135.21017933368663,146.06759121238193,183.69374145545106,78.07909796343773
134.1922079454018,144.80252728054475,186.45241260364088,79.04274840916621
133.78116264716527,143.76172876336807,189.11740907913463,80.31317099121478
130.04222242971977,143.75744245147894,192.66043357606787,81.20904929193014
126.86642340558487,141.97051540909573,196.94035846950675,82.53286356079383
121.59089602776311,141.3557618840328,201.66446601293103,83.57679406770771
116.09746134319602,138.9988493761311,205.22883334120218,85.47090572940044
110.42230631664732,137.65331369793228,208.40480982191187,85.28205398055817
103.36012488808854,137.37174653356436,213.75795628651235,84.19623201046588
95.34429796254256,134.7195661171812,218.92884181942804,83.20234407537946
84.19220255779427,133.7034761641383,225.64517824354863,80.53237411345377
77.07680649412401,133.06574570502303,230.2455611301665,79.62859218233434
68.28902792194688,132.33767253151711,235.5288437994231,79.38456598582044
63.963628227306,130.5970610642987,239.70737460731448,79.69540546688813
58.43504461650788,129.14362628233806,241.99101754454793,78.11496938963512
56.07808342705316,125.6470066285642,248.2495033361237,78.71571449552269
55.32300436723419,124.97419857973833,254.27921750129386,79.6037331586537
57.37790158723493,123.90814611018888,259.5324964102914,78.79883758467582
58.56158789512449,125.2288811163107,264.00252756877376,77.11755923951209
62.409690135994026,122.51016355484472,263.07740167361305,75.38544251307883
67.4476638258867,124.2748790641501,269.0218915344283,77.4746361816629
70.84550474037474,121.64096470070689,271.8019323998492,79.96513355631544
75.08907110524268,121.17354995576709,277.23084009064553,80.96432674932672
80.8573638495628,121.08848545068065,277.23770877223234,83.87050874945929
81.6389335244371,121.10313322738475,280.1533945147994,88.20568272424936
84.24609090563595,120.20590107806024,286.04373024983823,90.87987861841458
89.40967694427792,119.01361509042319,287.4156767867511,96.72745589802523
91.02008795314453,118.81806083109694,291.35979035785454,102.04685287645556
95.24759945626175,117.66549627299185,292.5381911568569,103.21846973413606
101.50175403436197,118.12553675635644,292.9597859847263,104.27783947007413
103.99107555444061,116.95321679253242,296.99310774254263,104.59675379461854
109.13757264040811,116.18768317034836,300.56721333257053,104.49225408914228
112.31764368648231,114.09848237659108,304.27519982623755,104.66449064903844
116.0031315701685,112.40486676189641,303.7688342540251,105.09686262168339
120.52090097304341,109.6002354733136,304.0073032455165,106.31252998019056
127.1529674831018,110.85496704551049,303.1679243681609,105.72021983662839
131.11065875333225,109.51128549038972,303.2585165972923,105.42487663850507
133.37904253711793,110.0279005870557,303.73216744479055,104.3473984751881
136.94920657242727,107.49585703253842,303.8190789829365,103.95800677105126
144.24393728260085,106.2444887899309,302.18788763552635,105.28412968700667
145.781332269225,106.66452185202704,301.73162793571555,104.68446387714543
149.4840992742815,104.55909072909282,302.00200201428663,106.35700534321346
157.36002788589892,102.5249614037306,297.7250498050899,108.3083127667498
159.41353435724474,101.54998958785782,296.6930903158437,108.99584885722032
166.0322777372529,102.85671057741533,295.1907424489548,108.05464498960127
171.7424434551374,102.46815365558152,292.62823057037576,106.95712635550859
177.32462881936993,98.33974495171509,291.5678370452798,107.72221688793628
178.40866060307906,98.48343148416166,293.7802537673208,105.55000714930655
179.6407083570658,101.84515259309202,296.6308035497221,103.57462611156058
193.10387114647625,101.9698605081776,293.04943532258574,103.73999128557986
202.46388453829402,101.69852800998422,288.5747937089331,104.65637800075477
203.19382247520608,102.5046007422071,293.066849311702,103.93453251218105
219.01597509145193,101.52853711108152,289.8310275844593,105.82523159260515
238.01549850522875,103.08355021315917,285.1898146192104,104.97649832286757
259.98019805608965,102.58667765080253,280.5089239708578,104.45273863629393
278.01222333528847,104.81287994282421,278.93625219663977,102.87567189137715
299.8216196960447,102.78280076664838,275.32859457644565,100.68585503926104
322.68687852347784,102.79380329954026,272.1681567250461,99.54404726008312
