144.5,63.5,57,89
143.55848194273335,65.0334522086343,57.38175699885643,90.53946317077461
144.1469528157659,65.19372064783907,58.14604554987996,91.71308003038692
143.80571232573823,65.00191030595592,58.46338233676282,91.97056666128057
143.01280719618302,65.16379320785032,58.53925077954328,92.26024441093949
143.5829805517057,64.74721813309554,58.521360976723955,92.79193825804465
143.8173108362604,64.1972082959628,58.60339493285639,92.73117762167934
143.0511642751545,64.43209129429997,58.72252224734423,92.99356438503384
143.6031566091433,64.40651481803067,58.72409394819444,93.1243501190184
143.27926220103194,64.55232124137346,59.00849360020776,93.09195590550772
143.0025198171526,64.73074983549668,59.201115278405,92.9654609090576
143.43025799201277,64.2312155234331,58.9818645694584,92.81593145827173
143.06636034045653,64.35866768875684,59.15838938764661,92.83390175116129
142.86567760916049,64.3867224612657,59.24079472002397,92.92445102903767
143.17401991452138,64.5258844576978,58.936927355024025,93.25834297235743
143.51712071292542,64.07525090827946,58.84746356024456,93.05751255990259
143.2245962294582,64.1287353405099,59.11157298631596,92.95489156044579
142.94528995635307,64.21308272862021,59.25440838571001,92.88271486118146
143.2927368166898,64.38066578068549,58.89616250339066,93.179119394277
143.02241402899858,64.48245225912908,59.119309573657574,93.06206906128644
143.41959818416592,64.02996035776113,58.92794738781933,92.88967661756999
143.07132590593622,64.89091657565852,59.25644795533567,92.86550604788695
143.43018194180786,64.38874473104784,58.96956636226057,92.7589747266179
143.13104762991716,64.43004286711894,59.13593287546536,92.81735659709483
142.81882423020107,64.47255165160368,59.27898592041528,92.80436778426703
143.10690835144953,64.46828880219533,58.90696059114069,93.2431407303028
143.53941317981742,63.899245320856025,58.84337752389389,93.05361469688003
143.34172005500747,64.50819795497912,59.16883896447511,93.13529357894818
143.82444073483921,63.91512515915773,59.074463698256466,93.01778140043409
143.72606892098253,64.54855893760976,59.38214563659301,93.14055620135628
143.29595016048714,63.70116696689473,59.74671242174778,93.36180305534583
143.07876926824252,63.39070886517495,59.80366614878574,94.11275403332725
143.3167724456913,63.40992288714385,60.08229381660089,94.02574959343079
143.32506446790336,63.26230875051141,60.267171236343415,94.20016586040094
143.08510716861906,62.97440938916202,60.35182272928114,94.05997201317632
142.83493690029817,62.51853639306543,60.97437913296545,93.81989949149926
143.05208518461103,62.86050634747337,61.99347161291607,93.3204204908579
142.12632967561962,62.953382395720936,63.138920194795084,93.39055676702245
140.66249514145647,61.97954825978126,63.65115156475712,92.93584600295209
141.4557186089013,62.531352032708945,63.57672462174216,92.80472817171922
141.0788808954486,62.30855218517286,64.0686092962367,91.59768549752107
141.3402393038973,62.187538523986255,64.21713310710491,91.09630759700151
141.7745305722787,61.69059295498525,64.46614743504246,89.82809040904527
141.21339373023076,61.23678937707513,65.38279431848201,89.17580395677226
140.8375433779067,61.39499214835393,65.41594463908547,86.55533247145037
141.15512520775607,62.069989008559176,64.79740200280328,85.12155057217873
141.4136334177907,62.52502417029501,64.00057220368473,83.72008051349474
141.30330048296156,62.80718123412171,63.11648851298685,84.06936545972822
140.6495619843599,61.29598865256291,63.62038421279256,82.88052272901646
140.5170870858763,60.13331222093117,64.29328637801913,80.21451826577238
141.51078528140596,62.29472995961049,64.83455958267825,81.55895297197696
140.8920569682302,64.36339512663386,64.76865062084158,85.68287027281792
141.2984081696166,63.09243820089914,65.21749971743557,89.73122893610835
140.84101549483637,62.52093466580932,66.54350058094062,92.09987689927047
139.40149215023246,61.60804548839434,67.07627337107007,92.96521169779169
140.1920890875362,60.61896244815422,67.37257836159017,94.06895427439619
139.0912744398526,60.15222357837327,68.69841723976296,92.4799334063226
140.04311663470634,61.2205320598966,68.48744491861325,92.95884383470965
140.2991317808368,60.57878885758308,68.1170898154898,92.90443913749954
139.62600300773755,61.24014467145621,68.056821392183,93.19753444697099
139.8639842814763,60.7460706833543,67.71313810665218,93.31802875524802
140.62534345536284,60.77640121072089,67.64318367394108,93.53167706745629
140.69642735509424,60.44009789326867,67.21821099791231,93.07087336777363
140.8080702599116,60.894759464989576,67.15119481310687,92.56657904436966
140.54085582064536,61.49825218330655,66.64585177715725,92.73269186193951
140.45166733634971,61.13034933408835,66.44604016547395,92.70117525851128
141.40376651322663,61.950985017570815,65.86621577221511,92.81340328024112
141.63366228955007,62.67648562705391,65.04711150642203,93.3656583822283
141.15663149411748,63.008032271694375,64.49456580320458,93.42098470440138
141.11867578846844,62.53326825593966,63.77939286534721,93.3268413663582
141.02139231733392,62.030201808644705,63.31712502644637,93.46009797444145
141.28893560724813,61.89682618349585,63.19092377657974,93.87432591276655
142.02854845157214,62.062052990503396,63.2279517977248,94.04507625297127
141.273312157215,61.58410879005005,63.374554719385884,93.70767999926065
141.82569464990112,61.55647543511737,63.50662020695978,93.940299942225
140.20203724389052,61.08347106457535,63.92712847372346,94.03531350031801
140.98958479182235,61.016625084052805,63.705570818159764,93.78988537969997
141.10574518673093,61.433185910231394,63.58424735501465,93.91962586132259
141.18053824348496,61.96608614755634,63.46683046061305,94.0629340969617
141.16006848067752,61.33712554059234,63.76519037707226,94.04848652217052
141.28135558856715,61.85073420456582,63.577554596847506,93.98955117855279
141.250712536149,61.17457559869335,63.84747747729667,94.14911579058153
141.05597988955998,61.54851865868374,63.48058009385421,93.68149693902002
141.90363519647062,61.030469629107685,63.48650131730557,93.77988149433455
141.6662013449601,62.576801040175596,63.338167292459495,93.30805230752892
142.13458978479443,61.48593887027077,63.25163517330414,94.22422519947023
139.51759774384215,61.88714775322897,64.53493160834283,94.0308449520551
138.51438868376084,61.59479273116809,66.03681602040993,94.94850433652034
137.45863153956276,61.422791041447695,67.53992763937632,95.01301718547026
137.96592213310282,60.87838816845192,69.14797561794558,96.24930952876139
137.15480662354813,60.5668973171539,70.3915830322805,96.36867120286163
137.40386149896742,61.02247984424092,71.92495192485927,96.80344399677873
137.2919832624009,61.01434619126984,73.26722019398993,96.98718555768667
136.67095031013156,60.38494458079646,74.60312830691404,96.71875076727326
137.3956937279565,62.05084857370859,75.98544884621839,96.79978195571962
136.31830710261178,61.08285488772236,77.80049624489521,96.26059227805524
136.70416235389075,62.3969621603177,79.07402423721035,94.98619221555347
136.5820102066644,62.83809719910153,80.12455073205675,94.51275087333737
135.91849461091715,62.347450399291446,80.46415915924993,94.68890803077309
135.22630311290246,62.72807700501702,81.23731315280355,94.0273907722357
136.452496906874,63.24929002786322,81.19442068014061,92.92008182225216
135.7727920266077,62.93307124400978,81.30377333942349,92.96987057623451
135.91903910564486,63.23228776261517,81.31057553063624,92.61058478490767
135.36336582199928,63.04354666296662,81.33685554099684,92.86714666136933
135.74742894917594,63.179970679981615,81.09251219555999,92.39026200409982
136.01510218721776,63.181510940268154,80.69258508822026,92.40950355710558
137.07095924585218,62.86336257908276,80.88383947299612,92.05807293544026
136.15912783386747,62.72792385826541,80.36939924101155,92.06180417713333
135.02969078475215,63.12536906793475,81.05296942707942,91.92193250464753
135.2185707898346,62.80940952993039,81.82209588484817,92.39392029348679
134.65783463380313,61.643011125359564,81.20625266136574,92.77769123325893
136.64866861430573,62.08110629931198,81.93053066898845,92.63009208904367
137.26483161380125,62.079304423424766,80.71881154355441,93.28642851112527
137.38138163370465,61.050299140432244,80.41526903581968,93.03839831325533
138.9694089302179,62.04540095525829,79.25865485531455,92.92130164008518
139.7466142838457,61.42067402128814,78.27160276107318,91.95195400961238
140.4784395439882,61.85713981761865,77.83319313892048,91.9392748569271
140.78881831589842,63.25472230765635,77.3061921739627,92.03899041007008
140.68990514610488,62.78590910073036,76.48963448225403,91.86242100025264
140.3393071034092,63.5328503188441,76.35775486545496,92.34805566626667
140.75299094217957,62.184222289692464,76.39552381129678,92.95620301904931
140.4870679464204,63.5155218931651,76.24937662444749,93.39405933464127
140.59567215467794,61.5329545801081,76.70835012035462,93.82913653048794
137.65852472504017,62.87461532983687,78.07682947364873,95.48470367620251
134.54714554520626,62.93382235859043,79.06640587988633,97.1307953626758
134.00838844266335,63.693035976605586,82.01944699003202,97.01645972324889
130.1703705363203,64.22626076539883,85.14548976454064,95.92383835708912
128.01503330782793,64.21068887899996,90.29737685179727,94.9956209343226
124.37843101645683,64.43347962136832,96.47594070272794,94.80973375762841
120.46373000881827,66.1206003404274,102.3221947392224,95.66254310076025
115.35156633395806,65.70310190145888,109.26504249185115,96.52313463598429
117.36860603205965,67.65319296431497,114.8116181936094,96.8057809366332
119.89346151502342,69.892584340274,117.25468123738645,96.88412136891924
131.39410779151154,70.79455553784388,112.35172776522077,96.82304203282337
98.98135940897555,65.86217399153593,116.17869700343726,96.27342123719464
95.20515046318064,66.92521725556483,117.02545359818261,97.16602815624988
94.83872089090522,65.98476425775857,116.06052617313809,97.15643193743064
94.53302322955365,66.33863390804915,115.23377609674762,97.11066551721294
94.15191554725331,67.04346015278927,114.38853382356143,97.04560369164261
134.99273390134584,70.78982978210321,107.73907027211465,96.84124982425007
145.64813367158024,70.64996518676494,100.72742882795934,96.00108272224014
146.1074333184955,70.46436347002081,94.42547296293131,95.06301744273097
156.34944143852778,70.31198270582692,87.08061401809377,95.3509715136866
155.68558761164022,72.27381607371734,82.52521114864503,94.49267748336536
155.9546646324444,71.77822092396313,79.29268469149403,92.42467297963586
94.76743831817045,65.03350922773497,79.42260759592088,91.59943916078848
98.3888056750323,66.61409170214148,81.97568739635734,91.00664884576453
93.0354167871879,67.10851457086028,80.79120216392845,91.30314484798146
98.99384404473996,67.41400218030748,81.64293857594836,91.29710706328352
94.99286857607882,68.08031894112858,82.19780365587928,91.34291499462137
92.86264956770495,69.35321647942797,80.87347671519903,91.73163038745923
96.01020702861999,69.19747263375773,82.58094338974347,91.8697707546668
92.12929171358158,71.34269212973096,81.96247731266698,91.27628672831176
96.66785592962377,71.69470177372094,83.48838003902986,91.33357116319024
92.96824272582774,72.59105803892771,82.80430204140953,90.7369420592522
97.48171879351801,71.01024975492513,84.57196279055046,91.13069416154389
93.51008404094547,70.9464066886818,84.30056688279271,90.95931509155592
97.27465330346345,70.64920308273595,85.807622205413,91.264649760065
95.79376110133838,71.1074050253321,86.33531337273993,90.00180448674251
93.59555472078178,69.97037201596369,84.69541593793028,91.02620751014089
91.79023586834413,70.45049375251001,83.14292574363567,91.60079043494406
94.07672962349321,68.58820137919244,84.26540522857677,92.74646292343101
93.17983918086149,67.13226290860784,81.33509172297104,93.24296343981078
93.77360433666315,66.81971811526005,79.41241023968345,93.04339510948367
94.71716604637331,66.1211955508025,77.31677400741029,92.70138508169099
95.45098068066946,67.50786470391124,75.21725503792838,91.38557488979237
95.78040580795479,67.50755293225932,74.63430475686943,89.62471917455892
95.32098121589982,68.19430895294147,73.32915873223914,89.68413998689333
94.12498198767624,67.95144746102946,72.30620777157205,89.60265104473393
93.88786856790642,66.7528231147956,70.50339508321862,89.73792206462474
94.41869980273691,66.40720527104816,68.76252433490161,89.04642559918078
94.86789959445392,67.44564716720421,67.33917192258347,88.09468295066749
94.51715566915493,67.37796111558121,66.46807407123903,87.77769227811089
94.96265191097996,67.40765858301748,65.78161713150756,86.67674098490095
95.2604053640533,67.55803366812974,65.48668232266236,85.6802486843969
95.55914294001215,67.78136473596629,65.18426917626452,85.42704622343977
95.20644792525647,66.88748717325387,64.7879097856099,85.70612982672412
95.41933675366816,65.10676541014894,64.2012955662722,86.02267145741092
95.16576902336651,66.4804284969778,63.90832360738469,85.68761821389847
95.64446212487789,68.31088042259594,63.24884222361204,86.09203103975568
96.42434802203223,69.10474929309922,63.394146289326855,86.22036287787357
95.25948298704853,67.57853152744883,63.36571538669904,86.4751332900032
96.80677598508838,69.71115368782984,63.45012952985578,86.8647413595305
95.10232125685272,68.52421897850512,63.86212698376362,86.36170080694276
95.60149915302334,68.84632794669645,63.998462549035,86.11066249583286
94.19885270314519,69.35475630597526,65.48547534796884,85.88056771680084
91.30098514409185,71.10745933647392,66.26927761619149,86.54611683692534
86.47453591907592,72.05998611493212,66.34872788507101,87.36678225507607
82.63176550134062,72.37128148983032,66.27287946501792,88.4948154467012
81.70187329567048,71.21887695391078,65.73881378823872,88.83532150187766
78.24465503874904,71.27588106156384,65.63811406016875,88.40402175858503
74.81715960693565,72.77632106813024,65.11375902993566,89.24574209106379
71.23480976229855,72.82448569227263,65.32962859149379,88.94003619471059
65.29875656087503,73.07118439462789,65.36410662977784,89.27371158920585
61.92475578409342,73.37646696234886,66.16602892919067,90.48324997987933
56.983804619098116,73.04850871942588,66.4150729828141,90.42475753160893
55.50038153803136,73.03298756409583,66.7960443490339,89.78741529026705
54.01786307807255,73.70915141133688,67.30274563090526,89.9947693689707
50.41685954132963,72.71699545546879,67.60695511985742,90.43182361888742
48.76187200932551,73.43565598510312,68.02696131179535,90.7625878009365
47.21369213891023,73.66303799096792,68.69250821693254,90.65986557015556
44.091170677683635,73.4019033986731,68.56423342087987,91.13556816035313
44.14562324047727,74.39998666600127,68.10594866639589,90.60312886149087
43.76665802364604,73.978271167325,67.96537615415839,90.72422344736725
43.79293599190376,74.01944896367553,67.85606354985015,90.55243972785422
42.46201900503054,73.57540410213525,68.60089305753976,90.32890461401308
41.709955534782,74.34627167000316,68.5998365397086,90.71025731358915
41.68535082076762,73.63263681855642,68.49151519803159,91.00253215201883
41.740242359081826,73.4956278208599,68.33393241121884,90.63147268044716
41.863500133906335,74.35009356151626,68.21229301801914,90.48103183309897
41.98332596000237,74.21579920844894,68.01914212688898,90.48557020454159
41.882002339492985,74.06218228470293,68.18681749370049,90.6465813414242
42.03456215218797,73.90972365350257,68.03062168260723,90.68373221755441
41.6055905977043,73.50881631539775,67.9235103391553,90.69630683152725
41.70601447293177,74.49165702689831,67.9299878833142,90.26909758412425
41.532899267537225,73.59201085996362,68.04558817942872,90.65647759594927
41.64301004481811,74.64411830700476,68.0807646897187,90.2554253720025
41.54208359820156,73.7315521784567,68.00428326336029,90.75306884907694
41.68290573811881,73.49353064385546,67.96189228097394,90.51377303249527
41.66835720320431,74.00119821607936,67.97034950656419,90.17005664767959
41.650611545027324,74.15521252526558,67.98011871227418,90.0155172762716
42.054786168204096,73.6458667460942,67.93744882535667,90.12725740715464
41.98169941016923,73.86576587560647,67.99648563322643,90.1887728941056
42.05957136693588,74.12031214583962,68.02562810072321,90.32406211519019
42.03178548818887,74.52424847404139,68.14199643570063,90.39905882161779
41.84852493658828,74.50960095152794,68.06856391369965,90.75245120198326
42.044254026040434,74.46278527704635,68.093994448632,90.93021924561617
41.75249606732379,74.49216434750677,68.26986669026115,91.09172327453328
41.78973860625716,74.15439123538056,68.39215838990029,91.22371209331392
42.12210149236202,74.40698385296264,68.39351488068343,91.36581786280748
41.62057457955814,73.59106219562051,68.26218192841338,91.32862657723389
42.12674424342198,73.6918284804779,68.18112774358426,91.58813957074008
42.24947578238095,74.02120792632364,68.38267393108914,91.71515210858732
45.29061303332874,73.54167496664957,68.24721205889327,92.49962183748288
48.6270975855005,73.14204458849841,67.60599601775165,92.66167127100078
53.05962643322157,74.38520625891528,67.06505026078608,92.97239077684674
57.28496016684194,73.48285686659904,66.61599259579143,93.64874550248874
60.821491762799866,73.87921117314175,65.89442848453353,92.98259832248014
68.69521180743952,73.66096141251552,65.18696546892366,91.91964310702302
72.41537503021414,73.79421575735938,64.22949052865398,92.66258521060159
76.73482936351544,73.6774599088131,63.4876336732696,92.1191975699256
80.88099429847762,73.98057929720807,63.09065616693171,92.00979736277681
83.88204811390831,74.51709291992779,62.8275326440415,91.52725080257142
88.40547131978619,73.4250201658494,62.57285866423154,91.34722265998661
93.41250185091096,72.16011556703216,62.430961374565,91.48137241090478
96.87359969377587,74.26399240757561,62.451574316917444,91.50367024730446
98.5392090666506,71.41488443243271,62.58077761019998,90.98834421303215
102.26697986574997,72.53036067216414,62.67638871814748,89.96817509595792
105.03189610521896,71.59337316110691,63.63991103657278,88.52784457417283
107.26818859282801,73.60263364156339,64.47615107737643,88.5118651553131
109.13843101894929,72.55351678622745,69.66578955429645,88.510929611682
108.56957850950678,73.47979750203436,74.70142710263093,89.63330228117292
109.16721202566873,74.02912867752204,80.69243650615908,90.88351330704386
110.07022505062518,74.26539179304989,90.25922844941024,92.21675198954713
107.50153426808488,75.03033418632361,93.89218806510425,93.47032352853067
107.77468756605636,74.83648551206403,97.60380841007927,94.84905419270842
107.85690969923894,73.90086879676616,101.6340014422981,95.27146345605256
106.25353996701057,73.8942041790753,105.59487043575415,95.92139980193463
103.17401850921092,73.14414109841609,108.28631085997466,97.25161740989117
94.00341677053356,72.25191067083763,104.00045058610868,98.07006334338288
81.16071687979638,69.120922099518,96.98923705581548,98.33760660616986
78.34764314339982,67.67655239982689,89.12719006297138,99.25765251075532
75.56834911978584,68.17846322841322,82.80683275955238,98.9857776795638
73.31379719870559,69.66956710487901,77.68306020553368,97.8636967796214
71.36979427181643,71.56713531557867,74.13055340214646,96.3401794397193
69.40683485117998,72.54206753466893,71.40035957252093,95.0314461641822
68.79221462093419,73.20775604605592,69.35125564023602,93.44430179597975
67.23566027609019,73.33360170743035,68.64785651360933,92.90347412307604
65.11929138599541,72.66174973323365,68.36399654599614,93.16731261584196
65.51113790561514,72.75459112074026,67.72281415929879,92.66784419844328
65.83516766819703,72.71628622959165,67.3524029340675,92.13173676949401
65.17113659109431,73.07752089755894,67.22593401470269,91.85239402261925
65.88223541934329,72.41638561092586,66.91874816946115,91.85889969186321
66.87335176755606,72.80997648381825,67.44448437562349,92.25553831293784
70.57517998840135,73.88581650711089,67.0991880337254,92.51732662725345
74.72707314075367,73.86880246519391,66.36092058506934,93.06863373997993
78.98939182975721,74.7929134938696,65.68609714520312,92.93478431751625
85.04114569925848,73.7516634649044,65.08894087714785,92.00118921400866
92.35101601445399,72.92422428441532,64.23742019457178,90.70581456519068
95.90440916287852,74.89185056376243,64.21505267137383,90.63279183056261
99.55658326251283,74.26234460740353,64.38704476598949,89.74779129210853
103.95309060451123,74.34021470665473,64.92674416280322,88.70656371596256
107.31250388965907,76.73233364021577,66.39517154453394,89.08478712966323
107.20365426313256,75.49302815958097,68.48110710091639,89.8172075429897
108.98891080036282,76.70584483335294,71.97363857449056,89.99763088566183
109.08645075662254,76.94870425140583,77.26268570664885,91.22455340793161
104.44735800229047,77.23592089848752,75.77573258921436,92.44905707684958
108.5933917159127,77.65386607570403,78.94228141868376,92.75231066620319
107.93824599047657,76.59930552855005,84.89595541884191,94.18376378508543
105.82368101945056,75.74253642144427,86.13384247530432,94.81262811776622
100.560359369559,75.9833809077941,83.53957799157916,95.33948263643009
96.48468670585544,74.03397695538987,78.45187245381295,94.87566637284255
93.33062391021905,73.98831126036063,74.48204775822049,94.85119026688977
89.40764753645313,73.36519883867076,71.12204500038123,94.33873941580387
86.37867913344215,73.12482071486426,67.92482147467712,93.60122595764449
84.37543203018058,73.45089616053316,65.76119019673371,92.45133142993697
79.65951488514577,73.55561736098,64.13515743663241,92.04929050733386
76.5872480779511,74.12733550569487,64.07325060226076,91.21665295233059
71.11159368209053,73.97992240992116,63.799977675537086,91.08932224371055
66.55083075904717,74.66309543242416,64.30825278920193,91.11115907719883
63.840795242058995,75.123433134832,64.50767696496295,91.3445827791718
60.672712408264516,75.01768360872705,64.90260327555728,90.78265446417129
58.14108233716599,74.8177005299683,64.95805854714887,90.36880723334114
57.38873926934508,74.9569363878857,64.38154908991044,90.5309011632011
57.62431460429639,73.4829448960264,64.19620391360104,91.75409667324112
57.94401984376755,73.77734733481294,63.89767660025663,92.23009587281646
58.794108052639345,72.64529665776173,64.05734629762534,92.10994348660822
58.856067367959255,71.59824681016134,63.77415542837334,91.9911718687139
57.87650049020806,71.77480064008236,63.917516412040406,91.98711589301301
58.387373424983885,72.57421130741702,63.991064541207024,92.01387081604942
58.199882162953365,71.12502450095704,63.58322409869244,92.0720602172384
58.13685364424615,72.24102734596993,63.889539633702654,91.67838205425883
58.26440679084199,72.2654977192126,63.86122378357376,91.51269279598225
58.42821195463579,72.40153770596385,63.79423813292898,91.16614929110483
58.358289066100276,72.52112149176796,63.525275708448575,90.90737921400644
58.47333253713766,72.20192140937755,63.748325538291155,91.06086099304315
58.41152101112898,72.28629500807872,63.3492948913873,90.9140688778338
58.49895611035418,72.17179395293475,63.663788929530156,91.1278689268486
58.330748625126596,72.26401064195797,63.39535342896558,90.8328160634239
58.122524945030804,72.35082340335134,63.269661616603145,90.63613806801595
58.93812387020637,72.75300920696118,63.073092610513186,90.62748501147834
58.846270474145996,72.19802547810839,63.730285975137974,91.39146249683094
58.70216326302207,72.3281723478216,63.49406070488857,91.06278143527668
58.67053742621796,72.17050411813648,63.88548828086343,91.36460679572565
58.5926244181672,72.25419549180604,63.610458247904134,91.14742092178315
58.473364251261934,72.44260276755715,63.32898950843814,90.91879500598785
58.23110457984584,72.62553882837899,63.28516797516788,90.84697730314642
