176.5,75.5,47,102
172.68662129481655,81.37665579516965,53.48695593794146,95.439054056023
169.73246327084092,86.43431215638566,59.95568343913976,91.91801919232513
165.63141647270564,90.27006609628828,63.93453141468281,90.99590572932898
165.01017340583877,90.6730871895579,66.51132998738139,91.81198428081919
162.93607658726194,93.28593133494549,68.42968406116526,94.09586468129768
160.22940468191268,96.9170971313599,71.05724028946636,93.63187388589319
158.45903538811936,94.7048725300906,72.00381641291114,94.7354970348124
156.75991431340455,89.50095348334418,70.3397497740412,97.3254826312044
155.4626879021484,83.29045440502176,68.9007438868367,102.43068965778333
153.69714846382024,78.07394234688513,64.97218321423766,106.35791495737567
152.6050722619904,75.90834274545622,62.4842012184833,105.81253725975132
149.95719307838147,77.9411589043282,60.665534403358635,105.26504692694692
145.32080879581298,77.35127514000607,60.87322137212104,104.45770658262823
135.0482277002967,66.58274046917064,62.12576767265065,106.33207717857155
133.93347661092673,62.446578926981935,62.518136563007175,104.85482750904272
133.47419915854996,60.14265704201374,62.403634970186815,104.48992490675622
133.0460594035839,57.717260467267096,62.206435166268506,104.36812427191722
130.17016423218735,57.53032009226813,59.37126185549721,103.08747330461475
129.54872149587402,57.69677978398147,55.11941494821055,103.20683798905725
130.99547468196798,58.32798668545452,51.92857697464132,102.000190753699
132.28438891355756,59.95084204600726,48.610204967169665,102.33963528123549
133.51329755930166,64.27331429657949,46.891146239676836,101.17536504690622
134.7040198732313,71.28222453875075,45.93879795295071,99.66076512073019
132.56814088977004,78.95440443964779,44.97397936271379,99.12500860567927
133.9967299355897,76.59272441098028,43.48991609536951,100.29021360319986
134.65503390204623,79.81421560959645,43.506917624240806,98.94487362768993
136.64154802295894,74.58674740303164,42.51883158021507,101.0562669881462
138.08322057731493,68.17369458219841,41.2422625897816,103.99558140056462
137.94288806579704,59.93102077758207,40.77515533641588,105.71912824380608
138.44609931642805,48.99378031302851,42.42778639922548,103.99060662469543
137.93866534714513,45.920688064789765,45.046915259269625,100.52695835750104
140.58450449171477,52.301091257498186,51.57985149497166,92.76882512119309
138.86407576558602,51.61505385902474,56.69328644757246,88.51921965843539
135.52306268733213,50.99813255019262,60.622806824813914,88.30228569910378
134.24160763131982,50.7658486480978,63.49356848980174,89.16221310884418
133.46806248005188,49.483657449567424,65.86118205436158,90.62353144569376
133.63198768294163,49.63604193243273,66.9095233838497,91.93157666796668
131.75237568993998,54.74618132030973,65.69455522736646,95.07169904577714
129.53268806940633,59.81807152494816,65.67294290053215,97.04120179384891
131.72889082841715,64.6628020403435,64.73300172462777,96.94243709789711
131.96446657367866,68.27260272399644,63.59530686957995,97.46168441680948
132.9570844579185,76.04069860759213,61.49403329274156,98.28821886116594
132.40807876202473,83.82062264975818,61.88985047066195,97.94456397599158
131.9315626543774,83.02072890943782,62.04117488175358,96.69684374140705
130.66209203993986,84.28901388863221,62.13149340707639,95.988088242819
130.28435673859923,79.40444913963917,57.6558191046673,103.67847094515079
127.72150902155882,74.82499658051736,53.454010380728135,110.44288749032008
123.1172814585174,67.84148487167312,51.2732786476801,114.4803006556282
122.77738639474583,64.03456710323995,50.188928765343185,114.23409695833314
119.22307120273095,68.30398670191263,50.69113386403358,113.92524204443504
113.71527790711636,71.02973204780808,53.32272539911044,111.8116755946638
109.0994307505099,75.31878143100239,55.47369451929967,111.44340234402225
107.02958770418905,70.23870558808115,56.069242895648,111.32384421388574
104.9096181641816,74.50251734268755,58.08360867434763,110.11253635561286
103.89772776307912,74.6544720921759,60.55135911370811,112.7963807247392
105.39341815700162,70.25467516130381,61.070792515774,115.28700651931419
109.89213308154139,67.04707162003928,60.458650905219855,118.29316409088744
118.41285663189248,63.189447477474474,59.953384300733475,120.59877063331075
123.20876368586121,66.9498606950867,59.380811525803836,120.74647275491003
125.30527218247497,64.76661716814301,59.678954448500406,121.30967134901957
127.34177747487698,61.75603420588472,60.45471734315804,124.77071144574685
136.22284636013538,57.15762469368947,64.0125048808688,124.21074889207338
139.62726786001778,57.63199084187509,68.13213249267625,122.13062781224725
140.91535549206677,52.859946133874644,71.05023852053996,121.27894429428818
141.82763569830777,50.01055105476125,72.2434710481977,120.90979993942292
142.48210654397735,42.48618689114329,70.22318743934377,120.46793912481314
143.59339033084993,44.050727234336435,70.93610022181502,118.04873885005176
146.09884142752878,44.89552527743506,70.33198923863189,115.6352784469142
151.69368265008166,45.954534249182856,69.22882126648754,115.44160540068881
158.4382977421758,44.46789687481912,68.57443567153271,117.98200302606043
162.80155320593025,44.826411940710756,69.01115945471716,120.47836562880474
163.8856543774682,46.14456164402719,68.51642689351686,121.55067771051415
163.9367658611534,43.61427998813886,67.29131548029224,122.12726847285234
169.06583137998038,44.60988754044805,67.59995022785559,125.16918592133455
169.86832839987733,42.81312037966305,68.49441378579425,127.38451172487629
172.19379173655636,43.098446259649535,67.38486561051357,133.23468735366674
172.4897829283179,47.45096518014748,66.00169385445095,134.44117619266353
171.61475005468358,52.28909601030175,63.797920776493775,133.32901479785792
173.06656916749455,53.91911694559087,60.78249596184534,134.91027055377504
171.3598549652169,51.801042058146024,60.301787699149074,135.06853803877826
172.03544511601342,49.9966202432079,60.77107117414447,137.17305019911868
170.20944015072175,45.69865803182326,62.1409577774726,136.98065980255203
169.74829320768862,44.3695985111421,64.49871521124541,131.25658146384842
169.82630270012498,46.55015406500176,64.78617320133684,127.15894875445215
169.31304959280345,46.03469869066956,67.44627392891935,123.36765300592418
169.7133472267605,47.663157027370005,68.5478348947928,120.42251940785593
169.9671817724901,49.39649562233379,70.00421168555866,117.06126744163652
168.95829643185428,46.76112999834187,69.5420576880278,118.1246188716577
171.42718288648103,43.87763425724383,68.41910196894456,118.00097104873905
173.5510095863974,40.33911323901755,66.61714325409409,119.52771677858149
171.5186410921811,41.68221259361748,66.90139651983998,117.52165522682182
169.8268842735447,46.33431933658488,71.34149463453741,112.9475171002315
168.79044311028485,44.13159252190723,73.40507078262888,111.42761338782044
162.1037099577928,46.09431690556447,77.21069555776678,108.47725518380324
158.7377664038499,48.25759287788018,80.29522257921158,107.50495009395392
157.90443222747825,46.00521402304993,82.10667937599703,107.16674649227409
157.28143956382686,49.96871370264301,85.90319299118737,107.40326222403031
157.07245375892683,54.8397446283922,87.33492838634967,106.63381275351338
155.59732165873373,56.482172381909685,88.96161232169075,108.74871320122084
151.99876732822187,61.384090790985034,91.1569223529537,109.95103902650276
148.05469567724143,64.8765324822356,94.9255817071607,109.33975994163956
148.97530836889837,67.38290487899557,96.65409423507117,108.26399253459422
149.1374469701458,62.601064738799174,96.54178204214648,106.8472317215422
149.27993731487166,58.63748555494966,93.13162063141175,108.42473160001393
145.93242574092167,51.705672020158545,92.55896837953145,109.16797731431052
136.42238517395612,39.915632695145966,85.5210985399518,112.75821068845677
132.2672293530738,38.39507377894397,80.67801262159684,113.54107446965227
131.46627033499158,35.58591282673373,76.61140591563479,114.00977202638597
130.46581252649295,32.18492817390057,74.25536314334983,113.67065713786894
126.83482938461147,37.008905820289186,70.41183397423194,116.21085701934709
125.62078352123444,33.350623616912294,66.42234223540981,118.51017327241435
128.20070163096318,34.38007737809084,63.65123296564411,118.21855419648365
127.66898748506767,40.767426978262336,62.40310372607833,116.77325601237601
130.53074656233022,48.44665704079894,61.150677318837175,119.61322690231745
133.82999588679945,51.902212140178776,58.93211822602052,117.97204611258488
132.98406748116236,62.716628841608085,59.3604745852531,118.86062871009247
135.46867490469594,59.13510619156068,59.59969241259384,120.5256576527654
133.2022570701898,47.055416445109046,61.434532180498366,123.5831275082175
135.93288014300208,41.260036288193795,60.271114709190186,126.01572665871792
139.6831100677037,38.318414218754924,58.827975454574585,127.7503811865422
140.45839772854583,35.97916873537079,61.09756982016143,120.90519337370841
139.1742798422291,26.8202706096869,66.67434574629831,113.48441655073538
136.0647525099285,27.07403426495766,73.17905245233479,107.35301886742164
135.60299287530643,32.023240948080975,78.22309660484919,105.2000912837983
133.42600278195619,33.12020968593474,79.6471673238525,103.43202637240657
133.98228798071256,24.870156849778745,79.4751381341301,108.48652676670342
133.42065415650993,22.372895233817474,80.67379168833766,112.00885628066942
132.42644650886305,26.096364357545937,81.36478362089944,114.07542682990439
127.7060154995853,34.72935036686597,82.64230030254087,114.96108330552701
127.80003751369978,46.1605497943379,82.73642707666674,113.9666768517062
129.37572558658167,47.76656882122503,81.60722218982934,115.51931203096417
129.79529605412685,52.469017773808844,80.47706476547165,116.03373900067447
129.78097592161043,56.471402564138586,78.61374035650852,116.94747508865512
126.23930292105553,66.8073805281544,75.55996515705682,117.71138456284518
122.91581645025943,63.5528848994378,74.14393932698152,118.83106689083502
123.9734104030782,64.20407790991123,73.35092179812162,118.57853753263838
124.06603829834981,61.0090653432288,70.89958491283659,121.7870472107573
127.46342401192005,57.38493517867771,66.29489317472198,128.14401174918717
124.7874803675527,53.07529771714451,65.9766850197311,131.57760056080338
127.05879409184914,51.14766955300581,67.20733771487603,133.29093489201045
127.37078728799881,57.33747448977576,70.86414403574194,131.40980295426158
126.15123520208824,61.28017353765499,76.63942770242087,127.05583248034455
125.65510030200662,66.00649644782709,82.99000248000112,120.16851168174412
126.37858815284666,70.91827469805399,85.62386307440258,117.58752558152835
125.69735475985826,71.66739575026915,88.5957630345127,116.74889225843577
125.66584298935499,71.92370477800344,92.32505277844587,119.47522827019742
125.23520710202403,70.66697610872144,93.438849733686,122.4075007149149
129.52427414093788,66.66307751825184,91.08740785556536,125.41172543186487
134.8076700246333,61.93844535720555,88.71610311057444,130.19756430840079
141.94387150622146,54.124615941929335,86.6832373864728,133.39986627402402
147.79706252795984,54.21419615159935,84.37181574643844,134.22861551025497
151.55203947428691,51.59553631992654,81.5727192451417,136.87976068553297
155.66615153411948,54.26959800352017,79.11089975423022,142.70768941185156
156.4530618416934,40.47086072753277,77.8140413597512,148.20369301656075
159.42497085401658,37.44620638986811,77.43039446242415,148.78657484252483
158.8805462062685,31.407353195216842,78.55076656092885,145.6442428178259
158.5502290209956,32.5382956659805,79.677317416069,140.68834523439185
163.00463504036156,27.685246759709656,77.23624495939882,145.94048691976678
163.080428353764,26.649125425916935,77.37652698946766,145.66824883440728
164.9749457762287,29.17534502428066,77.35605183882842,144.84883566535927
166.65824571510666,26.14234589757575,74.92212475970612,145.49282445069048
172.66317381486414,28.128856518388133,74.94552795197578,143.93063108420304
175.69618609367762,27.548688952087673,75.37304272769234,140.76304339575904
176.3522242928893,29.762264638839866,76.66061337440448,138.77784830391664
174.55029670703777,30.671166936192904,78.7820721818955,136.4973315107147
173.2830372424499,38.35729839331236,82.54222723568215,133.2500466619665
170.4017828514638,43.793819488213444,84.06888616032407,130.98930439129276
167.62490138081787,51.894816156673315,87.3906127494583,126.98075244536423
163.92790207897508,55.81497498036591,88.31561482833311,126.14625507233207
160.7867886879039,55.220328495536506,88.48554598288143,127.51234693699229
162.1671615478139,51.87355679823361,86.51944539369578,133.14393404516773
164.38830181471965,42.85277566249857,83.42557582389641,138.7678527695797
165.79709342653598,35.89387990886301,82.61832542306342,140.0219003040725
168.9669509787987,35.65165023376994,79.2836676534379,138.83133371431722
171.269212831691,35.435797775941495,74.89169120519594,137.39612221189856
176.39839531085642,37.13390993130142,72.42474813712387,136.60797900354993
173.74016062500908,38.80173701607811,73.25164355328266,133.89540806782986
174.81569090272137,36.522447244364415,76.4378232169743,132.5781154760949
172.5282404944915,35.45049687965687,75.17658244713024,132.06461011381992
170.32895673821506,41.813948512542694,76.76549930012203,129.04206876363665
170.17669399849876,42.705292042038025,78.37096159767746,125.32127326043212
167.63633853145097,46.07800591270768,86.85191843669556,116.77247134783579
163.4325228673659,46.62842403913051,90.28149047302608,114.25230640541494
161.51284230959533,48.21124475312351,93.66715211900089,112.28236502682927
160.7473948486706,49.493751111986526,94.68635797396341,111.70814446436904
163.9755443449264,45.01519071883447,93.71269686368453,116.48520486401544
165.28401774738558,46.87932938497265,93.89438315736848,117.77966980316242
166.4040627871038,48.23125120166475,92.96569146488724,120.65114355259072
165.10729414704662,51.15205569743665,93.51439222385292,120.65066863239701
161.52873471267003,57.724190641443336,99.06135229152734,118.73430020312388
160.507705187256,59.985684730841115,102.45482578441778,119.29435750696382
155.71972908127515,62.325248398249066,106.07424361069829,117.48805841731088
153.9061586303729,59.76511972040046,106.99985191019266,118.85195714950345
151.28758893459883,46.77204593973023,101.31430377122322,121.61646698501383
151.94084364464427,43.24616930954864,95.27119204476634,123.26682635499616
146.98136002733906,40.035469613182116,91.01337857869319,125.64751053013887
140.44501645080948,30.85183820558035,87.6405472381,127.69627282654358
136.5567389281831,29.975007720433368,83.19573254000557,127.52921321959755
134.72082666132633,30.07475546468349,79.28600742924894,125.89796898327168
135.1088850365038,33.261654015293615,76.9431144032592,122.90385346927067
132.39794852626136,34.7850673449416,72.15245061191546,126.62691378049472
132.89979134103618,41.8841165001262,66.50715149893685,128.06418000259623
133.39696129052723,43.9544805932228,63.41842096923273,127.40651026900923
133.55296135665998,46.25849549850889,60.24240716509222,128.4378714038716
134.2131769025468,55.585676999917844,59.921984537178176,125.48560915483789
132.46362760348435,59.6163698367484,62.90285484283782,124.59410816287844
136.4495832639932,47.79325534236514,62.21756413873298,127.48072029983831
139.34757286025587,38.99059774798701,59.63211451201878,131.34517073487143
142.89757786896183,33.09051413032081,56.825014116799224,135.73369255775876
143.08950483630963,23.520959311617844,59.41598413382482,133.77668326816274
148.14260254250513,25.748308649471,65.66509916149735,126.67451054193458
148.1725023439738,23.793977463374027,72.40817030898724,119.0604897705128
148.93189685094922,33.11040317269716,79.40048873979957,110.30482321972542
141.63946869185384,33.25256269753966,79.89884584381795,110.75892483530455
140.7984584839028,30.91327298070606,82.84401790538043,111.44873736032612
140.69536705721237,27.658200007824888,81.75592487890137,114.56950428158285
139.65452898614836,29.198523715087788,81.08679826567355,115.76720245192644
138.6197125590419,38.08278470984727,79.66654102131471,120.24862133459986
137.83443456098698,40.475233595057404,79.34724342073724,120.58846416476553
136.6892118509459,46.56046738376968,78.91679879565338,120.28948611218229
137.4607673293995,52.67324367678369,77.06091619057764,121.3478309260566
135.71668164826522,61.54330367065529,74.28165820103953,119.86713514790813
133.01147017193907,66.44076982186095,73.5178233984123,116.98968951312986
127.19547148871868,69.20641519653327,76.27640672524126,112.27597898686871
