129.5,80.5,64,78
117.3379878339788,78.21613727746836,66.15845502662248,75.38797500255839
109.3390762222858,75.84268238664917,67.5816827986535,74.879538485979
101.78792222906982,70.67876655404012,68.49548465868165,75.26096855512777
95.79146081409476,65.49479333921651,69.7178329189296,74.30526557834187
90.20196047410097,61.489768605264274,69.5041801336462,74.28638628953249
89.6183160856156,61.022767647898675,69.20972078744799,74.5645081702938
88.92416745634776,62.81499253696449,68.29881131228005,75.60848923551545
88.67635929039102,67.90954240016111,66.97210038799086,76.98351933852894
87.34736454491474,75.45317290439125,66.51659739008234,77.55683133574493
84.27072338207051,80.79614631195099,66.36601571354299,76.68450222692428
81.39189876385139,83.508310336243,66.666741465179,75.22632446215376
74.31053445195523,85.84287710055972,67.0838646202213,73.8713896658964
67.87933422190915,84.66133051087999,67.62521920476416,72.43833669085217
61.410338642353516,83.63879840964108,67.43269908000092,71.44028766167106
56.65340110637991,78.949099723509,67.00417131228748,71.13349538244596
57.84274474655207,73.50559490190523,67.07402495792277,72.23357017305341
56.35165289193652,70.26211090663843,66.96986633240657,72.25608065168515
60.20903299400794,70.14948213211106,66.45456329684282,72.57478744315293
66.22671178313485,70.44508094998731,65.13989453847427,72.83859864796133
71.52692834546335,73.41961096915665,63.1728461184071,73.28769668304795
73.20608236193324,78.08137578982456,62.47316988707255,71.9343504142097
75.2639110665292,79.77277087015344,61.871794942861705,70.80697926943634
79.78325940591407,82.56085798153251,61.03240665947773,70.27634776365817
84.9949901789123,84.41493135605586,60.76133654719706,70.61967129430506
90.09888076602606,86.15336609264082,60.633026007430004,70.86943179359302
94.56614525719479,82.1798015217826,60.84586068781228,70.4886915200263
100.11265203775719,75.20016955845081,60.52600710746138,71.59961827322795
104.16233931490635,67.51461086554852,61.71087899786522,71.75876914444513
111.44773905257072,60.12780940291083,62.638556504653174,72.76883180177617
121.35324674956108,57.46722343933604,63.98883795515488,71.86370968824582
128.54660681935007,57.82033943454912,63.371679583155036,72.70148738333602
133.83947316887412,64.51887623202711,62.50951580042769,74.00219058281363
134.06114605133342,65.98624268822937,63.71994429698371,73.95517777844135
137.34403787110867,68.98738425998539,64.16271940758583,73.56986278983652
138.2321917026568,69.85502679991436,65.62560661448467,73.55232992822505
139.76950871315756,71.3517922065964,66.20800746744558,74.05148228708691
140.02970183583002,72.39226504999078,66.80791793879071,74.20118702525544
137.81367558689857,72.49691309554794,68.19135021265456,74.88808753791615
137.70147949641938,69.33364911014948,70.60851168262971,74.14489524046354
136.9028292116365,67.45582277168427,71.05272904697239,74.30846947005205
135.5794754786481,65.09166008527689,71.2906566534063,73.7850620166339
137.69563395388988,65.02118011137964,70.70066939576331,74.71909138667341
135.893767823945,66.9742489408306,69.74111296699338,74.41485192113086
135.67920976517783,68.16311497551165,69.52023697618274,73.74297843998747
135.50687669167576,69.52554659053136,69.38934412698634,73.89560525358817
134.0716543008627,70.03801033623023,68.95363513435098,73.29865115181599
134.28593057385586,70.97851003850897,69.45795476453495,73.29185530999501
133.86184201868636,70.12690325170314,69.77463517124927,73.03495035142589
137.024256065139,69.36387297410445,69.57000199030071,73.50907535307256
138.5490640617811,64.77179213595008,69.57177163811457,74.38475676662495
142.30918922831384,60.088283948436455,70.25484848400419,74.28191211107358
147.78490918449023,57.46162010003901,69.69307798998638,73.57142364194439
150.46901775074298,57.70182930202657,68.73789195870766,72.91152088549984
155.09828667100848,62.18802995080928,65.89005586988566,74.82877565482895
154.52429991713876,70.43063890328958,64.83897465960754,74.67519227135273
153.02131979748015,77.03229033468087,65.32614298493851,73.54053774688802
152.5759873852171,79.68595174805375,65.25565424262729,72.14788801012334
151.6009627903852,83.7480223946731,64.66320412847338,69.71839736690904
148.4903181887265,77.92139176932449,64.86428783404908,68.49727564488897
147.11634799970284,70.01141550453217,65.06494503948898,69.3321426871079
152.51864544614463,66.20237389203234,63.52223006756486,70.2959328518048
158.11092789440931,63.3820251965127,62.544380754836794,69.1009073195653
163.14783783584846,67.46621421213297,60.978398167490695,68.37541659453815
162.99517366613463,69.41844162686436,60.52522807666628,67.20795078637663
162.81968623237293,73.21255473463884,60.019844833284964,66.4075124851038
159.68310370479742,75.55658985739467,60.436418663765586,64.53696500379804
151.36515683250485,78.1487868735234,60.30637269582634,62.95678540139593
145.589545011685,76.90670852535048,59.3549985286281,61.82506613834542
139.99371888695018,76.89528718194741,59.615957151693976,60.59972831653798
131.39766712683615,72.41013567246569,59.66924383842594,60.08042924657319
127.95782329130178,68.33016286509502,57.87098446512213,61.29660969789289
126.79297226093092,62.20382266985287,57.21966845945757,60.96970501299879
131.52280398296972,60.700342649869484,55.984255808837005,61.27264789064257
131.6350573366549,64.92490426446204,55.24075822717616,61.906540103351986
131.74361140271955,65.89856030696153,55.26058429497614,61.21983454568149
131.16591469973474,69.8595715414362,55.46603260874451,61.37798747651243
131.43722820041566,71.23476465723537,55.44378562752429,60.93859062479688
130.0248529628841,73.05740546388098,55.2280027983729,60.61817053799493
128.08213240816266,74.24907772219113,54.7530251112765,60.64062755602735
125.54141629053257,74.53033325208688,55.259892412759825,59.703111936480525
123.36431350690407,71.60756484998846,55.02288761472141,60.37439098539781
127.08706141785221,67.48723334565514,54.98002784400311,60.38106332481396
129.60221217390892,65.45114339309703,54.731081236064455,60.98108050638894
133.91143227002462,64.38082692371631,54.25240392225106,61.117533013784396
141.49001958875814,70.85695550474621,54.62125791790169,61.01824883603857
147.58728561562612,72.14442139134462,54.37602186178536,61.029688246237136
154.12038082835386,72.41849257826988,54.69001179521662,60.48856249531367
162.68961523480468,68.43165506990522,55.994976743911664,61.057270680835686
165.34844598294305,66.94860700817978,56.06017590818787,61.27834641472968
168.71268539674668,65.86725438390604,55.895435426680464,62.043716253159054
170.05061100559465,64.62663711518766,56.17922328140273,61.25438098926524
171.80884409826447,63.43098693113819,55.74815863109728,61.222535347919006
171.18812567636365,59.64500751405103,55.70461780041464,61.76688769481916
172.48467098196892,56.151380290053524,55.39292930025759,61.8342393413005
174.33514014314508,54.91712990149,54.6641141239624,61.345139763279235
172.1170919294005,53.91165349292333,53.84406555099385,60.12828195915098
172.83798745554788,56.77759688053259,52.98685039019379,60.12417123450008
176.48031784852014,63.77969630567429,51.44863001486327,61.02842727923622
173.83176680456845,71.57848473013202,52.12240818537775,61.06706277925874
169.3276795675626,75.3448914190321,52.05309185280986,59.5324936870421
165.49441309667034,77.21767446333266,52.96160010205898,57.29914154382976
157.88138543683996,77.80833159100109,53.41259953640481,55.9911500882947
153.7960015143101,74.3115156150004,53.64463428057343,56.00557690876534
155.02162818457776,69.06871728184377,54.07185302980555,55.931426832830056
159.25024255873174,63.825242346920355,53.96511485156592,55.31484200419057
161.25060417394602,66.743208640076,53.286679895902424,55.44754259277549
162.83650415331584,66.3855023467326,53.07146129130402,55.73130942846288
161.1997412802985,70.26152055002603,52.82761776701395,56.059817493616706
162.51208475419233,75.5977211590961,52.56383670492274,54.947006615137255
163.95142375754267,76.85158235971717,52.3093685790509,53.425090679044025
162.90323271396883,79.30381747766221,52.118818197784265,53.304534532356826
165.14306510480228,82.83724950332969,51.56278889890545,52.587893068607315
165.86156410943616,82.70087038666345,51.251204665081744,52.44069735964089
168.1472462196017,84.67095507496731,50.69137847346767,52.03469884904575
169.64859734937085,77.50665807677248,50.73636064500544,52.12139812345053
167.428968912514,73.88329999268541,51.1336706307492,51.90124732156242
171.90980128221457,74.4278564074526,50.399307488943236,50.98266619704992
173.72265182990645,79.04980337041904,49.4015940167742,51.134371636351396
172.6255710653459,82.55542920712941,49.173552720349036,50.89610160660743
170.19832397454002,86.5046066125382,49.08783703639073,49.91395792402473
166.19021331565614,88.7954202187959,48.959238140840654,48.57209587874563
162.594815063969,87.11573589495876,48.606879927723156,47.934048030143074
161.27918225487417,87.71033354784001,47.652811244917956,47.858319344825816
160.30102456911277,86.98460643513948,46.939434100113914,47.65631473653241
157.64216769225277,83.52312829924702,46.8761978797738,47.04756181413398
153.68116452125116,81.30893133911823,46.835661687902515,46.48865962996042
149.3022769716022,78.77852889090772,46.6341539121394,46.48600560685628
147.17530584980506,78.80631323344856,46.702868761629716,46.503960122822974
144.57356890140923,74.21612556657836,45.93265119495088,46.669458137227444
144.7761732614524,65.88115657777666,46.07809909155233,46.77399313021168
141.68931057791266,65.41089519425165,47.175917705091784,45.87629387043677
139.04143570508893,71.00434469709236,47.516493004633304,47.32517901392525
140.00200535318982,72.65515032840382,48.00048624055128,48.38552387083971
139.10279878496547,73.12815448227848,48.09387930692397,49.78510543926532
136.99367671698,75.57970972355196,48.49526109815308,50.41324400304403
134.6322970399894,77.92631995003603,48.357971204392555,51.42953912167012
134.42408019253014,78.16964610135942,48.52247585458761,51.746396054405444
132.7240651587462,77.1698784588937,48.39702875121124,52.2723791123166
136.7673907837685,75.63686912222616,47.31410159937226,52.10135011337996
141.49088079029022,77.67474740570692,46.26546657992007,52.072060373811006
147.31096570573698,78.32893774744099,46.25271335974436,51.723195798378924
157.38283621074805,77.92897625442804,45.25236300523977,52.058098068214484
161.6154396902215,77.85233343066479,45.40738099899062,51.11278928863222
163.55228802901024,77.26621599129422,45.96795947171222,50.40290367729921
165.6837952653739,78.96860574360353,46.16179457402761,51.46235757111807
164.355835655321,80.60278411297953,47.22893863620498,51.24389659576329
164.76971118782862,78.52037960506723,47.23745033373627,50.807752986313226
168.92986141071594,76.37390962176771,47.03152977077412,50.20597764376922
166.3441629119416,75.58911628278022,47.95598615552985,49.261645683514814
165.89393381346022,75.68895225894582,48.37644361816335,48.952252517604464
159.25774621164516,74.16570365469487,48.69366726387116,48.23091506271523
153.79737626328722,70.28497097741132,48.38828144342394,46.99909809916711
157.61391534910885,71.0156737242288,47.78497746077602,45.82625707892271
154.6205120468871,76.88630470843138,48.47080635831035,45.52243026066403
153.7302325579464,76.58885633898215,49.15969744564302,44.96253564442944
153.26270460469584,80.23954439658773,48.9203003320483,44.47817565394362
151.59589743105616,81.74746869715646,48.963130320349414,43.62715630695655
156.82741578741735,81.57884958407898,48.41432490798102,43.32272549815363
158.33849225592638,82.85056441645587,47.23606239950607,43.11846390514668
160.97725966130403,84.4578881468987,45.28804876795,42.55728624521012
162.64572745088282,85.68806795392325,43.9640338068497,42.18640250129345
164.66477567536464,86.08233136324384,42.491033736212415,41.73369459921149
164.1501965397778,86.30355438843216,41.82991300042812,41.2627069894814
164.48893717909192,86.25119613612273,41.24065458308985,40.71064265513387
163.84060941894978,87.1649064436355,41.02691338439526,40.20704632656921
162.14008607382573,88.89150970280352,40.874378598431775,39.78792627406874
157.87326434335827,87.84494378172296,40.236450327799346,39.61642446068176
157.04902524234538,86.73324639707386,39.40231472786895,39.75817469491527
154.10723726999768,85.61426093272624,39.19445285594445,39.63930453626922
150.1990226316148,85.23218250775963,39.1863586837661,39.53821783208712
144.95274809491363,83.49016280034448,39.95229089773244,39.60897389883395
142.5418380475908,83.7387072212242,40.25348349375139,39.56870250521367
138.67343724051196,82.75923577870553,40.466100404082155,40.08490888378893
137.8859533067827,82.87450572312393,40.380760744952255,40.836297581911964
136.23878785092597,81.89136930428005,40.598658474902976,41.044008450796326
135.96975331284187,81.36623325254953,41.30071712478833,41.939747019015286
135.78922070386213,78.81802441122045,41.81539918835556,41.3929833776683
139.10667153798167,77.91602848635469,41.781132095006626,42.083495136304876
141.5608309837603,77.58703794720583,42.6632408882333,42.529856986477974
142.3499013612573,76.38862560598214,42.45267732840681,43.01763847606187
144.67722990798146,77.28384188589577,42.62247835721196,42.78185181219257
146.26656866737943,75.87965197462589,42.763607414191135,43.64840648328884
144.4248872144198,77.40851174462546,43.25550684965137,44.134813215491235
139.2462235861492,77.713839206499,44.22822011540895,44.26555060617821
139.03132837603962,75.03067271452048,45.140104972511985,44.462511985215826
138.46859082589725,73.28564244664057,45.458644464409744,45.02553313613372
139.06108957917291,73.27319681041887,45.69164372204148,45.52954582538431
139.69291007876768,71.95781366297021,45.64660096942636,46.10210961516991
140.7891462648107,70.25016206579738,46.09040293510881,46.2059244195467
140.56471778162648,70.16539526620015,46.19376718087336,46.49837084289507
144.35401916369835,67.49428034607764,45.44520677894275,47.086592866825384
144.59957084091323,66.14461343213338,46.96349115606512,46.83548461898452
145.17956708033444,65.76773782724007,48.116247586219274,47.12379367793996
138.93511146744027,63.17453095298642,47.216040617427524,47.85418134917673
137.79958951956075,62.05036452124411,47.342727785586476,47.853428071075044
136.69044089920018,63.81453050881398,48.31536948965601,48.18938585652491
131.29619418040772,65.4405610225484,49.04910294799285,48.71342260356168
130.73145614187925,68.41653155025756,49.5569305346209,49.456585670305216
125.53159627472112,66.02232393165264,49.82942153205971,49.862124034498706
129.7968518805788,68.32718286900523,50.2031175499586,50.71626667157332
129.5567152326272,63.55764390627305,50.9346192677883,49.80242940538729
135.5694342940355,63.232692735524054,50.51078274561874,51.13984557516287
140.70980920664726,58.03686580249152,50.32565307572963,52.229102666935944
143.76419249399004,54.85527184398842,50.46795509311562,52.09633034834645
149.45249582240615,58.18111591056687,50.13286092560226,52.65752187293491
153.51206518879366,59.670616406594306,50.342626344743714,52.89922901267019
153.7066718016558,60.74283335696203,51.205885996521886,53.34260896615227
158.61487301877702,61.47600802558472,51.36361705379558,53.832246605530436
161.72190728126748,59.50113728328826,51.71214866461787,54.082196897114926
160.1072719089894,54.75828039949245,52.50145320739179,53.89679383578809
161.01803048166468,52.08544200913835,52.379302273932424,54.23645293155977
163.33440744476735,49.70404521204199,52.18806331659916,53.88927977083916
168.4714488254203,51.11906030740609,51.91900260424342,54.36839813014453
165.80120070516904,55.53807847669826,52.31009937346303,54.4079319438429
166.13308858502845,60.97227250788567,51.191493235450196,55.43589664941241
161.0775222113001,64.90875687885378,50.94985136285075,54.82624787665343
153.53229906335542,67.32861144823114,51.08596244603254,53.53949818003739
146.04452629685557,69.01362163085375,50.96642474233798,53.311785334704894
140.95037730013527,70.27519713807683,51.31638483752416,52.84522010898553
133.81117747730997,67.90975024310802,51.12501405165622,52.61651345031475
132.9673295947473,70.36775895702692,51.27454830059199,53.71431333281022
130.40710652004518,66.23480400015423,51.20488233604358,54.24321562860515
128.05126417439362,62.83570441514061,51.590884864108176,53.844574512377505
133.5271931580376,65.25022783788074,50.83955408798233,54.840102137417276
135.40182308105693,65.58814653102996,51.37142407897979,55.807596636456665
137.89071370890002,66.13697120356152,51.74584428508561,56.518494430561326
142.31891487176938,68.7635816004608,52.10626267620478,56.66750533003059
143.8451701261245,71.04265569876203,51.80093477514533,57.512272611180805
146.4885851673711,74.3831086862559,51.87145075054393,58.12987432662277
151.7317184437226,78.29231349114673,52.27472200912023,58.29715388004911
154.1608141460798,78.62581924497101,53.097265715642415,59.01974753692844
154.78553661697777,75.41342670015396,53.780784264332624,59.2767617639832
155.9787171257915,68.54583578705481,54.63821721109114,59.81226993753258
155.71283354216973,65.40767457428656,56.562050499436054,59.56561024255515
157.04521153006863,65.17937301521646,57.636462929171095,60.046251509739285
158.29116534451626,66.0547837789675,58.4502119717999,61.33152369409021
159.3015240621502,70.29935334235901,58.48393455804686,62.33141349797127
158.29214637059778,69.39509577076723,58.74267028115574,62.07892376406438
157.36682599250298,66.87654548126565,59.58160063199559,62.15877517848624
155.21768930277258,63.95899138308009,59.89950945037543,62.61448550574724
152.8530758488568,60.05210353710006,60.490259509604684,63.485189832350855
151.81683239703335,55.29284608729914,60.98946786691826,63.38745087910846
150.70764921134938,50.5216733352034,60.01152324127698,64.47218053094397
146.69565884678013,46.17185308975568,60.857902632982615,63.65007915477399
145.10448552460068,48.553739280950865,59.709306646573665,64.22612525001423
141.05531594078778,51.89835413276794,59.65104295470242,62.71224239772896
136.48706936192477,53.849070545678,59.96614786779952,61.45762105719937
133.2373204589123,53.955394187507,59.219037893367904,61.189458905192545
134.55404404624105,53.79258403475073,58.90434777590036,61.6916663304036
133.55111720998383,54.55760903830611,58.6842116298418,61.515564081967455
132.66376466057545,56.0798546855185,57.841024701757306,61.375740165014605
130.59384044944105,54.77222346321693,57.290271775149165,60.62183981168988
130.47596557983888,54.60662668107045,56.25220981639356,60.01753591323336
131.82848373764614,51.022417715145735,56.031981945755895,59.15745138078835
135.99883348296567,52.75546264176785,54.43646163144739,59.91525421629535
137.84992196617208,56.646401927909665,53.05550959293682,59.798133372588374
140.37578969795862,59.27016179058715,52.18619438311734,60.329775100480475
141.2953263824499,65.9297369684235,51.96457423164124,60.13865838280829
140.33426282561808,69.75099732053849,52.12222576127469,58.619923174336364
141.54032063683331,73.07969385214253,52.3414568414199,57.52477166538854
138.37339283063184,72.2827678038234,52.92937939794518,56.73314359654521
139.6749881405433,66.17748860644525,51.88575444145997,59.234038600188214
140.46873318124355,56.291153990270764,53.05068788491602,60.66243331166318
145.55293132392265,51.56148164375685,54.50891666059299,59.7990755968541
147.79683725304545,56.247769552444595,53.68046378061889,61.84425681378036
150.35946623045692,58.467752882713285,53.16538334273319,63.281463100172914
151.13143649844048,64.8166722975979,53.594969165370514,62.615264323199085
149.22048636507847,66.77562721263419,54.22664526140969,61.465113339409484
147.78883325243967,69.28070607228071,54.759561748604426,60.347106022185514
146.96554950680857,71.45870284899682,54.799357055494674,60.69287848285242
145.68112915110873,71.66952673776,54.39157685434247,60.41537434632111
146.59765421878882,69.451240767021,54.478506768115594,60.66272776668091
148.60807936241713,68.88913852765936,53.90964279372518,60.104728594929654
148.46177068053106,69.14314012356401,52.704115411670585,59.38283578937276
142.95221740268582,67.2780702213874,52.98409385456813,58.017608638922525
140.51700215559944,69.15432999809826,52.059784625535336,57.96497326175506
137.05050878700155,69.63407802408315,51.30856440014568,57.30631493518622
133.11695151518813,68.64693249901866,51.15396854795951,56.956328107507574
126.35097964180017,68.34136467785203,50.668218775143146,56.84821694512662
122.94357374330093,67.15876445432447,50.15636803170584,56.18461571257055
116.39298807957904,66.28833253859705,50.7936836157414,55.144256723743425
113.23778397269393,66.13930029475246,50.95179910108756,54.1821663681022
116.32570739843707,65.30183704353384,50.70615330322064,53.58422018415334
117.06150021061795,62.30966339310089,50.47673527090753,53.357818812533885
119.33609732547727,57.932319358951204,50.87234427910394,52.97575761325513
123.83981798827341,60.18131069241745,50.06921432436127,53.24525150500794
127.39707658520743,62.06767318481786,49.77464437323006,53.871003120854084
130.34478465559428,68.68925483916743,49.8363705855142,53.81270957839028
133.8835519744256,75.74526464827434,49.388739741186555,54.65222995346261
139.41563478877964,75.02343065281798,49.98650991875286,53.008157046243
146.77613641552566,71.68581874066285,50.58548156455282,51.875778941842334
150.67002344215575,68.9355025838543,50.12559456955071,51.89141398296797
154.76110517762098,61.82654405620245,48.517706115404906,52.470532324587595
158.64616433133415,61.50096693760721,47.55884135564699,52.65435309596349
161.80150201184958,57.64976750977775,47.688115030260676,52.222813162254724
162.9866989022184,58.77825911982398,47.352673890056536,51.18532666915202
164.01847621053957,60.09125207596004,46.74249961971236,50.4362675366269
163.55454127880967,62.48083254478033,46.811857796847136,49.680705269945804
163.3472933431891,62.931642001391324,46.988121487612005,49.3937271290665
162.18726614020989,66.91113206820441,47.53975150182393,48.73738647984585
158.26447854297987,69.00739834527822,48.23887665355938,47.752130031578965
155.29639365942955,69.97771491698445,48.679357028570166,46.6334367737828
154.45136846796493,69.84234007730859,48.36612629501383,47.51587613990972
151.47348553678526,65.38721232075596,47.68521203118296,47.48570196551499
151.40585519015832,63.53120790597971,48.085117585658196,49.506967467926664
150.4354489170118,61.24461831735269,48.812778796234994,51.65138158666326
150.35676829961554,60.47901432968422,49.28704365198581,53.31750385588544
148.2323045530961,60.957929114521015,50.03470061241667,53.58895201619994
148.24247068421977,63.113352257376434,50.38447457041467,54.8105206436666
148.280561452267,62.16753940313304,50.876607765441314,55.69162899337347
150.93227557671764,63.132218046611754,51.258559975371796,55.95968896563235
152.8880738888421,64.15087872488326,51.03654116903975,56.33378461653564
153.3816950306727,63.47246170816088,51.289485815081335,56.721867040654985
152.3278728060445,64.3609321632305,51.05096079259696,57.2765380022351
154.2703061904458,66.18099099440607,50.73264547070903,57.41884765082755
153.18101369328318,68.01835803895753,50.61194743738537,57.08827054223916
149.0439323665454,73.71490147961961,51.06309964621984,56.51415148012887
148.9795712182488,79.21938002283807,50.129694948680026,57.078597752151424
149.9442179718667,80.17643303188271,49.428872839797826,57.96992977574918
150.25458684526862,84.85432404618867,48.95417377426262,58.84245165643902
147.65547203305943,85.30704878340013,49.23915009133849,58.17287650705308
144.31076337790148,84.42678309610133,50.150091640240824,57.926804163846725
143.90088604438122,82.79380219855348,50.13450145626431,58.39057303253557
145.74179327144938,81.35406849696282,50.34479186624852,58.59146801941134
143.38600723416045,78.68912302146678,50.74951350747675,58.93052950262998
144.11449090506218,73.39718119398881,51.452755344597854,59.057156840447234
147.8573728688516,74.14587317200986,50.95249795159542,58.696377193487194
150.24013993212228,73.04507650200571,50.378736762828716,58.332087135439465
154.3080103125538,74.48278574543235,50.14563872886392,57.752667221889396
158.21198352003276,76.3317213559705,49.74444346975924,58.1898935044752
158.64158344182485,76.63925035598633,49.58470896059051,57.709331492931746
162.17282615135298,76.84110471300691,49.84959418514997,57.501315183995224
163.1540221165918,73.55580793303078,50.03352927341013,57.19034364995335
163.017689866439,70.5808348650908,50.072854970662796,57.53208542105669
161.66770047483624,68.0537776026431,50.443326879783854,57.911364740873964
159.06087660848908,66.91485909139992,50.24299126744643,57.612583091943094
155.02640786834107,63.8340847231127,50.58787536486892,58.36243873235664
151.83991460518655,65.04938164338323,50.70653459396726,58.26257103851358
146.17425946025168,68.52660828466743,50.75879214946202,58.53470743566319
140.4296360607813,69.42556148244802,50.44019001804389,58.792793643404025
136.02017145677317,71.49572594457811,50.92197246702695,59.20327982458208
133.51903153066905,73.65086491395704,51.2979753493255,58.93868431609154
127.39056169149994,75.35859726358147,51.34004362110855,59.48977783484499
122.84647172402002,75.12008554802082,51.10145181992336,59.03948495794475
122.61023207904064,75.3431754967506,51.08152590391708,59.42288167200405
118.80838203731678,71.983434006186,51.095427060057695,59.421631487392304
119.29965819979513,67.92196327612058,51.12056039641689,59.312706110975284
123.05543840338859,67.14147131137806,50.34110905905418,59.58795526777814
125.88758561794361,68.25635662464447,49.61685998669463,59.57906562650531
128.1018958682298,72.905768527956,49.10372701396952,60.04283795025335
132.13933792574826,76.76469063697786,49.004652949896986,60.14877093100113
137.11103421426512,82.23839896626001,49.0550643508296,60.13424516446566
142.228677913021,86.1844164098475,48.955667914011215,59.31512916919741
147.37013096505817,85.52257252985665,49.20118798028595,58.057392454462935
151.72669617815973,82.88050677222509,48.546728551702444,57.62256749923654
157.55205516271192,80.71961247495426,48.985775177629826,56.84537662066417
163.90212529145305,78.73140275160863,48.720962450054785,56.77822173416453
169.1793409607011,79.65771050220677,48.26105740245228,56.77048586019603
172.36184700783124,82.4824232104936,47.70825682171124,56.85574729512384
174.22127694907078,86.79609498189532,47.431585679008776,56.93780297564803
174.8609067414568,89.68441917204788,47.36892162474671,56.951125470129284
172.42419553180804,90.15726437369673,47.428082130744684,55.88764113427446
168.82052102867024,89.96344196186725,47.5311139487573,54.794436215044044
164.20683891451495,88.3612395272778,47.3647184495899,54.46831945298207
163.24531469158552,85.19854946849503,46.82100721374708,54.73108942116407
161.23408796001814,85.34330363763898,46.80890047332956,53.806797516878106
157.46418606965523,85.7514494597813,46.35285416784324,53.703299818859634
156.12096644763375,84.64648266069986,46.103040102636356,53.26406802510054
157.3514101496978,84.68204407395724,45.714379699698384,53.64700628953196
156.05425016738064,84.78120987410496,45.97132378504502,53.10869605392541
154.0791517354779,87.60359014632148,45.783060489548724,54.11544097976824
151.61934986464834,87.04894289554582,45.88990387811948,54.50589255767836
148.2118761466342,86.56761931743446,46.19260470541363,54.308770655673534
147.42640666813944,85.35063644814464,46.13715058264545,54.17477327093164
147.41600299650844,87.14186073127513,46.44018970381389,54.964036912464834
145.96444672802113,85.2391672708062,47.232081165730484,54.78891359856995
145.37712148103736,84.11688801196442,47.54277389697981,54.3912041738249
147.97831756108292,82.18569082761945,47.371191616191695,54.297697873416965
149.76177323988128,80.99333222510563,47.37195680278447,54.81535727815162
153.22011957906687,81.6859745962894,47.41422370388105,54.7043439047645
156.8317373085267,83.90203494478136,47.55169171328412,54.65725729210064
161.96853370613178,86.20010573043217,47.931747294538795,54.95301864438301
166.18831689483196,90.24876375734546,47.341293904656766,55.1902086254075
168.8687312086418,92.17456866179629,47.21041284402313,55.21870621930738
170.8557665915671,92.34151791020693,47.17483938308895,55.07095720044475
172.1857041449477,92.5146870070566,47.80697124577968,55.30071864091595
173.54581476350208,90.85153585429578,48.43986246785363,55.74786125748801
173.91009114620636,87.4619062269603,49.062629849959436,56.28836528602371
174.77791140413436,85.67860425237691,49.849901836392256,57.15959403110418
174.83962049211505,85.92277880948794,49.83579088994978,57.23530131336652
174.6279954652005,83.46058005350989,49.345912269748524,56.6430014185538
177.4168482177895,83.90722231132884,47.81253163944848,55.40431466216275
178.77520205833062,79.87015631183763,47.07602711006909,54.94283741584486
180.88517946710627,78.51541564448115,47.47710929889598,53.30725411051266
184.32115605186925,78.39588099903126,48.10535306311634,51.07143555351204
185.37808330507374,82.08397044303273,48.2468911081295,50.59936757401741
185.47469686943208,90.64626632152664,47.890342514159,49.69301464759599
189.0123641580597,94.94276689742972,46.969554197737466,50.36988139282351
187.84318159308853,94.15802987205477,46.06801373190041,49.96113450393718
186.03144370442806,93.3951449018994,46.003806165334005,49.22520619824573
184.68023537700992,93.30937581800094,46.12820081699648,49.259273539536025
183.15239752876892,92.62820503350136,46.436823367116176,49.33741765885104
179.86015434114867,90.66305207639125,47.028097996140865,48.936440957409644
174.80437633822598,89.08478809978466,47.670890650545786,48.791348665642964
172.72090114770074,88.50869267372562,48.16768312220296,49.323281603694724
173.1718221657449,90.33888117020203,48.15041549941417,49.175535788644126
172.68915255676112,89.62449550910034,48.83748220780687,49.739007945598644
169.60867578060584,89.9303273367467,49.489578509903794,50.08667461066419
167.63264518923643,88.95692692666637,50.09250334010357,51.03520754180204
162.48806378644684,85.52770883910068,51.10840984380288,51.39086852467268
158.82184653598128,82.17659582929276,51.04363994562509,51.50819511878191
158.6705473488107,77.97268834851113,51.07240686306663,51.83222597695162
158.99736676411612,74.54678484695319,51.51854668464695,51.06189304934241
154.68037292788574,73.12244993146813,51.259966722525164,51.01201356199894
160.1692357938688,72.11441100051863,52.60164559260983,51.619103305726256
164.27508010478226,73.87366801166834,52.50441124019213,52.749354370554485
167.29120218520796,77.25610895813082,52.123201434504296,53.08984442968642
170.87338708776312,81.00949630268674,52.39732106649723,52.891685425083864
172.237125088313,81.01891052280597,51.915523728651216,53.06855277251364
174.59039887404452,79.96969915594639,52.700285323142765,53.11068511812549
177.53696107625606,79.75394724736444,53.01905018568749,53.16056691885949
176.86559534688675,79.76478544247624,52.8154215093477,53.17014262969963
174.15324714281954,78.7562980494581,52.7006324629228,52.94249971515914
172.4943978073547,76.08089644433208,52.5648923750024,52.9063338359031
173.43376910337594,74.74726976257539,52.16337532502834,53.25024487611327
169.99813813673032,75.00427305033242,52.74777679231618,52.75205063054716
167.53927952883248,76.89583974036472,52.266517682123094,52.53570258602332
167.86620766833752,81.3999758190512,50.797665935450176,53.50781334796188
165.44176291342762,84.93274831836133,51.15787746675437,52.91856239002155
162.56317942400577,86.05733232499824,51.3341404386401,52.525265577309256
156.97322161932064,83.9759858734187,51.67344172916268,52.52518582498131
151.50402264343458,82.52867225799558,51.73782578017797,52.27560891611805
150.86736346591292,80.02984987290549,50.861788962110325,52.33582235084903
147.62441611379353,77.88842112773094,50.74800610363549,52.112799008526004
145.31157728364687,77.03862033381678,50.33570749897519,51.90827502510339
144.27571663161794,76.62870038551452,49.94081193406025,52.24966995801431
141.1543832209752,75.90400613217231,49.784139079442404,52.309986165695115
139.891038725802,77.2946271819149,49.57159934435549,52.54603847310079
140.31727819480065,79.17509810021858,49.02740564271681,52.29954527922416
141.76648839389912,79.95750667426125,48.72461612869037,52.08234265788745
145.08628473624614,80.37087370233704,47.65386299401467,51.93549208180791
150.32224710431385,79.48520837511694,47.491974917119975,51.9736410212365
154.74905156145508,80.4712720373736,46.870344419280414,52.39415214162372
160.43306096062594,79.1567757574555,47.04768141775262,52.09192989204219
165.10816149500246,77.83623901178709,46.902419237549395,52.02028894970897
167.67734940649112,76.01139830926239,46.63292845485527,52.019149622641656
171.23465019540862,75.54502751734677,46.750631926916526,51.38158955451824
172.5614021816487,77.78821021858481,46.23000125117402,50.733879623843926
174.65562623581772,80.38713848129342,45.41027748899688,51.352128941017035
174.47233179485568,82.54873927430535,46.17721846151812,51.313902883710234
174.07395374919633,86.75945348374863,46.1009487182764,51.71169214670843
171.51694010329612,90.7835216878041,46.4893857810424,50.984262582927315
169.7953363003647,91.86406959886706,46.69616488768344,50.33745435178193
168.13315079281884,94.23326470020588,46.65614696005669,49.692590512477096
165.71820788818576,92.94072223370718,46.42057018005889,49.10767989913356
160.971829935427,90.45355156950586,45.85030824042264,48.89038609570024
160.57771504817688,87.50519995433307,46.14333177808358,47.664672829768996
156.19266661879664,84.171614606351,45.86077246313798,47.824808747138135
152.38519544704823,85.28816226539274,46.42995274456206,47.28988599832955
147.49661898706287,89.83811698643672,47.20185473374663,47.61722837203753
144.64511895899184,90.44363695645029,46.6988616143821,48.54537028435105
144.88040843527665,89.43077923076743,45.8700567499568,49.33099715367792
143.22714281285934,87.48108984977742,45.79217880556718,49.369685321938455
141.38616473641392,87.22304800571084,45.84743288822183,49.74805966067778
140.237878678356,86.30840851969485,46.26288134234273,50.66372865117288
138.36543291764934,86.12412474855222,46.71999901617605,50.79432575187833
135.39695255528164,85.52078901685354,47.273492066656075,50.77931085205547
133.3847384959851,85.12515372359525,47.46486421219622,50.71025210860454
130.49193327554784,85.71886456874748,47.40343304616766,50.41074215526527
127.13111790218203,83.99716783742184,47.36085642977063,50.342688665096716
