139.5,112.5,51,36
139.74077489430925,113.64316202652665,50.41514409670787,37.47283646559294
140.56555754665877,115.58833961690704,50.35232977620076,38.11667384693545
140.2952743588686,116.81014276161787,50.143148398637784,38.40521620482213
140.7893812155933,118.30929993064584,50.03677831168758,38.753289968343964
140.30896795719406,119.18484752002075,50.22203413785414,38.74520662183134
139.5292278848549,119.37853384870277,50.33293938190537,38.96844480717209
138.66003005794533,119.81677982293952,50.60869081632596,38.870820878279424
139.27963773617898,120.10803936067832,50.70112833957363,39.39031229131197
138.78366740420714,119.70429271881349,50.79671289771289,39.21512847295269
138.6812849210822,119.57385897716249,51.099113416249835,39.42745203737687
139.40974275959718,120.11726236839274,50.99790037784602,39.70479637510222
137.65280356526205,119.95232664158382,51.091423684958045,38.98321829144284
136.44708728953043,119.48474384977541,51.25339696975871,38.3931498910661
136.39823946803278,119.7098006268246,51.07596436740025,38.300819356510445
136.77478371277184,118.86183824127806,50.86717297703562,38.69376704248998
137.16849256860638,118.61099465808307,50.80728032077501,38.72031029942562
136.27790596832497,117.93289600671817,50.97747539481194,38.422908578336454
136.46679580141273,117.49524270552538,50.966496841526705,38.590714126911905
136.43576553572177,116.29308600015915,51.021099648601904,38.33379935771275
136.46364714312722,116.74944712151238,50.97876784316487,38.25812135405048
136.39274923481753,115.03956906156228,50.945411417600525,38.32514600765735
136.43441861662086,115.1909321627922,50.97567031525067,38.33089157429196
137.05748291445067,115.05191677097118,50.7618749744052,38.24487188019085
136.80449825396823,113.27881899918894,50.843674814569454,38.58546906941572
137.5486356828535,113.02208367505295,50.709404935932554,38.535266102232086
137.71837291887044,113.05336301351531,50.53503445075796,38.671964814018345
138.06005903257682,112.61319483763342,50.41755474091187,38.480500457011374
138.48467901563072,112.05197968247407,50.39725540476319,38.58077262142551
139.28515339598215,110.98745558942358,50.59423962650513,38.78025394732752
139.499548451256,110.88968213363574,50.542804555077105,38.863618129957004
140.56182372188124,110.13085415718331,50.617566700746806,39.10833738108727
141.83671887595796,109.9061669389167,50.71736211647034,39.25682545482944
141.23377510548715,109.2158596967451,50.82673018719711,39.08241901078974
142.52394209304936,109.90242843144887,50.938925890417394,39.1539872660984
142.20912297091164,109.84787561834253,51.06388141498536,39.15281835391329
143.47444050341636,109.71293036116967,51.1871314760898,39.467038396024506
145.5364607171292,107.80328518939751,51.10985923714071,39.893595642492414
147.65944198412564,107.40768192106398,51.30899987163537,40.23006299597199
149.62403185203203,105.94515732874001,51.72527101396585,40.19637051573348
151.73256009885975,106.20605190186586,51.97429995427041,40.21220179470606
153.91864216431242,106.90817489636002,52.66540400802694,39.96977776712063
156.2479233895497,106.97204567132775,53.284397023250634,40.30041906211011
158.86312478583434,107.32445854682356,54.19524198000993,40.679776169585594
161.60801869544437,108.43304415831507,54.70399599276011,40.61789125870584
163.08944874776677,108.94813953050758,54.82308154584541,40.66795161199997
164.2454460838946,110.5596788694061,54.98871128994107,40.95444138703799
166.48067931501802,110.03807431958703,55.169596756405156,41.50815392777149
167.71111266505594,110.50922483008762,55.14148218874509,41.55274328238448
169.35141300020703,108.20168821746047,55.75575609119684,42.01359831076987
171.1224488767436,106.51772352957816,56.19071819165461,42.051783347545246
173.78712152547268,104.77628529261894,56.58182854071126,42.03379197783576
176.11970322371857,103.14713874562818,56.75592858339797,42.64901651980004
178.03976488899775,102.33313137329131,56.90940943603667,42.615243158509145
178.73059854601917,100.1935041184872,57.50628659564191,42.56837395367034
178.8251741623975,100.15908547364208,57.977626173756335,42.341403285711365
178.95056340178752,99.30232437753563,58.01183323727365,42.05388025087346
180.24096927612007,97.96729541929275,58.25645355075763,41.7110969426888
180.96812232302088,98.01006735102925,57.95415324862012,42.329350419608886
181.8266032894358,97.77748789421176,57.83365404238327,42.59789299654055
182.09825697718696,98.18170501920238,58.04208354622971,42.68506836379261
183.38184135161626,98.45091701405762,57.793478735511975,42.85715665454629
184.2533344070663,99.33404798073056,57.561492184968095,42.92265345876451
185.10152477028583,99.55752500185606,57.65697370790339,43.1424667752934
185.71765509230997,99.82283746178928,57.63092725338453,43.32174002923601
184.46688709121042,100.56184555550205,58.2071912676686,43.28954786887195
183.25563976536066,101.06949203546154,58.43509749659283,43.332505574617656
184.17443062492725,101.59695674210656,58.070272640100015,43.19735945552851
184.558826369862,101.52024123481496,58.1120853648988,43.105698376167126
183.66581622598432,101.64804776129343,58.34015444072489,42.92744759982393
184.11155747676403,101.66230949019953,58.248692157060944,42.840726319589905
183.2309971386517,101.28560979200873,58.5954191698792,42.80552604603821
182.54668855147088,101.4982210240938,58.49350714559435,42.900763829861546
182.37527135403377,101.24061266153169,58.59328603292783,42.85877452032541
181.37399213353675,100.84326576250655,58.76215514191354,43.11125189820207
181.31662572846182,101.13804612498998,58.462544356558624,43.22886750094058
180.0525780729071,101.53764112407512,58.56779668823691,43.06994880880818
180.34271313001062,101.4158320239928,58.372145869626934,43.37846521675652
178.75781866135247,100.67630807609427,58.57215269291431,43.22037260008716
177.82889491432002,100.7467777999484,58.46414160829728,43.22344642311465
177.2003211115818,100.5405700275007,58.25616484510614,43.28626350066002
177.9768315071254,100.86695155443385,57.67365400036516,43.13345306110112
176.03810339707837,99.68788237159627,57.847571802643074,43.297178718493825
175.25938805818888,100.2927892045104,57.340826636229565,42.601387820209354
174.50954318589018,99.95774481830699,57.30682163671685,42.83595496018323
173.29161170286935,100.25011518613037,56.98404812814913,42.575134802300994
171.86892652936666,98.85586063220406,57.08779316616403,43.0900047080357
171.9117677707966,99.34635763779238,56.66238882480276,42.973188698739705
169.61474147811356,98.67393921054071,57.03922777949254,42.62770839931238
167.98585827168824,98.74613115527393,57.45638416502992,42.64962646065827
167.11116978462053,98.29124333604157,58.21642899967331,42.621276429166784
165.69029043904658,99.3684634950911,58.13037892922457,42.77265371513265
166.27761033313382,100.13113234231518,58.33823204094476,42.47120799418
165.13723076610182,100.31395662783592,58.58575419457053,42.61451692836465
165.07957070317278,100.16397980614607,58.736155785225904,42.9238962351336
164.49602472214232,100.9884155798286,58.52760783182049,43.15765384388125
165.66062203788394,101.62284301275832,57.895990915257286,43.47075727193659
166.252434499413,102.39322345613064,56.98383129371285,43.55458189449219
167.02533030960706,102.65746481792716,56.59073008393872,44.01481809780572
167.51618237007125,103.0546800869503,56.19738627261121,44.29554496370535
167.16639169278693,102.61878376215935,55.816298820150124,44.64300032156973
167.49011261603374,101.88228647436699,55.77710413456805,45.017619815138445
165.45790011157035,101.26125862199694,56.51377583805962,44.485566513950516
164.58575030839552,100.7056455921784,57.098296730229336,44.462724442140754
162.87771026037734,100.84421155271298,57.44356555459818,44.0031568893196
161.43984910931093,100.38793804227565,57.95765574804268,44.071679609619
160.96001487077373,100.67143795674781,58.33262590568192,44.436387103272196
159.8036684870738,102.03323131743443,58.468858168549964,44.03999125790601
159.736301618535,101.57335416494615,58.81560909906415,43.931332147927435
159.32431959429817,101.59656335885568,58.94135492110503,43.943905590904386
160.34944314624124,102.02496140252329,58.37982036642845,44.27046173554854
160.50344003157892,101.58375459681213,57.806671012133066,44.358126861882525
161.55497876183182,102.42116294399639,57.16299992751226,44.090457694254994
161.0146100522476,102.96347184566781,57.24485642388635,44.10681230492891
159.71341623776,101.84831406617259,57.231176881764775,44.613708912884796
159.8698338671635,100.75942640211952,56.839955822834554,45.0052387757123
159.85750197054824,100.27081209867505,56.77618929335837,44.84076771085594
159.80577575382353,100.29800329958525,56.650751143888684,44.538629230196236
160.1935090837299,99.02803403512057,56.410465648817414,44.69670416507043
160.28418716519627,99.63266858676593,56.60987411930184,44.36906822427819
160.00188403846164,98.49726039296017,56.53661381612663,44.834291955754146
160.19509134642473,97.45635999311858,56.58749570994319,44.59776175224823
160.2151155149168,96.18704209872568,56.802348662898964,44.33123940275888
159.13348697506004,95.72770726084468,57.09880448071059,43.943330680770025
159.5831872701491,94.30122142268473,57.116661855143576,44.023336210620805
159.67305848648135,93.49461746706226,56.96916926431811,43.652039064530875
158.72826492147775,92.52016372143464,57.15888723844153,42.92441428726192
158.78030309655333,91.95224958878357,56.97910848927494,42.861466307446875
158.37237025277656,89.96301207368495,56.89188083881576,43.07310684019234
159.57581934009698,89.015292593637,56.35038214404094,42.943395024378816
159.09156518094005,88.8036492589777,56.423543701605006,42.62203085293813
159.5966900868319,87.90237614368272,56.246070734322814,42.19975766175993
159.94612066746328,87.95371606136086,56.07315821674443,41.72014735116865
161.0120015985703,87.8354893496773,55.56052005181127,41.05977212310753
160.41413978249392,88.4456012613699,55.92835138049726,40.17624346416439
160.7047607271232,88.17258139775541,55.64727079332839,39.646678752611635
161.0329844784716,87.34297002636224,55.19305551736095,39.49394592422337
161.24041617529508,87.43256207840366,55.05866249496035,39.017632725539826
161.7571933951295,87.782135380826,55.068662957368275,38.44989584028152
162.40256689789516,86.65477463814892,55.0304571362623,38.35118443188266
162.64174194018682,85.41379938314007,54.83050154215934,38.39638619884309
162.5919665520355,85.19631087697684,54.660000779517766,38.31348295022518
163.8392445093675,84.62171679179352,54.785192980393326,38.37690563959667
163.21170180021215,83.797927924891,54.488896929931144,38.79243617319876
163.79983071961175,84.43422446408145,54.489219520209076,37.94751905726596
163.80650493475727,83.74461821362861,54.172289941532036,38.11370813402309
163.64647674363388,82.50989705476813,54.21680293207422,38.46612674530789
163.17309195471978,82.54190685515172,54.018636425155165,38.45216954762357
163.40064294177893,82.79877508762218,54.253308725862894,38.053643630725915
163.04223210789647,81.76534244067008,53.814222285870265,38.537681356575895
163.11319814255663,82.5304332194381,54.27250892983344,37.97578816106608
162.90777097663624,82.35006828093219,53.9245343832715,37.97095893697314
163.01581033838377,81.45926435830702,53.98057208242965,38.39220878242186
163.33465982822412,80.68366785475115,53.84960491093457,38.32851526724049
163.72118127392534,80.89866566296993,53.687001320069236,37.910005046756
163.2285366870237,80.06458594143425,53.36094062509806,37.84971466835519
164.56762918989338,80.49754817820633,54.09685054428546,37.57882437688272
164.67629672469525,80.68951933382588,53.715255608801755,37.311114535321536
165.07659929512383,80.56575289359347,53.63988199622673,37.01751895919381
165.30251884166597,80.2236722090023,53.81019958277275,36.99823233080609
165.16930845490876,80.40767488212887,53.6792406897203,36.94040317826709
165.41041763076436,80.05180197677834,53.81888063678764,36.9490384132922
165.66476084954343,79.68364821376957,53.933036749507195,36.98112248531119
165.54636911727079,79.85421138107422,53.77200257255581,36.95051420685613
166.20987043593317,79.70488861253858,53.21568429668886,37.19681349947304
165.5710838530118,79.49355517042449,53.35181099131734,37.27738322050082
166.08863700571175,79.40939887940443,53.47673421644265,37.09213082489507
165.4908452481544,79.15935443121928,53.52908967751074,37.24958861965709
165.7866066849537,79.24619515226848,53.435890482882414,37.27725172721459
165.1564641506024,79.02434076937028,53.550982451609464,37.37774043790771
166.38521997058476,79.48141302912998,54.114132404128284,37.0875188624572
165.32893103124255,80.4412946237719,54.04968854094561,37.80657226825091
165.20314065551577,80.83949919523117,54.54507192926098,38.76822381907319
165.396747935209,81.47263891447855,55.153949093316626,38.967331248101644
165.21590095023632,81.03251426580132,55.345993506982765,39.61117642453401
164.98772399355968,80.73414941421949,55.62337723243362,39.982391298538886
164.27320942183948,82.41724074219954,55.59941429423187,40.524126142121006
163.7802666570723,83.52761760037774,55.671325002198664,40.80131177398545
163.0123178426142,84.13177265498548,56.23555367245092,40.624942124975036
162.5295789337831,84.8658400049298,56.60320971801454,40.29696071392766
163.49898139502807,84.76297862188783,56.5586278895112,40.06510408662475
162.83554927228488,86.38249653054324,56.87044339270321,40.018773423732874
162.7545411518589,86.95997044748293,57.03757968185465,40.193446428018774
162.92097062889243,86.89542807787848,57.06349151550348,40.95967316981023
163.4050741667562,87.94281837640509,57.13352916404958,41.465017408725046
163.69508153333322,88.03946266341367,57.23116857804368,42.547418198187465
163.5584421884154,88.33658666672008,57.41238244019879,43.58105457954463
163.43868016347136,89.07390108442286,57.9654736516469,44.06702862366331
163.73536984802055,89.90767119487101,58.245378562848636,44.57759590284328
164.1391689121121,90.59939076970687,58.49332409578314,45.09291587983476
163.88085592667966,91.4365520226045,58.964876192353245,45.29447313859641
164.59648779206222,92.97880864182832,59.305464716455695,45.444571172960664
163.45904998275952,93.4984535564052,59.633346984078386,45.840904989589376
164.2246076929337,95.1259078375968,59.983007015390214,45.95980624165928
164.0909389529032,95.58455080653894,59.90952209678861,46.082859296847516
164.1897257044149,96.45180380869377,59.91351098349662,45.896588232113054
164.60261462510078,97.18090791438318,59.950030617462886,45.90213586675779
165.02083067260992,97.66602592874798,60.19010406424604,45.660664372024776
163.9862923561636,98.78637769981763,60.556304963763125,45.674828860433564
165.01332872215104,99.12213243175724,60.484474577598164,45.71534646946085
164.75105678233612,100.18388822506029,60.73713434367784,45.45643792545729
164.6903745780262,101.00155431637042,60.9571338223236,45.340091610337346
164.48200222066248,101.58034676391489,61.323765253953304,45.491334949920926
163.9223337315288,103.06005872262332,61.445949784520145,45.55648888856791
165.19064782402373,104.24767078084872,61.16132741503628,45.711581124961356
164.53508643447188,104.92897574517842,61.685897109289655,46.05314714539864
164.93275579213616,106.48972812554156,61.74414995527857,46.353411049986086
164.98050494951755,107.14899617764817,62.188858192067585,46.64900258172866
164.0068982827361,107.65983752874683,62.49283333879423,47.077576227187585
165.07354634242722,108.46903308152775,62.53248724878516,47.22058343705543
164.26974088188368,108.71970062793152,62.66151769501876,47.086848755424604
164.64227894078755,109.92674235861116,62.67375703407822,47.03735498522742
164.9924018075446,111.0186265012994,62.6846697549823,47.03186061609544
164.11801965562313,112.29731854304023,62.63267259756728,47.326385931646385
164.07107082881575,113.87654188722593,63.02609327693317,47.724448738056495
163.5052204285743,114.84625959895493,63.31331988098209,48.233139630669044
163.60108945008636,115.55236469613152,63.281223267739875,48.37060895406182
163.3712867744909,116.40680182516715,63.03055422060393,49.166388626654616
163.4545668560445,117.1810974518982,63.02664523871771,50.288373468773585
163.5577185727178,118.82397519105425,62.821113210604665,51.245132600752015
163.62456373879292,119.60872939213183,62.68291979969567,51.70742637602602
163.5101516793435,121.26257563621198,62.952807618465854,51.6820019351985
163.6600306309739,120.81887647438296,63.39354748313029,51.43945462306095
163.2496236344635,122.37553485764619,63.45081924125347,51.794756487897416
163.13389478487346,123.17488367505042,63.28618202218252,51.946124895035354
162.41304339290946,123.328973022305,63.44800952763762,51.50275696531579
162.2630710682666,123.52282669559736,63.65046228673129,51.389108914385346
162.7869321563925,124.52829288871185,63.558344186864964,51.176179605663414
162.4157920375809,124.17114350498187,63.51086252358644,51.365314841819945
162.3419232183036,125.38229941307415,63.372189353577774,51.60391935406556
162.7796977218637,125.41900694998813,63.109615705420616,51.82758476725048
163.18453280707624,126.11477405155928,63.158442141345475,51.518075376806536
162.89117806854998,125.69121546617609,63.17939654914214,51.93541939569838
162.96014440298705,125.36043391953834,63.26493787619201,51.91587687526537
162.6068797563589,125.91282059227278,62.734352382346565,52.16630262838353
163.47563700479418,126.75389995177807,63.126252205468056,51.94210534945934
162.57865526092485,125.44057654300727,63.12475260803217,51.967913028969924
162.96912167257247,125.86344722742612,63.01582716665298,51.959697385496895
163.16507291237056,124.97726067191468,63.37536211267019,51.66488628669616
162.36095880655313,124.22855374247136,63.25527199067929,51.95321694608177
162.39175323940754,124.0636790893106,63.699333347271946,52.09130125864034
162.13411374528968,122.35589059143427,63.49473038369871,51.97580516097867
163.0357424451195,120.2985701123111,63.54560945101906,52.01179135314227
163.0280784586009,119.04743824949176,62.9054210976288,51.910839861190595
162.87359426276248,117.6826833663959,62.78381966174899,50.80507373893932
162.59056398712903,116.21862747720802,62.45664196657505,50.088216053966704
163.78013223346676,114.64681757898295,61.92430556278201,49.43926216000242
163.30216613933908,114.17862420128243,61.24826746466806,48.81148427688416
164.199351928042,111.27411416597822,60.52351899994072,48.819581953693756
165.25913952071477,111.06441438037305,60.1932673829393,48.54177645822318
164.3986540197285,109.50165217049553,60.103166989037824,48.53608077566804
165.4655381864427,109.55902744190786,59.74408010454593,48.007451344951605
165.71204276453403,108.48593508925906,59.7121253926763,48.0412996530782
166.16320138035343,108.54941583202775,59.387408818977406,47.85912382208565
166.20372336675825,108.53099861570976,59.31216778488235,47.28001202144905
166.18727933304132,107.0817685476608,59.12817904748758,47.39069926364135
165.29051252017402,107.29002565139814,59.53992906860032,46.743025235013974
164.1826188777538,105.82045609308582,59.77845755198045,47.31199566572555
163.70173493898375,106.06267575538936,59.937844092831575,46.731475002295596
163.18255305345232,104.88231415025282,59.52201665600871,46.71385486883396
162.6546931709435,105.03804710259921,58.76314906636634,46.86364126607256
162.8683457876389,103.64246935650363,57.9189273433744,47.57812253531756
163.63414246965587,102.10334498178477,57.10221063110437,48.20375006321292
164.4191074746942,100.8621470424731,56.405242559408904,48.81374577723208
164.61298494649515,99.69324080857106,56.06237801210395,49.11959418139175
165.91923548626607,98.45860629415205,55.59201207584218,49.53250987961757
167.18237630028125,97.53421603219049,55.207053060574225,49.487783995802964
168.56078153066358,95.31457145611203,54.91606696542545,49.77232137031094
168.02227867327287,94.43592674125911,54.25896375534113,50.04644553588716
169.5312250692706,94.20905593314973,54.27154324194069,49.83071427889503
169.4200824146478,92.81562294131902,53.93941767634266,49.64666780604398
170.342466798489,92.75222434499379,53.829116772696835,49.30837737629034
171.09505274012955,92.39292087210316,53.82476838718795,49.26537774801305
171.217825082873,92.00140786517582,53.8132910374259,49.028654120449296
171.18117793278947,91.54343389536677,53.93129050128036,49.18475787614558
172.6558148964403,91.63182300890031,53.983344565464364,49.612106579315295
172.99422270365582,92.09790652190202,54.139387930735246,49.18768005090102
173.21182333795187,91.0359760493379,54.313534303611206,49.09256807465779
173.5507884023675,91.76916018293808,54.35085746829424,48.83733531408737
173.93657400982448,91.32430893697958,54.31823483698318,49.131038028687314
174.7742472390732,91.28175317997544,54.18531055389312,49.39273806310329
175.87475410327832,91.68719697166803,54.38393023307567,49.629467319126974
175.7120096985352,90.03415867011717,54.718948635962505,49.82503738765229
175.45392574357473,91.14958399565191,54.55785406085618,49.695124103068395
175.63873518206825,90.57603645704762,54.72755815616681,49.68402797620594
175.31725614914404,90.04334753648898,54.66973088313657,49.99869878702688
176.16630523698663,89.84913765820369,54.52516495022637,50.12971725604176
175.8741811528896,91.0323956694946,54.60229012495121,49.79362916619918
175.70181736833314,90.9201721407802,54.57771309668633,49.732526940600366
175.8148482531572,90.00206668520983,54.76739166798632,49.83630632078865
175.84244418838585,91.00594402117773,54.6267459817708,49.63832723974947
175.96865260757158,89.99019596489099,54.96065198742779,50.028243724332214
176.38059373815898,90.58747979386598,55.30909998652984,49.856633987410376
175.52419328719165,90.16501999557688,55.5650972089982,49.72691595638693
175.63478154225373,91.36646072965175,55.14375734936485,49.58428148034842
175.06931439051422,90.48136494799883,54.69718403775444,50.054055620405975
175.2448568578935,91.57955142480046,54.82127299358657,49.578856549287146
174.74776437920244,91.73742594804534,54.81452942981234,49.636468196252125
174.0177911130346,92.21842614094575,54.74010649345908,49.366865941345
174.5722980352145,92.48314055733935,54.55524061262314,49.259698108237366
174.6996817746396,92.0417760393494,54.31154257219315,49.57212042586782
173.67439380493445,92.19041346994909,54.02118423502265,49.567785972659834
174.23465448091122,93.17079658641889,53.97360251739222,49.414764838787924
173.7467737149787,93.07919094460982,54.095562918008795,49.087321076896735
173.68942903334124,92.11656422969452,54.20805862104123,49.08847732636083
173.53269352814678,91.77241535114904,54.46561413791202,49.141068599134
174.1346259685732,91.73465893191829,54.65517150303852,49.11300830156388
173.18355468684575,91.38658395842171,54.76432755430923,49.02221707786459
173.340437056242,92.01138769383377,54.91346497401556,48.614549652397216
173.58736587353587,90.80860237527767,54.678324012086705,48.87025990742933
173.93909389088662,90.63131719066416,54.70674470830406,48.9541302987816
173.4102113857494,90.68061337716551,54.67426423327279,48.95633187603856
173.85024423123338,90.21600246205195,55.00200882501199,48.77615450677993
173.38203629752437,90.06202725463527,54.94170521286918,48.836902018580986
173.88702399709132,89.8972270384649,55.129147072951554,48.87495878837363
173.98055786595924,90.31385540174679,54.69998432672325,48.96158722034869
172.82527946566245,90.75583873646161,55.06067924319973,48.52243094139147
172.50270613541824,89.87827480657283,55.237459638391236,48.3853745436617
172.23554824543493,89.63737923645144,55.46293359382625,48.14597278753836
173.32853539541867,90.39804093767668,55.43351852275591,48.205889800661
172.2544088286399,90.34327026538003,55.83871869687127,48.20097450656051
173.28226362835812,89.95431017194852,55.945368335105755,48.63384027557491
172.99569027620106,89.61963142369875,56.254438210463285,48.54666456656528
172.65377204264212,89.62637500817719,56.56696879465038,48.61095366573298
173.91777603919024,88.22878300065285,56.58065425057454,49.05481741405802
174.169708544889,89.18032509032508,57.157879689463854,48.58990986664106
175.35564477722687,87.74963475813767,57.30436450170462,49.15154163346338
174.272745700127,87.78842781017771,57.502157833173406,48.73935651128639
174.9862859929534,88.47088898672722,57.86161918630225,48.95419172940776
175.31334001474573,88.34581128211883,58.25798805140141,48.8791483094505
175.17207103327075,87.44550388392682,58.77163253405047,49.0752953562389
174.95485750540536,89.29920734062767,58.98905172923989,48.62153076347009
174.878910303355,87.84336125788677,58.97296492596983,48.95811273188466
175.0680262227321,87.7050784352784,59.01211210886026,49.19142100278495
175.2546229371054,89.04424416273109,59.329997998637026,48.71604360175835
175.77234372683512,89.13488480998441,59.3229777019459,48.74376842304589
176.59430607185345,88.51195763887961,59.27033502198765,48.395956211758175
176.202328345091,90.17406929178316,59.3831126710425,48.15443196639113
176.63823535067507,89.04626359525241,59.532474163605144,48.060773492509284
176.4416166133678,88.93977474286427,59.3517735664919,47.98438599509707
177.19938183846986,89.37467205035935,59.16969581785638,48.34192349528024
176.93826080279135,89.51010989076428,59.1695573583792,48.43742242632493
176.6831555706544,89.026174198719,59.326948439508726,48.70202128891966
176.62384659077537,90.30299020812325,59.84526814358483,48.17938678483593
174.69904015793048,90.92237839902131,60.51268129270662,47.33333259246622
175.1617075598584,91.17677270419534,61.10780387582127,47.28093630012846
173.88730507460457,90.88992568652648,61.52222564472982,47.01027588476353
173.29079572466816,91.71561098306708,61.68333642853362,47.08483109486683
173.23762434453735,91.06771287538254,61.5999449086858,47.57660523649021
173.7120884651491,91.41915483597901,61.93008871374225,47.82872761670028
173.66111219721844,92.11704422687092,61.93091277572561,47.56712711574686
173.26838582796307,92.33625425787976,62.180757997470764,47.60474300629724
173.6681688587958,92.4195333106658,62.00168969896219,47.608185841286456
174.0800145434961,92.92621040951803,61.98264380828704,47.367978213310835
174.14692285105014,93.00578001428201,61.77639404932482,47.31930102114025
173.86147559227808,92.90927783295695,62.0769428193981,47.3262608100065
173.9827178737745,93.16684230300204,62.05404367510641,47.204265331391674
174.1703526961759,93.3090116562297,62.07291612157784,47.20339570586134
175.05288816398487,93.71040286726208,61.89187891360582,46.92214277951268
175.90590100419962,92.79325946373332,62.04849766715151,47.07525137440436
175.5203742839422,93.63434746819762,62.44652619697799,46.89850356047546
175.62785348570858,92.77554589420804,62.302911066369646,47.218390186237826
176.22312341255673,92.8440894488863,62.380991703701184,47.31837131275549
176.18088978031324,92.47263983685053,62.3712295531291,47.18500930254356
177.170834101594,92.31889862991233,62.203162132872805,47.386802771961015
177.05921564247515,91.59847501949156,62.11169171230055,47.36705927262584
177.48124716573994,92.31634664658117,62.25314318736977,47.37481308017607
177.99780209010703,91.22075005289761,61.99879478511161,47.571460927005155
178.56754350732416,91.33676220510726,62.00806869315475,47.64706391307313
178.47984148698413,91.51305436655008,62.12727446843135,47.73308504773182
178.9911688056315,90.91723049297137,62.00951680570019,48.171203544267456
179.3273000264799,91.0683109436263,61.85319395731853,48.29513830745879
179.39540046157003,91.19180287956176,62.22422891220003,48.10850970028136
179.20051141112194,90.764623826979,62.04106785561029,48.47177211352756
179.81731471240386,90.06251664179251,62.13244413459246,48.543465998976224
180.18114544496984,90.0719136455925,62.453481571590586,48.362390329150514
180.27482888838557,91.02180529592559,62.62051850837324,48.12754166364671
180.75222439078442,90.69879198792464,62.70925343779495,47.953189618492914
180.92907819114913,91.37323486840286,62.29911770634945,47.83616270706191
181.79195732227012,92.26028662078386,62.15022404428902,47.602203645811855
181.48194334167962,91.95123737434344,62.90519568444513,46.87504950559793
182.20554514684076,92.4644704286622,62.84701668941062,46.69035565524213
181.09938110524337,92.22819818076634,63.086072687415566,47.108520613332225
181.54430612703578,92.6834896477004,62.801580946424025,46.98598457592177
182.1444120843086,93.45122155909573,63.007564076395866,46.300868987307744
181.70320305489784,92.5587854925215,63.12245467416543,46.89492662536955
182.21593768767303,92.8338749388299,63.13228876287839,46.504165361994694
183.27291473300602,93.24555047196148,62.90317873692494,46.503911167107546
182.68140985579808,94.44512127734356,62.814797576423835,46.614943353950835
182.9165308647496,92.74018411634373,63.1308407204928,47.241490811707926
183.62926958325562,94.6149282928241,62.927763233508244,47.02283260362938
182.29191148926225,93.07714021275456,63.94051142871238,46.91495258128862
183.1572615005256,94.21464251357622,63.48783250336891,46.751338331894424
183.01551468739274,93.64096179653968,63.67080921431328,46.79679251270212
183.30732195214208,94.4972480058027,63.58680609233299,46.84029571482735
184.22006573660335,93.50747241106761,63.26489861679424,47.24895898105686
184.12187912418096,94.59160453412547,63.540912580305076,46.98030430067601
183.99710574678,94.36612679792869,63.85609452452106,46.75863232403393
183.79395992820886,93.66715574970875,64.05801888165689,46.97853582336685
184.57224313416015,94.62692430657259,64.00892534248837,46.47497189613211
183.22199477622019,94.63326199715286,64.49638289859352,46.610353931052984
184.24619018011617,95.09364030060348,64.1126174970668,46.49468608262036
185.11948682731685,95.19236561196465,63.874688453039326,46.43036642751507
184.3519752307982,95.30354959562412,64.27987687492032,46.706967717074036
184.3401157063917,94.80131693831365,64.37993091429428,46.99573514713534
183.89823804555252,95.24503000104202,64.5778486691201,46.75531338759961
185.35253375992505,93.4339002988081,63.99844224937773,47.50727297593588
184.7361823355937,95.38532153443683,64.221174671481,47.30131322944037
183.94057628363336,94.15057240276955,64.74166252651553,47.33698313889309
184.35036576938575,95.35094382949377,64.50908082559485,47.10468515734712
183.84807317433933,94.2086588698055,64.7488360224397,47.18286064274845
184.14215533751707,94.98755625419756,64.62367223204919,47.11046643148234
184.37127803462784,94.29894576170301,64.49467368664935,47.14167494336505
183.86589195917236,94.36590608255682,64.77451896626052,47.09013773315168
184.57249757383426,95.42121557944492,64.37697255283942,46.906769124659874
184.32466311655148,94.07178195595012,64.48101782138413,47.201372875250584
185.08015879841298,95.17223215479453,64.07836326395841,46.90384381163767
183.65018925498924,95.21031247447094,64.95025141315327,46.51989497905899
185.0514699040027,95.18958041801473,64.17139559760933,47.023351087544455
184.51366524090201,93.80579545535517,64.65204846619574,47.09588960836834
185.58591751445027,94.51253828744134,64.28038048507065,47.02928438013957
184.45871482562924,95.30947359474217,64.78321528032286,46.428831445801464
185.03397669795973,93.44997162938716,64.43258664340802,46.90419948364341
185.11891070991123,94.65400980681432,64.56783870021445,46.64474731053655
185.7833812647264,93.9130135212393,64.27062609667242,47.048985860995685
185.27521422394915,95.25516905939989,64.453868442387,46.58987591458782
184.6265679034722,93.49278258403987,65.04060177481206,46.960293816174556
184.85152756990902,95.3434403088027,64.87934541200444,46.515069484507784
185.87888802475774,92.73671063478751,64.44784125054461,47.510676240069905
184.9445290682431,94.13133396485708,64.58133312845581,47.33926438637303
185.378174706563,94.87766149580469,64.52508624678599,46.99798068430295
185.86050437509758,95.04217108224432,64.53419293859787,46.85528826849708
187.05785223901557,95.22324496875729,64.39926116683179,47.171259082011375
187.2799367985677,93.91579438279854,64.58396003154566,47.36390712206243
187.69421239169918,95.61423653677366,64.56544121298899,47.22466794426964
188.05336841893313,93.96887466939319,64.57450240089929,47.689680428725424
187.4462240374387,95.19579653950301,64.74611459585682,46.92352539681112
187.09985669138752,95.09000381536477,64.78751774403676,46.71398251247271
187.46960050503444,95.21968310905586,64.40151030678163,46.972955393195846
185.1023214784114,93.12442354500243,64.6518798033566,47.368648967408646
185.2565392570616,94.46686104195761,64.40254792124276,47.14851258090491
185.247623462033,93.23813796653265,64.39634707312612,47.36027863798958
183.28032179469807,93.53699743775844,63.914036421589906,47.57822666912883
183.305972512328,94.35241667620787,63.74793285676336,47.18928053002908
181.51773628592096,93.9841596710852,63.643370029349775,47.34521114670065
181.05081895935808,93.28476611104855,63.77388504946849,47.68562934549403
180.4355346909545,93.52559004690336,63.59671311252838,47.82473959002968
181.13007936212279,94.2061158459087,63.054371764614764,47.60792491428312
180.25953894790115,91.87470624151803,63.395232437342074,48.20032052000657
180.69899482953153,93.9036208020434,63.005653201003554,47.99508958926344
178.9408942124663,93.36694310958958,62.86812237374787,48.419473535763174
179.543269931451,93.78038468507077,62.664162366251865,48.09483241351403
178.86699006247338,94.48901675706324,62.749600193158194,48.04318459109284
178.269579366345,92.67145384372522,62.61071520647815,48.560914301512156
177.231889744955,93.28707040242342,62.218910144067124,48.47119727355514
177.89587614974275,93.59725560203665,61.97358215470496,48.498966291500146
177.71342483001132,92.8062372518198,62.16595824089463,49.104293685693804
177.34507978954005,93.30839598580053,62.02958648607131,48.95977226494302
177.3708658893092,94.02433124259616,62.03312933065003,48.66102824862044
177.3238444244163,92.849712050792,61.96416702762478,48.91827711501685
177.21500863649885,93.76945559074292,61.67973628803381,48.5989348553283
177.3040654728092,94.37843460991455,61.44029495681943,48.205829998824036
176.17961421774598,94.01517657981853,61.71923105535536,47.96416987293132
176.92011073663684,94.79323929192233,61.299704473033216,47.908806076874654
176.87443756844797,94.10827005891073,61.55260918417349,47.965272510350886
177.26239248711062,94.99233096983764,61.348681194134414,47.85938225301884
177.47810103042178,94.39961234990082,61.43499136333334,48.03541316469119
178.32393757296066,95.06924555599417,61.45168967908869,47.99415853228966
178.76094889386133,94.81961587304824,61.42956290606562,48.24514555371151
178.69170519517283,95.3877885798607,61.53016532300245,48.13399144715444
178.96302222332696,95.01613763721713,61.86386641073718,47.96884922586274
179.78827291666516,94.56807381891569,62.05533546778634,47.84085271695781
180.1103431750535,95.07768565192055,62.15689310498233,47.71846270916649
180.2520309049431,95.72848298413226,62.42380364020967,47.57086546600773
181.25940395973973,95.74277746636662,62.60463395998345,47.35820063936971
181.58847474316815,95.50825496589107,62.891806442847404,47.43532614664559
182.81774037808185,96.23392750164521,62.42535252363645,47.68775361999814
183.23789216631104,95.90595158407089,62.31702021106357,47.63925991424179
182.89465219650788,96.40002292638479,62.58161764048466,47.682796979102804
183.7678818473286,96.17504400152791,62.73624109297832,47.67708527672879
184.6774358551554,96.04326946965696,62.632111295403334,47.83400945407715
184.70699603569489,96.23531870518525,62.88459954686173,47.84603469031505
185.34048963408884,96.0967473960953,63.30484079131227,47.49932159846534
186.9168213474285,96.73240251609485,63.5205788920377,47.22559045621403
187.2856645194421,95.71645118926008,63.89127143518705,47.43007812041212
188.54780084998234,96.3671321728601,63.56064592033154,47.51734451682141
188.21105934132277,94.95517668361057,64.19599973462914,47.76401502824894
189.37416782023092,96.32243735027114,63.83426436899117,47.75072181763897
190.92513256717484,95.8088028979081,63.934380315777176,48.37972869843928
191.72627118543318,94.92812248637611,64.04799265235769,48.47925957307798
192.5204818180021,95.68112435994837,63.778678800511756,47.87610770553017
193.065948684593,95.06511518651371,63.9825106589514,47.89819622852406
193.97279502128674,93.36469158371993,64.10853277495451,48.79891349598601
195.32759819833245,94.5434842604549,64.11954085415167,48.36292157017415
197.12884150569312,93.07085811600513,63.858149925389185,48.98189493413166
197.89653852343466,94.11513952200997,63.40763147355478,48.24386405781384
198.52432393841747,93.60983936841376,63.6548631347772,48.09181783294753
198.9432797018679,94.27623596609305,63.58020940940905,47.92650629843183
198.40133318831985,94.90857360177884,64.05516666313252,47.52800542691301
198.91935180840335,94.4400997446591,64.12923684484055,47.60166998380388
198.4996347624675,94.55017087139433,63.92244670022386,47.7142867232438
197.73585124274078,94.43919299520232,63.88420317849723,48.06580057692425
197.009224588041,94.69797515800427,63.62932076382907,48.54274779602476
195.40611893826264,94.15518519190375,63.78876053704913,48.8359351167222
193.7743780720454,94.87190599172789,63.77454732891661,48.52251998630459
192.40461701722836,94.51889641009458,63.78109967765592,48.69609824876859
191.69444419990765,94.06857266031625,63.78401741484399,48.716663439079184
189.11331937114778,95.19691332557838,63.625224534674544,48.18467659898766
188.33482483088557,93.2954437360545,63.96506078126036,48.2241577645009
187.23236139629225,95.6082566938897,63.88085743957054,47.29835904304435
185.78365519253708,94.17067007920262,63.64698274914996,47.40110638244962
184.66358823025377,95.40138321770546,63.50585294080645,47.07424712776756
184.09185958961007,92.73146307669472,63.20048796219092,48.10757553082176
182.7951074566873,93.62670221035418,62.67713946772148,47.935205416846046
182.16931927697362,93.48987083482358,62.42734742371405,47.844889334947105
182.49456938783973,93.86390433412137,61.94474768976246,47.75488699976171
181.2817797203266,92.4506520804068,61.774916439385265,47.71359580139558
182.00883885045747,93.50168073885882,61.84213437697662,47.54127652923029
181.67264417008343,91.83935251173463,61.54734050541725,48.513774913868076
182.3726831009434,92.87175061716613,61.55163175952682,47.981203834993615
180.84331742412581,93.10264950084928,61.51823722052281,47.638163360255604
181.43653996424166,92.39483597085584,61.26753296880522,47.70839461679094
180.09578830092036,93.29028280124277,62.05287831548259,47.203939778763356
180.63899899568824,92.4583235921061,61.87082896240389,47.701451923194824
179.9994033846763,92.94518798728097,62.05381125441223,47.173177372690354
179.0805526708372,90.57677873550323,61.72733216489378,48.152091585092904
179.74738188185466,90.93636092365267,61.68519874915307,48.692648964775465
177.50069963652226,87.95651672546867,61.41946518683938,50.16796474532925
177.92950255979113,86.37726395691088,61.13277337037669,50.684971239933844
178.0994496893426,84.2546356859127,60.73145911390945,52.211357142129174
178.74727097899262,83.82194520794661,60.27634836062876,52.608130106127525
177.69018394317487,81.00577860498147,59.919691038068635,53.12932210722383
177.8833019932336,79.54793195763594,59.95319215776168,53.43199450500326
178.8204371366166,79.69386011525476,59.66055818061946,53.06592015502136
177.65158885704324,79.23165638089678,59.817645513539304,52.830870655429834
178.2643409596492,79.53076610857053,59.63533107235028,52.383520286467096
178.58601268019459,78.85071063450943,59.37457649463226,52.65871643108436
178.43773235389216,79.25419756119365,59.66877251502925,52.43224127308946
178.6580178886699,79.74807338210331,59.68285989416989,52.13336131296033
177.85030698072495,79.77981465836889,60.032453696639685,51.96719371125298
177.91460428707012,77.83706814610056,59.72433764248969,52.398569914500555
178.3419754719677,77.51384173906484,59.702096862946476,52.62830236805449
179.31751995687108,75.98878620329381,59.382986762577836,53.32857661327211
178.47476773582244,77.42808422507376,59.093741877969194,52.4343853720346
178.65011413789333,77.8290175639508,59.11499773324742,51.42088499712838
178.6497421627633,76.81874716167022,59.14896635558658,51.213607551033405
179.6160741941691,77.09131060595809,59.03542603773957,51.19574025069926
179.03413098696598,76.28426192950705,59.16878629095199,50.95208528045069
178.81242563089634,76.21057642287963,59.245013735021004,51.02638554406509
179.6943130717043,76.96749002479672,59.1892104262811,50.73917162338823
179.07992215029657,77.20034060600608,59.6054761162378,50.99520313699873
179.6214236080318,78.32649323346168,59.46477298399718,50.602749838455026
178.73606585398122,79.00478289672019,60.007344323244574,50.887646427846825
179.00351118395102,79.78036043881556,60.34178228135459,51.373617407956594
177.38100865005893,80.38229977411984,60.713491565142206,51.88187178731294
178.37146138788665,81.25221813654095,60.9382817186066,52.23202090994388
177.43238761097544,82.12371233669697,61.17933799339918,52.94839740068408
177.67056275374455,81.82940715060033,61.09301430702973,53.84523599739327
177.29522902743568,84.14701878472286,61.298380799106724,53.5291402888101
176.9556462943152,88.47058490201195,62.08877034298969,52.01994369265962
174.9568663742097,92.01978381365444,63.230388172321106,50.38645160820522
175.08541505007562,93.60548504240161,63.59519942568801,49.32226050210553
174.5610304982052,95.38418493424123,64.0853654214996,48.465215771374304
173.69096145097936,96.96341438849993,64.36826651071756,47.970697292544415
173.66973641392497,99.14176269976772,64.31878262659392,47.70374094634548
174.21472880580208,100.77866139756375,64.2579898136649,47.74734138362392
172.4717953357314,102.28472681959282,64.97777542064586,47.70328867600986
173.59642467038867,103.20524801311967,64.49795621017837,47.429561509788996
172.6848190926667,105.49386879167926,64.81383349091988,47.39794277829236
171.93421521599353,106.84517115598106,65.10734540247692,47.66140536383669
171.2283133647996,108.45370851754178,64.94313804319643,48.17057199088922
172.0163842996834,110.76858357539612,64.40347361998491,48.54306777819566
169.6383657407987,112.60631682890968,65.2203685105815,48.706007833973736
169.6782234728314,115.63861609089112,65.21103262409312,49.15328970780749
169.97192531387628,117.42284904007425,65.06481790327089,49.826259814079904
168.64384346949208,118.38808330982799,65.1731593550245,50.41841481354336
167.60496127019582,120.32406539352779,65.14985454165719,50.901269943934295
168.0578391456284,120.82425612195686,64.71603835454326,51.65190176603734
166.99602668842044,121.57222595553664,64.8343887347337,52.41186915759359
166.02763840101323,122.26540509579092,65.00740927278969,52.63986882538825
164.4161141560312,122.97401286468624,65.07227847961168,52.71932925576778
163.86361850117325,122.82822048305513,65.02477357064625,52.26673113433685
162.58317939476086,122.7950540119302,65.17305150461661,52.06865399806115
161.6113114344741,121.92482622950702,65.43000959506625,51.9357173385957
161.7996612006963,121.9911061968373,65.21762765560031,51.56589326249477
160.0677380802572,122.19106492366392,65.22110740897554,50.85039982174092
159.11632052326303,121.62610607262617,65.35036542888575,49.82086723122912
158.3751439126932,121.09420605888818,65.20158974282175,49.30970845743559
158.14068440325377,120.4354190806284,65.28904952555555,49.32727888536017
157.71384943100966,120.15657840405943,65.57638105012956,48.72690338329639
156.645653788824,119.62666539557395,65.50248214094316,48.90816838036989
158.1424053311582,119.11340459021,65.74308488169896,48.665396682839734
156.64774303388845,118.50804758375006,65.84249687095277,48.77818121806796
157.8225526811982,118.00609063011386,65.58123860118985,48.36431401076211
159.2684564895076,118.37237749050507,64.92616632850417,49.28211565619061
160.04082178795045,119.92482871031046,64.23820028659586,50.29551413134426
160.82028162441756,119.73247874056094,63.58332214236343,51.512623333500486
160.9628717897411,118.96057815258487,62.995326761829695,52.30195714132667
160.5279570444035,115.21523479379181,63.127312858225366,53.319906069758744
157.15975943608092,112.43149479351462,63.520852144542154,52.48359607321231
156.10694677696318,109.23145371627376,63.32574508858637,51.67286375168082
151.51016812510935,108.73925143526304,63.68915369539464,50.07697418146962
149.88044310743146,109.73189232505788,64.14918909604583,49.683854057305965
150.0650025026461,110.34297285120024,63.7742352851675,49.66953368609728
148.76540878436248,111.55506665520508,64.21151695620128,49.56988383214645
150.1712036385967,112.82512640219312,64.65048586246371,49.15156118456012
150.41472141716378,114.07611985319024,64.95774823890807,49.68613219539244
152.65066739313409,115.08724465248861,64.98475097843472,50.10046492368473
153.39043513554702,115.99927284206564,65.09395643847121,50.92747460936526
154.53607490002736,116.96744406544778,64.67044269377413,51.552894257098686
155.12128466721288,115.58020482719067,63.845182362217216,52.56528121616447
155.8634536422205,113.97552691528281,63.39299742257033,53.38121419795441
155.2713563924433,111.42395617655907,63.556849214490754,53.62391637486479
154.36617684112196,109.89019189204151,63.44800575098657,53.09780723905066
152.65849737420916,106.13683574477625,63.33474134229812,52.76902310795255
152.30037491856777,104.55888544245168,63.809938975534294,51.95734077154637
150.6289829972375,104.69813466313667,64.46068165951867,50.92397084255891
149.6004194421141,104.47206180309549,64.78104541164934,50.53949623183072
149.22271378164652,103.12921680202388,64.98480406267785,50.49612296149773
148.27241130562226,103.16975216767688,65.171906011606,50.48881769431882
147.19877893814987,101.99275525150168,65.50876179669876,50.55641216219777
147.38104330971964,102.85477052604419,65.07921039127726,50.48407722220546
148.02726401084396,102.318167474697,64.68575097745862,51.134704334440386
147.51881173559534,102.69245833414129,64.23179623878657,51.74870947144018
146.9856126491381,100.33451970007454,63.7921168837012,52.52994418624424
146.46074266958908,99.37215006799438,63.89849675254345,52.75622418278826
144.38529738638766,98.5687917067527,64.98054729209079,52.66155540722473
144.36665994148552,96.49244760642117,65.2785310503987,52.64348059214075
141.84681887319428,95.16477404372723,65.89768811297604,52.312094757781296
142.20332399953116,94.55634037491701,66.50199939922744,52.50827821078107
143.3098843815542,94.15234152987107,67.03533096672432,52.351986831697246
143.61368814288377,94.90689959956069,66.96931020077142,52.372850755756424
144.7098366124894,95.07740462976287,66.94137354636547,52.93512774846026
144.3048249134498,96.07266117794036,66.76421051255991,53.36960387558551
144.44398277586174,96.04537619911639,66.63857259196764,53.56644481549891
144.51391664981696,95.90535809772467,66.79229160481654,54.056287043310604
145.32891436894374,95.45519844899619,66.47369944109916,54.42073614633246
143.2471620741132,93.75964429431798,67.06456957221839,54.82140933224524
141.87294467337873,91.66686093778722,67.55073726095537,55.31340853088723
140.6645792566604,89.89720310930964,67.85922415213128,55.32679878996944
138.25222432963497,88.51894985028531,68.23438528486867,55.0335189787487
139.20383702172074,88.51673938974233,68.0274556389173,54.52903085318472
138.1276940295786,89.28544250081747,68.32172703961393,54.144724763976654
139.96515233251375,90.25865672660144,68.32707299935643,54.28100705535914
140.06169836108748,91.18745940561169,68.31590926392819,54.404394849003396
141.08233863800237,93.5053593772664,67.7401226275636,54.722201511223744
142.03029520592048,95.96164918114621,67.37346893501046,55.159824463888924
141.0161655537487,96.44634180203116,67.59327503710641,55.43602812077779
141.0048904144183,96.74142728628087,67.63789699395863,55.75477297001595
141.73462920544804,95.9260549658431,67.32898897004274,56.30236233650031
141.11597366522113,96.15492850320464,67.43375910925818,56.12757800124484
140.7145086842035,96.46146366862109,67.22381589853339,56.17409278870571
139.54736156690893,95.8934850034444,67.03153742880738,56.01515673507929
138.36396291952758,93.17886078827868,67.54346082792497,56.374435511327476
137.13893329390064,91.63074289591103,67.92638402990819,56.44222199911151
136.70015019193255,91.50156794236936,68.44445191183434,56.25337178669944
137.8989611378475,92.94168703053757,68.4788843012392,56.01183147298815
138.5554218769056,94.21735920055421,68.15523416587736,55.54916048615004
140.37201384591108,95.46192733182323,68.38059791539689,55.49400564222162
142.57218573528496,95.80270338194319,68.93941970976925,55.14867431305602
144.38488952847422,97.17900370207985,69.13912470464379,55.32055434943369
145.87668479742717,98.00423673277092,68.98529948656213,55.560311910373635
144.57222166440994,98.41902863939048,68.67803369784806,55.545245237523005
143.3443060552193,98.45716426894833,69.00909212913521,55.502346581764144
141.53933499977643,97.6788654820561,69.66850657202168,54.734195401047266
139.8979438342908,96.23257100697774,70.09496828340977,54.84111264023596
139.09868153827728,95.71355344100417,69.83303164039046,54.47077608524768
135.81712250982233,96.17924979067463,69.9539685869183,53.91263726783805
133.91483947604806,96.5886455634445,70.05708359131069,53.98673933468311
131.9093299396839,97.47211789121614,69.97402746109714,54.67997567698834
131.2326880746631,100.31806853530516,70.12250462490034,54.587930288621095
130.33588240104058,101.82031632485025,70.47492870961025,54.708337434750625
131.69460762603848,103.56518898410708,70.22593238215781,54.66907353103189
133.46231677690963,104.40588444087038,70.47200059164592,54.62622491200755
132.57754089581775,103.72025665598605,71.26685577723441,54.34811601034069
132.0097956167927,104.08533001066212,71.13339873396615,54.247600045445765
129.93405369894805,104.02329889685305,71.41168429885772,53.66112662757898
130.89963890527642,104.10212235051353,71.05237682222088,54.10278427710465
132.68055795245252,102.99873973296745,71.17077554427495,54.0218915360463
134.77144673497162,101.94519997361823,71.21737007625211,54.3135644938469
136.6269653200718,101.53266678067536,71.10012939767466,55.00287480435041
138.21615598797752,101.3534704867978,70.63963951655991,55.558507521218736
139.78794190469188,101.51155058508304,70.24733869257636,56.100923145571095
141.88768858320776,100.49473068556337,70.08558842712783,56.41146454735551
144.05215233508187,100.86947676572693,70.60702179374097,56.366845531655
146.9478664787731,101.29114716580291,69.95239713337263,56.408606109467065
147.25961235780903,101.05048922565139,69.90441677123205,56.33799609217184
146.87723013762366,100.49815123664658,69.71145199121244,56.397638376867874
142.80439328798752,98.55088668536442,69.81646864702773,56.45065169993694
139.61297733294356,98.56292957381321,70.52986791703995,56.04169357592289
137.19046552694599,99.34069723960087,71.19847131724312,55.807344667649254
134.34346966692647,100.53968255986192,71.05297262361634,56.09390738474741
133.968450112023,102.41026647933793,70.87064697159397,56.00886914441293
133.7713881595491,104.89070055125366,71.1987317315489,56.121093938050954
134.7451478242255,106.14910384357094,71.50960926613345,55.974303213020264
134.18463293575584,107.29630896522016,71.94089582226668,55.69989366590407
131.88270790297872,107.80741665041025,72.43063637167714,55.74142462864618
131.36179722991045,108.06834846646913,72.51994569198052,55.759044245715856
128.8158155002834,108.96046551018938,72.32718300835131,55.76334205772758
128.1914485286111,109.7776963914894,72.41711992601537,55.74177113470428
127.85709982538745,109.78062725958134,72.41525178690374,55.88589880975526
127.36986496968495,109.36256894978726,72.97538913827952,55.78101753076477
127.88923402292748,108.96860431838311,73.35211769801609,56.12378133823171
126.23571714443617,107.92560114689711,74.48733796699213,56.79613240013683
126.44414803349261,107.75648326035443,74.68565876744293,56.73855587039435
124.06319783894554,105.67173076308362,75.5101967240572,57.41621525717842
123.02151072480791,103.89700857073217,75.78303695193574,57.05985262360126
120.12188024676824,100.80355207501279,75.59514914626581,57.5957636848032
116.27615026706314,97.95932445081039,75.22732108077366,58.30415740214113
113.15243731528453,94.84583228941688,75.37067536720443,58.73940226112199
108.37721407352934,94.96834842421364,74.57330824445259,58.48369955405093
103.98968579861081,92.85799055710868,73.71824833158215,58.59209295778601
100.48087139907565,91.72508571460739,72.95396623435118,58.76659428745717
98.63668172961815,90.54547980882278,72.64102521117513,58.42466855630178
95.73139554397028,90.30911419493178,72.56447542823503,58.031316460128245
95.85594387582637,89.6300036036922,72.67756883229094,58.05253238500089
96.49760322842724,89.81617786784167,72.53708657861966,58.16821110150823
96.95762374890701,89.73338484655193,72.75403083963155,58.2272813341941
94.7659903859475,89.11219540827172,73.95667641839482,58.346259045745995
92.51925766873765,89.38674950492799,74.5163337645119,58.37417757724883
91.17662745925809,89.21948760741775,74.6294224953912,58.27098041785112
89.90873499193053,88.9080831886724,74.70209579102348,58.33803673954897
90.74755040458639,89.16787635034075,74.38059544647805,58.63914057124158
91.0021650431361,89.19570400509348,74.52316078178632,58.86115546637555
91.59131618332881,88.11381297379114,74.89196524425978,59.327073711765266
90.54325942825984,88.81432653903187,75.11502317711958,59.272461147323845
90.99898158737795,89.89938469146198,75.22236064007996,59.184940906077514
89.86598845224542,90.06606659925663,75.44375095354266,59.38827423976494
89.38864510092516,89.72062817587165,75.8392628801059,59.42617207023088
87.00648156173672,89.6396742093714,76.3331355517445,59.16276542779764
83.37320533185527,88.59249510752963,75.75882144580305,58.84178058529285
81.16760179635824,88.7343414020081,75.41794998362452,58.18260653981773
77.83550386992448,89.12631074045447,74.72430196060701,58.02331756642765
73.25955229440768,87.67355845408812,73.2608067046582,58.17135367716996
71.5720799235159,87.2117222787717,72.14841290350354,57.973266374711386
70.75922027235583,87.55147376955378,71.46206708131193,58.17936300633692
72.90469921065431,88.54844312024744,70.97011042160342,58.44988677595791
76.27296997133615,90.13464525488504,71.68018125833301,58.14998554890377
82.3653884512934,91.8906203848302,73.51528562837454,57.94469451066263
91.02039637363751,93.53939344520197,75.39876458043926,58.529351492030926
95.32420703316309,96.57006545662516,76.66594871182755,59.19459476471676
98.05567115057782,96.47533959240798,77.2890547749412,59.62119844374888
97.13555953113888,97.53389535417489,78.15747715007626,60.10615176816122
94.26164146223279,96.69536307274424,79.07195738426296,60.065327498930216
90.7959841058788,95.71879157688076,78.84296039805737,60.34621127911696
91.32090225530712,95.08346240632699,77.85523898614025,60.47562854661613
91.77549182574563,94.97170179822186,77.10681607561753,60.19138005896134
93.03633478267541,94.61388850735935,76.83132786225846,60.13328810478622
94.27746282627227,95.44280211507109,76.95947269021062,59.653391006016186
97.76455699280795,95.47182023688643,76.80619481093564,60.122200098345914
100.15221309247781,96.62882684505445,77.15859915288621,60.34753667639768
104.45936970886632,97.57121603085264,77.4069167642254,60.554923536506024
106.18668919098003,98.4080059344731,77.39225353852336,60.42219186521329
109.89152518124898,97.40162998243196,77.37356132483117,60.75316307338032
112.53633834168637,96.58789333652942,77.21212075301034,61.060312063465744
116.07788586169227,96.15057303577862,77.80876137355152,62.65752290546493
120.98729081408378,96.70115864459306,78.6717313302187,62.81473293535649
124.15866203957209,98.61628001089258,79.52865394882215,62.28147654423391
127.78869148155681,99.97146820363004,79.591566885684,61.61002485282027
128.55593462651322,99.63401996303449,79.69978591708315,61.422585890514654
130.46612776556788,99.95537838334616,79.41640196403179,61.38210174451718
130.11546397725124,99.62114473773562,79.62277265985722,61.09770683261705
131.90018165751354,98.61160684225885,79.18948694418432,61.5342412770206
133.47664140766466,97.36752972226545,79.40069198039637,62.03264811195525
138.16627463098968,96.7542840327865,79.69444589660034,62.710014594386806
144.65803438103762,96.22977865089334,81.18051276887991,62.01886036297964
151.08779787707513,96.8605675684467,82.51148317518135,61.610421868750436
154.998293393751,96.4036889988744,83.61789082347025,61.115899350531166
158.57271355286298,97.32635079318621,83.30102072009004,62.031186819189045
161.8159640292885,97.63407101101187,83.46252954430808,62.22092997299618
165.32599088469547,98.08177927729116,83.4576859851665,63.08201857215909
168.33428018211492,99.14535956399341,84.50949585239425,63.527504378225416
173.17206033494392,99.87476371646537,85.9091470716996,63.75352030156825
177.14986529521732,100.88080802674651,86.61120145016406,63.347498742430204
181.78852350726137,101.7024528957406,87.51874525556815,63.49028268913442
186.0468399577499,102.59796914933612,88.08187290604374,63.324784835607
189.50862991130825,103.25462030996457,88.53787349666874,63.464301980941016
193.64324630788778,103.41254952201726,89.2268125479921,63.326874695231865
197.69436211801013,102.77508439922698,89.88634926881181,63.47321316491826
200.15772502711152,101.37742793949916,90.22318231520256,63.92746115441176
203.05467356237173,100.95253880213525,91.0532180831221,64.30942516245788
206.1274695518377,100.8125850419342,91.19041342718819,64.50839054383052
209.2365377332773,100.33496665579179,91.27486934183588,64.76364813005728
212.1627666036207,100.19304598625465,91.3816992445817,64.89876214154633
214.14285945925758,99.7396917546118,90.63460848303023,65.01386328452335
216.3798131129244,100.69410140244995,90.09773959732739,65.77727637829712
215.6984033570375,100.37550191116728,90.52031157339565,65.56828526591465
217.09437408221083,99.83308272650925,90.51108496679902,65.76409925836153
216.49654891959466,99.69671194266878,90.40956346090037,65.79804919637039
215.52404159120218,99.65573361425078,90.45023975785257,65.71742327693154
215.73158332548462,99.24682987149836,90.54192135686505,65.68734831280943
216.79858593529195,99.70075707199443,89.94428379205081,65.72149722154401
216.61060076724397,99.50632223888243,89.94618744747694,65.89154871495553
216.08964719539696,99.47525283124122,90.298886441261,65.8281656766718
216.2418124510181,100.52799959993392,90.14193577539955,66.22079673874319
214.008966373348,100.38379565415468,90.67564565191589,65.98914695207903
211.1980589470319,100.56123967472372,90.76109213449189,65.78664024166946
205.91696929866248,100.36191974677573,90.95756021907255,66.16909506163636
202.80905631203643,99.77622876458783,91.362141227725,66.16916493227743
199.1800862216906,97.18183770405508,91.5289487675781,65.83232230129823
196.67631425242914,97.00128483223673,91.23109376506095,65.22170842232292
196.5989674843014,96.60286422561637,90.49219410921589,64.99270315424042
196.45270899279848,98.10707517384512,90.07877108405833,65.14750357071019
197.24887368853342,99.79956765902294,89.43434908079871,64.83248420132193
194.0786827359021,101.62382534700254,89.57141239017511,64.95766763212544
189.6551726075926,101.11021238615128,89.71249812225804,64.75685047445174
184.6512612582522,100.84425713350646,89.08295643342659,64.93319158729865
178.8103125866715,99.10797862958222,88.97437220920519,64.91474174395087
173.45675568781556,98.77592310230928,88.48726164931207,64.94720175460483
168.22851701118555,98.32180958569535,87.4473353084193,64.91622117436451
163.74313133660155,96.93713672252215,86.86067543657896,64.36283397529589
160.8257471090527,96.65300832098404,86.50306632438534,64.09829152252416
156.88402822939108,97.2038752084481,85.81466475112808,63.51818737911539
154.167346996977,97.20724391911043,85.6760119304643,62.74795045942341
151.19344404792187,96.83124009453675,85.57931413976229,61.97114474644917
148.5777602951096,96.9100287627871,84.63767511081036,61.947783554629424
144.97982670243627,96.53419399720667,83.61020416902086,62.072963625322004
141.85155645058381,96.87077818008396,82.4754640216332,61.903235818477796
138.7272429212222,96.56360623058148,82.10064700000368,61.823262495841206
136.34121313786585,96.16056872112406,81.59990135278818,62.282477612612595
132.27284995310657,96.35620072995447,81.23783602766557,62.12865631190791
130.125776726104,96.7773543063032,81.30727630872764,62.71221480938746
127.4101421330831,95.82879455727348,80.86491497108779,63.0984926993994
124.81467169322562,97.15159387047348,81.14542828045973,62.83597693966812
123.82143459973915,97.49375698804981,81.0093286148936,62.6588322893505
121.57017196116723,99.32498317119952,81.27699585599619,62.30422098559686
119.22328551042946,100.10888442522668,81.28237039626568,62.31985878134502
117.96318068396295,100.68161874877094,81.55499713675363,62.757825908106
115.57107386621091,102.17986274720037,81.82131793473329,62.8752493015517
113.28670362170989,102.33576971699972,82.39032974407834,63.44784270343325
111.0490375869332,102.91736924322387,82.82029361905164,62.757414133286666
108.74942487360244,102.02974469067907,83.44534335410857,62.76913787159314
107.53287282115787,100.1721381598406,83.54761593128774,63.67865706844768
104.84632282100408,99.41428815823805,84.04412949436997,63.399115477338206
101.89828111939312,99.60074676258033,84.55941598825962,63.76876944375206
101.00999325762655,100.7785207255664,84.45664259928206,64.26672450659524
99.41136243332639,100.69221896252469,84.710496950748,64.2397971182528
100.4492667805366,99.09922223201075,84.39079391771978,64.62392047162993
100.28983134875976,97.64072153412992,84.36975457209454,64.36229318430136
101.65408829112026,97.01935633125265,83.83893951893177,64.83335229488989
102.02036792622944,96.8481638528221,84.21268858973971,64.66249578189091
102.73162693506956,97.50371977188911,83.56697525765213,64.47122241993793
102.80860512536283,99.72510636331532,83.1130930729274,64.35424393389337
103.35959904927678,104.30571708510975,83.59486644030946,64.58740019873957
102.92479985801779,107.12930988878576,83.79131672721968,64.92409892595177
102.0670174449071,110.09539229414513,84.6758942787943,65.46277075463732
100.88208766305304,111.92030403585743,85.34484542003233,66.27345990930476
99.23154675328219,111.7519443952804,86.36509828678473,66.60277515550152
97.69202921558079,109.64800088777653,87.62214847506442,67.24316277132408
97.87941477400139,105.6562676304518,88.05206968619945,67.86236575142766
98.73120260911747,99.05737793677832,88.11422058228197,68.82112765220234
99.04147310829487,92.89665298800703,87.7808933266602,68.86391200714237
100.30105393658812,87.08756163247483,88.05432538764876,68.62274451373902
100.03946010123798,83.31795618617669,87.61492313878193,68.47921185698837
100.78373429267111,79.69963224563486,87.41927662950422,68.03485759802687
102.8174238859421,79.79319434318693,86.99543734851034,68.1966049916297
105.32020406531014,80.22460831300964,87.5575377983375,67.56648704093594
107.71383203086478,82.4938779031041,87.51310403748579,66.72053213694635
109.71339099223928,86.85506852728564,87.90085268425582,66.21775251974785
110.15152023355724,92.03270149329018,88.08810366588384,66.49303220388867
108.88449155999777,96.16743179471416,88.45029578816452,67.66656667245185
107.38198613719055,103.59783614226936,89.80085013754024,67.83905265507582
106.0253882991998,105.44735358742942,90.49834261222779,68.8841240574803
106.53635019571367,106.8297472600851,90.52400633312371,69.89316521863867
104.01548668179109,105.15296287167446,91.76635448905114,70.43857440569249
104.280901480251,102.53794741447821,92.33392715386532,71.80194329463333
103.57338855736637,98.66020443044509,93.09837020925983,73.04956907898375
103.54715143548461,94.50236347786648,93.41299545590728,74.18023339838659
102.09822896197029,91.79214461167216,93.98048785815135,74.43673260843636
102.06417900072925,86.743738764502,93.96140577290342,74.11713576395832
103.0178250937592,82.0024080070129,94.44053479045681,73.65591338306248
103.76804379911515,78.23878107540342,93.89000390774098,73.47266176074677
103.04201648051557,75.02178065567237,93.94439066011346,73.23752226131117
104.38794403287618,74.49286948465279,93.67243048909282,73.58421165972013
106.4536567183708,76.71473626601308,93.48032091400202,73.26356693366947
107.54629263178045,80.12416666245097,93.69838918842478,72.97474831227194
109.49896781226866,86.47926399372872,94.66141889718102,72.76172219067104
112.43704907858698,90.83383259435517,95.09006736536836,73.4400514200822
115.98100763112535,94.42084262860652,95.04879923947861,73.89542206813225
116.75166447865323,95.48555762954828,94.57724491331936,74.3436814755047
118.04726907124518,93.71015100169724,94.85400094954048,74.48292799689281
118.90142780536095,91.30760185844473,94.82623405656528,74.78592963041322
118.13045331985057,88.8695447343904,95.21287585385711,74.35975582310195
117.7970337937495,84.77696509284357,96.73328715547177,74.05806818236748
117.06983141628403,82.58004992466307,96.95317934288258,74.13997501485275
116.33357673239323,78.44733505055324,98.0430349080309,74.80992813572257
115.67912452278361,76.66746347517599,98.56418479157507,75.39123553170107
114.28491805841259,74.62492642803423,99.14896345823219,76.56972440946237
114.6169872344607,72.17664138624478,99.15243700312769,77.55317231591724
113.91773223413011,70.19300927830096,99.64799832624901,79.1070160930384
114.32136833235143,67.5837227644847,99.97069679955278,79.91219323901808
114.21147346553963,63.50244078745081,100.04098222924422,79.9372840867016
113.38953907732497,63.35471183218105,99.90668208897125,79.82734964847478
113.16965748975373,62.744768827192935,100.03811276127178,79.60469155578225
113.91153662300523,65.0972512514626,99.504181629378,78.752050477766
115.53681481706911,67.63600017402149,100.28464492890284,78.74596233494924
115.61486834813041,71.75342601051098,100.69855007857983,78.5117925391065
115.31755749650571,80.7540518546854,101.513346943787,77.14498985588459
115.98488176797491,87.10381024157668,102.10344467579671,77.33157099012206
118.27557250675864,90.21873650461683,102.42569583906788,78.20171407713991
118.08476823588056,92.32122959440844,102.7554017402131,79.01433510962335
117.22076958456654,93.56047965423,103.26149118876094,79.44813819928503
115.85305363352626,91.26147761411212,104.17126190843794,80.26650303544119
114.20409078661663,88.85052307819645,105.24854312822767,80.31706363086263
113.82199625117582,84.82325838719827,106.58398287621806,80.8725376272694
113.39846910750624,80.88825394001438,107.31743703615822,81.64213987490866
114.80085771665685,76.09298089164828,108.10884121052669,82.25670044460227
115.48751838260006,71.77927084468872,109.19173740602979,83.90366370945034
116.89664890482447,66.59135290907963,110.15821394855607,85.30942397336874
118.2614477679935,63.60640285250179,110.81167930014465,85.52256205878393
118.33115598937093,63.51207644242189,110.99998341007267,85.15538404264764
119.30286861847686,64.45351045245856,110.73143043102797,85.4222769841069
118.3782054095199,66.46535928749394,110.56172818530666,86.45930023459889
117.85217089860792,73.70465796374071,111.05893846298616,86.09982443361902
117.12245748882188,86.88382733985104,111.69456304981594,83.66040619836613
116.17214488853662,96.24317765506244,110.795320381963,85.21937738190817
114.74884957749182,107.71470771966217,110.8400823812346,84.94739116628293
112.14966362911906,112.41023629901326,112.83419464396218,86.06063412507342
110.29414904600782,111.87080130606233,115.01656637381382,87.02577483521226
108.03848170889121,107.84662336799202,116.27944743095108,87.47725409010653
106.53840291616895,98.87761611137606,116.7031103226395,88.99772519208359
107.24297933850926,90.86056539153043,116.0652175606806,90.11077274536125
105.37373938916272,82.28998894862929,116.28663074222582,90.39353863775534
105.82415108241722,74.26132607194945,116.97578211672608,90.72435911157399
106.12025802607852,67.90720581950065,117.94149834128854,91.49410016578801
106.67407915595538,64.12240481642074,119.04193971114296,91.4594178854488
106.7221274655854,63.53432567727988,120.49785970775052,91.39741591115941
105.89923979561513,64.39147352049835,120.92520274044773,91.28317103172166
103.05317408311548,68.55416663777712,120.85004786478785,91.88842597148056
99.82068537127874,76.23399897870179,121.65271135032046,92.00521030238755
96.28028247563452,87.12339624961977,123.09348246601077,91.73414242986311
93.31385240704763,97.00697758330188,124.50370475909884,95.72521950859267
90.03474484983964,104.97650692893383,126.98681468323772,97.41687332648402
90.60692980538258,108.11105789546733,127.29173278274908,99.11449721968046
86.32800111692167,108.4545043467028,129.32623753668506,100.13672137214877
86.79874401270219,101.24063364577107,129.90851444806592,101.44552718899027
84.90968713924045,91.60484055474397,130.60351953143044,102.05176722541458
81.82380399158839,81.70072009481812,130.030480490736,102.2364920625026
82.58936348911,70.87750992437753,129.19263778181798,101.83619380597167
81.7908230779837,62.72353351302924,129.45126566885176,101.65655774622198
78.13023497543506,58.30363770016891,130.5210447410755,102.03699401763355
77.13756253801469,57.94911714521173,130.70269429483318,102.25731658807152
76.3377970334203,61.10068958228189,130.41840977705968,101.84301334295952
72.14232612662308,69.03845032816848,132.34689059593367,102.36645387206036
71.32845052160012,79.94467246269457,133.03886002907453,102.83782307957068
70.02085542645496,91.42391940855754,133.9661401394088,104.99617336509083
69.82517355722314,97.7925909260066,135.36387382625958,106.01192881804673
68.50007842122628,99.53490030941705,136.11090447987561,107.83965174128927
65.45144947514358,97.42479590555939,137.58268505804566,108.04915507796578
65.67339928809588,88.9486212992862,138.42725367383264,108.01163040440379
65.76896707659428,79.38777941726937,138.71571399641775,108.00069812534663
66.28839609430135,66.86984880964818,137.37323264233143,107.61861157142397
67.3215222050936,55.62840088643398,138.3004723087932,108.09546875208088
68.2573721432307,47.87907010459869,139.75526879520515,108.3429582500166
67.95743918856843,42.3922054264794,139.1349917439813,108.62710192052519
66.39750895591341,39.80834366438185,138.75795618077265,108.27861155082991
65.47434564681701,39.13970221090558,137.68752330799865,108.32629599281663
65.32214877505871,41.690791727773046,138.0618079157087,107.94827858399015
64.03529205502808,47.51791912473743,137.6612355147818,107.35419682472934
61.00587621842699,58.015424335471955,137.84716336413143,107.00098633001811
60.23375732722498,68.80599317721254,138.41581157315213,107.24648209990606
57.54693874864121,81.24948110111617,140.5674378794133,108.69957316188885
56.62787086184062,89.9941694335251,142.0447473097165,110.72432041369697
54.24194237280429,95.344281963118,143.19465628402025,112.98279744191352
52.69918729486935,95.10741057859163,144.00230603682922,114.24564753365914
51.931177318641716,90.26968515453382,144.64941873554227,114.80837979962145
50.586785785698396,83.03404399764662,145.23501853192818,114.15258214971176
50.47192263919487,71.61419252866054,144.95378114657524,113.88338883219075
51.210312631149634,60.679160465442045,145.16843196977936,113.46529072718242
51.770342020647035,51.397867611326944,145.28486820878993,114.375135956897
52.58528110606265,43.80086069330828,146.00102575687654,115.6116693623313
52.833742405663486,39.71468342352762,146.7530488707181,115.69520821280571
51.47429775072415,37.677112702500324,146.5525851723265,115.65693012208442
52.30625545302287,39.325604431913646,147.69369606052996,116.31680029141634
50.63972935554642,47.68047973291608,147.91745217203254,115.74533055794174
49.206898210589216,58.84624635912997,148.1115172195916,115.97557632773076
48.133633692374275,74.1413303974332,149.60357837529563,117.06758674843877
46.35574202940404,88.50281253460938,152.5480659415582,120.53296170748483
42.4289625225268,97.12969745754033,153.65509013094135,125.80357159184754
41.71811278925544,103.14777774631375,155.12244704967995,129.6174848286928
37.52417101802321,102.17086960194891,156.75967684840052,129.93768145132293
35.19426021274401,97.94909342894238,156.66623736963396,132.45702038791217
36.87110013577889,88.2147548352147,157.19525915892493,132.10935236052376
38.82999484974815,73.8131815064986,158.96440467895394,129.70264107728215
40.32018016808267,61.937918379684646,159.27071187965672,126.59148825376161
42.27420079108788,52.19896909455773,159.9777681563819,125.36190925443536
44.07015511428585,45.42533559014298,163.05228807596495,126.00666371291086
44.51000055152292,42.13641148420877,163.59878423991245,126.7075893173574
44.302379960975315,39.75207160062514,162.99278339849332,127.44281418950513
46.55028989591237,42.217777992598556,164.54875948809186,128.0899817850444
45.457537114870604,50.45473294726713,165.41877528119346,129.26602762521895
44.53684144526203,63.92380391357149,167.88126895347946,130.05840212632606
44.32540685481831,77.71091512301433,170.39809412801924,133.90583917704487
42.939151365861136,87.04162160764687,174.21591524558966,138.13081689381494
39.616013642292074,93.26183083907091,179.5564738205125,141.33388922228767
36.51614565616774,95.04671856690695,183.42193526235042,141.9563664025714
34.975031460229474,91.7408510215212,186.05416536488025,143.0189562716327
34.49391518723675,82.03960667835169,185.4781019265975,143.58843714547172
35.500121434947175,66.79692051178938,184.66226709936666,142.31017193587172
38.21439980927859,53.87104215829862,186.2358909270283,141.92750023709152
39.72360371730514,41.49923900472186,184.59458584363358,139.77379056524114
42.21187638910503,32.99441983683374,184.35716575180382,137.28390383082694
43.09403607633604,28.31591191336986,183.22120772167926,136.5308980865682
45.09767699915284,25.9222391790517,183.31686214389845,136.26739793218815
43.99739576525441,26.175083007454617,181.65838673556615,136.56328319427422
42.501538306615316,35.23777653637069,180.19721459458628,136.00663125912274
41.71491962619157,47.66482245648281,180.2322515770158,136.68400876399127
41.73054224036336,60.59468915325709,182.82773130709202,138.2000764568685
39.615107995448696,71.61229958146819,184.0261650950018,140.62662851914746
35.90004096119719,78.89723140331735,186.20875392119524,144.18716267208
33.63206763492184,80.24278638475226,186.03268923646567,145.00515767632749
33.149489291780185,74.25907015390948,186.89943686608547,143.78019969611853
33.03787905408424,64.50222403320778,185.9752541012735,142.27585032680415
32.935697271646234,53.51125540902551,183.931088470364,140.96285044137963
35.38850645757287,40.54724031923868,184.20766671563717,138.23062328147574
38.08499513079643,31.291686101964018,183.79972145079407,137.40707595430632
40.17907126348335,22.85765852732567,182.62992431656951,136.81368434149806
42.55047287723805,16.219519604104605,183.40802801426153,136.79818648451
43.120231041685926,14.524200746932365,182.94409385585223,136.83171965898327
43.324672846691016,17.648396826871732,182.466003583366,136.23392125673394
42.41148160280949,24.327857930116807,181.03463055316945,135.1482868233761
40.29493055503295,34.1217656214521,181.64636066424072,135.17669382229732
39.5628779530407,49.406635921286025,181.58073185276044,136.46921404111092
40.688125734540506,64.0413892527234,184.03336701180672,139.45599781402717
38.69151096376781,77.84072670564386,188.13703521313928,144.09975454881126
37.296028969468466,85.11285711920029,193.54434961410675,148.5903180930363
34.96967762096921,84.76705785041777,197.79389689485504,151.25763953957502
32.58082199040601,83.65035716063309,201.65222075583114,153.42327367903732
34.52266159957472,76.10315150172312,204.44575425264264,155.11645037008725
34.892290355928736,66.24441992624463,202.21886267716758,155.756740288012
36.60594490503473,54.01839367038376,201.0743811946935,153.48077690007554
35.20759269121059,41.1569874230114,199.57909915688768,149.53604407621674
37.22925123301437,36.44646053648529,198.2235128624647,147.72457202376847
37.956688985170246,33.28010568960123,196.6083136340023,147.5262768118359
39.241572675128026,32.844432550910085,194.37820338194393,146.50574841823584
40.723826520714084,38.86847950408044,194.3322533346622,146.03391317125792
40.52532621346538,49.20002084865668,195.75601011657142,147.4267997203867
40.24258638500173,62.67570956846879,198.51393362115496,149.83355750415114
37.34075945583652,71.23509713438801,201.219093665017,154.89320530016914
34.99370200711985,74.62691265730315,205.95931976618044,157.54828065234912
33.94055960059154,73.98608590508456,208.40161086299713,159.88766971911082
32.06781138805172,69.1161638581112,204.41141478700865,158.88042442707123
35.9523366327134,62.483733304690716,206.39578894215552,157.92080109024764
35.632841387309384,53.122147948980114,202.76879966611784,152.79014909353896
38.481806752697594,49.02592464583793,200.5681709907003,149.55670668462557
40.205267895388175,41.973176208314385,199.62734792940972,144.88997531870586
40.97550909679234,39.65803500796315,196.987825375959,142.5099437316764
43.493620088121986,41.18062828095705,194.45363328908218,141.13736985277234
44.632276540432784,47.96485809005689,192.37649233193983,139.74004041493154
43.594613243712246,61.89492466957081,191.07338522100468,140.3972927386918
41.26440724606812,75.88838167581468,191.8885270594326,144.84793213196576
38.54161409756739,83.82295019890847,195.71798252757662,149.2636671408319
38.80577651059646,86.15374370851956,198.06061006930108,149.5408489852877
35.193381441266894,83.99474372387152,195.86290436598023,149.15761556759037
38.54200484329424,76.14719502216346,195.47100071301807,148.1319755137311
40.072705914764526,65.07686275768218,193.89472387334592,145.23052006283527
43.18980042952751,55.986932075516364,190.78847812117897,141.48402034318252
48.22045171022168,46.85579586328059,188.0596588514166,138.2131792880398
54.075376835634245,37.48334648910793,184.38360300366764,133.2943455076986
57.8448925212717,31.76185245847975,180.25844196701797,129.61691978874256
61.99143752222227,30.992986209094717,176.69607296197353,125.96308868125043
64.4003649675924,33.27176945590676,173.03397216058875,124.82954152432679
68.7508646394175,38.397200675345076,169.51687126588263,123.29378032751558
70.89678247728722,47.43786967453585,168.43661276719092,121.578430106844
70.60183430614364,56.85334194464872,168.91988548968322,121.40289824056845
72.95322110270004,62.19854077363799,167.6798749676306,122.18522645081501
75.9319922599127,64.9995727503817,166.68733900467623,122.2182642925241
77.96571218403658,64.09800970763996,164.76351273331753,122.53188532544105
80.72865081372939,60.46799067841181,163.52094111892092,120.65722451609952
82.42626846688026,54.03463813135076,162.6714156610231,117.60907937523626
84.80724435546429,45.961920142182066,158.89950561664313,115.48902196062932
88.84704955795425,37.98537694594908,154.2229201235437,113.0693990788033
93.14058413049852,32.16022807769243,150.02770907934627,109.84287911206953
97.09637083606003,29.852557559853466,147.1501026863507,107.56128373112148
102.54109650485978,33.429355182904985,144.38009047381223,105.85743223272962
105.23015468345744,39.66956301038961,142.0878422368104,103.70583585266272
106.33264759698207,49.46918625274841,140.71809570095223,102.3872919588875
106.88675484831768,62.611558431187774,140.07285997855064,101.48996825630564
108.91765650490903,69.04598016940402,138.82075810808644,106.38273481100109
109.89930463530968,84.4347482449645,138.03454367063415,108.93579176901099
106.89852640654635,91.08168448557288,139.07910702513345,109.8177978125745
107.13008506597654,89.95928102431547,139.28293724989413,109.40460998792744
108.09249223368153,85.2298847406044,139.37837204282584,109.69841880595992
110.33940852145449,69.97989587872259,138.56402240413905,110.96084007220404
113.40691097573071,62.57193445479166,138.2573923582575,107.88481994216062
116.19790864505761,53.71864319541436,136.54183230898664,104.72362559018768
121.29450039135344,44.95431501302299,134.75873163347262,102.47246437379366
124.00654285264719,37.118807430899054,132.708719501031,100.0095493317427
126.41712485404327,33.49542379532505,131.96971120273713,98.40960067576668
129.29293888568708,32.79937775945784,130.94157337763923,97.10060670318958
129.57501735392697,36.166510733193505,129.73441786499515,96.48241627146533
131.34778270690478,44.48571007142845,128.62490848701196,94.89136084908479
130.98174952483078,56.067119928774886,129.39251654949658,94.12749552587141
132.44584936160842,68.84548507327665,129.29665067911816,94.57177422429464
136.18908997325693,73.76191392412163,127.25085806589804,100.5936309162204
137.85038617827055,83.39537177688416,125.58337565743483,105.12434933545119
135.8302714074266,96.3194797984928,126.88989872481851,103.42480539611577
135.578110414455,94.55525225727776,127.93346637583511,100.94786315875214
135.33112550140802,87.84885873608387,127.78082969701195,101.50365938693093
136.12557098780454,73.89801531532642,126.77338906735095,102.53644020732767
139.23254479514424,63.960653313653665,124.97094333713196,101.5631951554974
141.5436550332906,55.37747857961031,123.29599396946655,97.88642023393567
144.85092695122054,44.88839918553685,121.28019500283888,95.31777840867927
147.5263018351673,38.11430043606545,119.54110213916596,92.51552157717774
149.58039702311234,36.27138531689988,118.59195579060436,89.93603294496444
150.67729143222536,35.02359509540235,117.21529723999838,88.051439704793
151.05089540167168,37.38836551197384,116.25921011340262,87.41797345279626
149.2172457868171,43.468186621832714,115.98211880775716,86.04243271928456
148.99878624298185,53.46527222847553,115.67137785457228,84.77724824611124
147.45378760307705,63.631012853724755,116.55333346644363,83.98505265540282
149.60793738381983,70.50046995384801,115.032216951299,87.56181991267586
150.73982135442435,80.74406684504801,113.38131165666971,91.45533101003659
149.28534718274688,91.2854636451593,114.44763128260216,91.75328234389603
146.13654770052386,96.75476367819229,116.13917403366926,90.48434093871873
146.28038631578048,94.14385323361192,116.42626677691096,88.78984341128401
145.96436375680827,88.2325240544583,116.43813742729172,88.15651574664204
146.38103384319095,76.62467535487781,115.12790764423585,90.21410348088602
148.3907865778976,67.27205746614726,114.00740353476212,90.44828327385004
145.9971096623372,62.928419152591715,114.67576456040194,87.05860505934737
148.6953585691628,55.379674797052246,113.05648485015959,85.24276178495268
149.37527499440927,51.404984029823126,112.65096354933019,83.16175353364432
150.3344966701947,49.35120431666732,111.12212136877596,81.63321314458727
151.28712275018063,47.92531781661036,109.62650892495253,80.42535908857937
151.48719784943347,50.0918167486643,107.90257401747007,80.15027214366094
149.72799402769186,55.98817019549959,107.59395434009153,78.72613557774915
148.88870949174182,63.32481320684754,107.10938359189272,77.9380538702388
150.37832486860327,68.02643241117033,105.89689804786374,79.49862542863424
152.72255184759786,72.26669056897217,103.43577429769928,83.26511457567706
152.17190534909167,78.22713991561176,102.17090117990452,86.82900000867961
150.91416709283948,86.86367131775998,102.74388961810618,84.52369633676841
150.0551372487704,86.82703035307757,103.30874951433611,83.04301710833445
148.51606954850757,84.64417074258623,104.3048539032803,81.32752380871779
147.76505995956063,74.71837105885803,104.01044881149798,82.47001100881579
149.52644413860622,68.07321663617815,102.54631068144946,82.85736765996168
148.77054280912438,64.21081188459218,102.69747615245538,79.58018493748665
149.37397067310678,60.73663928029521,102.80399840090809,77.51653196950588
150.00502434362488,59.42926669300514,102.23811032533285,75.69393116248811
149.94549180902976,59.13848466298289,101.8950784351706,74.5495294842361
151.3378651324914,63.608774345854755,100.71453238982511,73.66826198525263
153.22650568175482,68.28230019223827,98.58067556383546,74.53937664380396
154.78406173017336,72.08719226260261,96.05663239047175,77.70626677370515
155.98389171927064,83.48580117668666,95.08401656549069,80.07732477866692
152.9030545368634,95.33516213843083,95.96766053479736,78.74066149470497
154.12245226523305,103.74433273261067,96.48795721825579,75.6812276244605
153.16058568721678,104.53039316372289,97.01037933436373,73.33216993314595
152.86960959222887,102.70409391806665,97.02254414126,72.0429315905046
155.5116206113249,95.71004641934135,96.17935138010654,72.19243119763536
156.5563442855891,86.35564286389149,95.64834733945472,73.54537283001946
160.763269637139,77.61055535903566,94.3887358140588,75.80050526770965
164.08534349232744,70.08420997917881,92.44797774830471,77.77596462025781
167.44855138476112,69.12538697765159,90.88916879403428,75.9026400594237
170.09384599800035,68.49010812688627,89.4171864210409,73.8011074212937
172.23586255483303,67.80154028077652,87.88313161128488,72.78666944598696
173.68824246597762,69.50217726593733,86.36586313440125,71.8018357241547
174.0134278307903,70.61926274382887,85.0792884004882,73.29619374481206
174.7990036720358,80.34888684024108,84.28515019866045,70.2996244612894
176.16395567760085,86.74128797348833,83.41498167642197,69.7495052315991
176.1385829236953,95.79921941459702,83.49591384109556,67.29044929518251
176.7539183967869,102.00337209349031,83.7644112909085,64.86593338136564
175.1150387665941,103.2435845749043,83.9759671955049,63.37451726243644
174.96087404340744,99.4230059712238,83.519360969595,62.33867060932381
175.31625510521903,91.74639940355468,82.15949013806706,62.538301171725045
176.41988833590096,82.79993639065918,80.49456276323573,63.704296579229904
178.00997520072804,77.76420689883251,78.98845045116126,64.47551790724359
180.31291120710478,70.10459906869905,77.11805922377765,66.8727641537532
181.41565915487357,67.94932258693899,75.21617120930925,67.34000127750585
181.670171649302,68.6666165045863,73.88702976012908,67.09002082880029
182.6432760627168,69.17691792266987,72.76838779540577,67.73848764042214
183.8801685557679,74.79621243449213,71.94041448628266,66.00758237074488
184.71753628984436,83.21829467146156,71.61861790858688,63.2968388410199
184.67939810740114,92.19936576885257,71.69939035753386,60.391206617856554
184.63296352205714,99.54950089620466,72.42446471649623,57.26117733757863
184.61790582028112,100.1414853905586,72.48956678365803,55.71606836593198
181.73240648857706,98.44177054311525,73.07696740553169,54.321211809750565
181.95578887901917,93.87322798439504,72.14918777689209,53.87425628540633
179.9948047806966,90.27939252835822,71.4007353268697,54.13782393743969
181.01526764070084,83.84801411736908,69.86875763494884,56.32555481947656
181.36987187826904,81.57452375846489,67.96330384712174,57.310088466209486
181.1670952184794,80.52282001488116,66.1987869953448,58.46311151533908
178.77877533470863,84.57206278320305,65.61213549930602,56.29269127868308
175.22607918568406,85.36819692694063,64.83297055019328,55.81100510447393
173.08599657915846,88.71449646388801,65.07522387130723,54.33764669601496
171.58854048807876,93.1504721238748,64.79569385757426,51.96666764700693
171.65415815766784,95.19622417678646,64.69332111954228,50.38159440551775
172.7216366074101,98.41013282471917,64.9716022686112,49.590451036959465
175.96349836201898,100.21125624687922,64.7313394146058,49.29651565504171
183.01302598727585,102.31434065658439,64.83954429592804,48.6254534945669
189.66454732809592,103.30544493584729,64.985847202972,48.276587321333146
195.7951459949779,104.32382541286698,65.11897989392725,48.38685600558418
201.8688134843794,103.54449526047634,65.5438599953855,48.34916432920243
206.10879593328946,104.93772839318537,65.33138262350532,48.41785520070149
208.19310321106877,105.21316425413187,67.36198538743521,48.65848780229101
209.50599484591177,106.93709479501011,69.99209344083881,48.36123478327866
212.29609547177836,108.29187515523317,71.37738729866376,48.52098921023245
217.93374478937528,108.59615591953579,71.14722702253974,49.45759381646151
218.55902324942494,110.25793949493323,70.11351750727802,49.427482266405164
221.1471332949426,110.52751422404253,68.9854808574048,49.493648135830895
221.16849465786177,110.9374002613832,68.41831533962765,49.68025804967495
217.4614260462596,110.66380091240127,70.43732097484985,49.26207148944101
214.91175288031872,110.89869472021121,71.96143170149175,48.94173043575369
214.96475650370104,110.68500482631352,71.18265937856663,48.67998516251393
213.64269833391052,110.57928845084996,70.43155615370986,48.874347133864134
212.62704303938634,110.63331790696178,69.15133400693361,48.940889448685574
208.4451102319592,109.26535668493582,68.4931592546614,49.035015542258364
205.20420423752103,108.73042524142721,68.21940703073872,48.8750892914353
201.38353847527688,108.09551117432054,67.75862387779777,48.695169505612355
199.00731999598074,108.61160659241258,66.9687944675241,48.37157525660934
194.8605948630422,106.72744227466842,66.24935582501496,48.622676003990364
190.70597257828587,106.15875629033437,65.86556050042361,48.06215220735392
186.10674206819365,105.69055853907616,65.38293021201429,47.36385682909486
181.65374006706958,104.45189966939355,64.90446232095188,46.62629338674315
177.48880816374867,102.56315860895877,64.36618972164891,46.207116896315114
174.23206181181703,101.30723607085923,64.00379074002632,45.95321728638747
171.05593002996918,100.35829136086522,63.25476789243663,45.52208882879678
168.36806643233345,98.7780402538059,62.35568000515805,45.24605496923073
165.37327164599256,98.81502581846782,61.30189551625533,45.035872534050185
164.82639588769865,97.03473545687109,60.578674300299184,45.25439126078366
162.8404571028784,96.31291584943301,59.93849704511064,44.98167252926395
163.26208644042234,96.09775925819791,58.99087831111903,45.067444102446906
162.4848899992453,95.63571572428762,58.59702531048514,44.671459234613806
161.81874284397966,95.48099599795125,58.20687830536548,44.39760799114242
162.63723806385215,95.91726971953804,57.28810857637491,44.14420659699152
161.91084412673328,95.48766637243455,57.402484046552274,44.149510712844645
160.84628708597702,95.44662335525503,57.13992956994405,44.218100471212466
161.69839011692284,95.74806314255932,56.544489587001436,44.00142352998477
161.34391297915076,96.39881945324603,56.3765241757513,43.87844660845572
160.9259253233668,97.10126686814812,56.3042939781334,43.64021089539652
161.46524057986753,97.58154616895894,55.94971899377271,43.591020783040335
162.7328952279708,98.10452502676986,55.69287592223654,43.96593313310758
162.13062947670397,97.9111587512076,56.09442187579711,43.5810942268461
162.7774833159865,98.89818156160842,56.15593439586334,43.77721247590223
163.88575553034048,100.01268729541061,56.51594188137051,43.83160440490427
164.8157410954807,100.56556560844457,56.65301114205839,43.805629072705386
166.26632477607933,101.93900406800728,56.61917623935719,44.32512841052272
167.9494473612151,102.13950403291068,56.84319181318053,44.73221559123532
169.08207297943355,103.27243315740805,56.93591462917284,44.46634780549745
169.98673540568748,104.51309560798089,57.073252917915546,44.0655397195373
170.89624875699567,106.28643307900695,57.36216378968578,44.43815555850629
172.9102788041621,109.06459082119675,57.51175223966446,44.01387294537303
174.40486052635262,110.93358597679486,57.82966000423729,43.98322668935258
176.5769460630848,112.95434018808177,57.798187771867916,43.48922149973469
179.05494326125458,114.22374953444188,57.537512551248554,43.24158842446137
180.56861690889468,116.54116470566609,57.31332067817901,42.96662279377442
181.83406076898194,118.31703730015087,57.02821223389864,42.90614075597369
183.72243775895222,120.34136565676687,56.37906059274898,42.5988933444995
186.4508309173525,121.64390807454055,55.84652535550778,42.258488179286026
188.021976817047,122.40183579009808,55.73877563985903,41.74677837042438
189.08966138225492,124.46510959678668,55.33517201809488,41.50067027692938
191.9032638941249,125.6961558362967,55.46845931918404,41.0877096681791
193.59477475314304,128.05378196349344,54.9256997757541,40.50097647201316
195.69513523343008,129.18040870678178,54.6371659146368,40.12216687410074
196.5682828235409,129.90527740994293,53.97773341771138,39.54394474182632
198.82273475225472,130.81064367934957,53.38288729191213,39.31209597014098
200.76330191659275,131.63487105361173,52.97285567777464,38.75627065429488
202.07074505635384,130.72037103656447,52.30507647489738,38.649133727406124
203.6772908688928,129.84916043799996,51.65754685963084,38.52457770972195
205.47166066879657,129.30815175734568,50.87785638930939,38.15566900558554
208.72369716260474,127.92118687976017,50.4647810976159,38.15492482200534
210.33328871979916,128.57561833534027,50.18315830312761,37.3778763668312
212.79566699283555,127.88384456549925,49.55059516983556,36.918330392070764
213.2867613975883,127.60853501564816,49.24855132597871,36.386415297780324
215.48542056219236,127.04090147006123,48.65592717249083,35.94398260849002
216.4375306172696,127.36562117640378,48.41162322482717,35.51340125902589
218.20024899706837,127.107541148572,47.866675242390286,35.415015909778425
219.29449638989712,128.16538958226735,47.68772745189571,34.86409868163181
220.28028357017203,128.52566208834085,47.33662850276103,34.52980717542998
221.8049964307255,130.10731696997777,46.45934075734684,34.312318697403924
221.29663200155125,130.30409311010428,45.71159772715314,33.8144935151391
222.577875544704,131.33000055163257,45.26793798383471,33.40597475463344
222.92350432654433,131.77212318144458,44.69260600786775,32.699663813790345
224.1836625838419,133.04680516227316,44.51886976022515,32.12804133200682
225.49643283096776,133.15406653614812,44.14839470710501,31.69489019263343
225.89772209589012,132.22345908643737,43.701133531462574,31.578311994558874
225.98822617923327,131.94681963425793,43.23573536228719,31.50452357141836
226.65024182769457,131.6221939315007,43.06099772648213,31.44097906371337
226.4774838694528,131.4014044652983,43.00069479316363,31.354044206941246
226.43864028554245,130.29064611297704,42.90532696783175,31.575891121315813
227.0594947121697,129.23466056685922,43.071350958929926,31.43923145145121
228.02913127940596,127.03821017303319,42.8607570046027,31.58767308688161
229.67915376588797,125.88495641438244,42.514255933082126,31.249500104152585
230.38117127181184,124.05750726132996,42.00192685146742,31.140064685281963
229.87089114240047,123.13966529329329,41.48887664714778,31.334212266336703
230.43473368960665,122.91088694415768,41.56198315010177,31.158050891239824
230.14071086001766,122.40660638643207,41.29611335632256,31.157999373939592
229.98366466808596,122.41291189600285,41.36471891448137,31.38664287819452
230.6130082684444,122.21883825571484,41.33255761651262,31.04806893160149
230.93821583484544,122.77651071851119,41.33505659055643,30.980509168934528
230.30509959989382,123.76217442058248,40.65889385019352,30.758196619223092
229.62956678772525,124.10126531608684,40.74413765999361,30.761610570916876
229.16508295833677,125.05694124023016,40.55810757421034,30.838387146321026
229.19876180164766,125.44167131712935,40.37479206866316,30.612964036570965
228.37566271291567,125.67309335047025,40.18309604484848,30.438994298025584
229.54127267362446,125.85759123859914,40.24652610588326,30.405010033808907
230.75938467049951,125.8591100634873,40.15828165772645,30.278267265138016
231.76906798881458,126.42047206561074,40.44017644611458,30.314501934368312
233.751887791444,126.57803853639035,40.0552193569538,30.146268618468067
233.15777082761355,126.47902882859535,39.732845565193315,30.015834254837497
232.12580010865832,126.55991590623248,39.12247274262096,29.945119277677176
229.69841292552468,126.40227338046893,38.95974337048497,30.137659619950952
225.81642622648707,126.16709516819866,38.92950013571716,30.309330195778585
223.10511455400064,126.64042499136667,38.772563677681006,30.262094029476437
219.57034123711415,126.47583037773144,38.48651233858408,29.86455869171774
216.3831339053065,126.67198136645035,38.33113803125214,29.590107472415248
213.53522551553527,126.08251389882386,38.10887209671374,29.297670756972412
209.83027482604356,125.64536804388068,38.27473918538347,29.213584330700808
207.98220403024294,126.27592075998803,38.68347576294664,28.750731779059386
206.2601401493114,125.71182619474284,38.69662427294811,28.53060424008563
204.45586289716894,126.22345641608257,38.63444556380837,28.493712393959996
204.50869985540874,126.37804179113552,38.218020328397174,28.523658038373895
202.95594234500936,126.55121038473496,38.409295465773106,28.297900168387116
202.09081140759275,126.58775175148625,38.2634223489605,28.482784877158608
202.11060682200176,126.7566872938785,37.99406082993976,28.45881304121255
202.71262896537888,126.42032944588314,37.665481101786916,28.842887016193067
201.61569495254685,126.35364720135168,38.13574039522746,28.629695318579955
203.14620867192005,126.98954521515155,37.994277442030956,28.687590104998463
202.92415265404586,126.32302199946456,37.724787709762566,28.780888058436652
203.35612604738827,126.46524078827902,37.95637715507232,28.734057959903204
204.4531745546058,127.1223681211859,38.020288143872165,28.605422529128198
205.75020210732995,126.81916558717613,38.134577736376094,28.898394873863957
206.09115322217082,125.7142868397953,38.13601599655872,28.76054928596875
205.65721853569332,124.92379036672203,38.27112929127048,29.032430875380072
206.40669958796877,125.36894914198002,38.37447116850059,28.79350870536107
206.72336164674118,124.629946870098,38.560614714720714,29.085075999941452
208.44410451870166,125.86309253458728,39.086776761708556,29.126266007556534
209.73958028346178,127.651536132112,39.17070835940087,28.914330661490865
210.18582494143027,128.57020634851406,39.86281186267773,28.789465051684772
211.0198017116549,131.50501365932217,40.405325899209046,29.05334719139055
211.52749965930076,134.11914044142515,40.3058323800923,29.358559966295978
211.01978268359056,136.50818412522116,40.26887611373163,29.316979060801113
210.7086352140701,138.84448371228643,40.68539012940596,29.348897251172495
209.2489970278153,140.64612833920057,40.859060794746995,29.42304315702743
208.99437963389545,142.28661356373146,40.866876038366726,29.542776138141477
209.70800529336609,142.8223453361937,40.6148384139979,29.465708802933783
209.04072423040216,143.21423367122395,40.392278309395955,29.404887300166813
210.4333345396218,143.51413244649694,40.08228576216948,29.426895894335196
213.16028115801214,142.8530518838887,39.33560211248598,29.646349037488385
214.28728535474556,142.57608961269685,39.39794084121151,29.91229639104647
215.28480692145686,141.40085539859342,39.1892198246407,30.49884713469826
216.75715989484974,142.6140191159243,39.326021799073814,30.641307274804625
217.10186827632367,142.92244470048436,39.71253610836105,30.68799813792628
217.99830469155143,142.62962553297194,39.975785580914575,30.884273362885672
219.73237620939526,141.55386635961162,40.23834637594592,31.02244742173402
219.23293737676,141.46996837502647,40.88126513242011,31.39572465191926
219.61751668945848,140.90778924837682,41.52883464594679,31.24723859064333
220.27453427357352,141.27042335303275,42.39831311907415,31.17760162551405
221.59655786790344,142.4045485343693,43.283752586603285,31.401562843117446
221.5987961320176,145.92884577591366,43.85267232388168,31.11334242924258
220.25426573610235,151.49288678962603,44.672630756894165,30.575475131126957
217.58848129297093,160.90200835626186,45.71339001180933,30.26191835344609
214.21355658679332,171.95673515237266,45.56669544451978,31.068253411737203
