167.5,69.5,24,127
160.520963296623,71.23487659996778,33.29831293159529,120.98208112108648
156.90955921576503,72.88923086346475,39.801907786407426,118.19552680609053
155.43679566163388,74.65254292065802,43.160787652362046,118.28740125547047
154.08762278952128,74.9278049080715,46.04515977605334,118.7219214619904
151.7510981187932,75.01980016246694,49.40766760692749,118.28123255341734
153.68572191847454,76.34422952809709,49.19071726594187,120.00096894544807
153.68817092191915,75.78994408218442,49.364186769490644,121.71571353140715
157.8012611149096,76.00711109996817,47.54850357207786,123.89681461928326
155.69028548746562,74.55945529760386,48.11433452667284,125.67195443865725
162.0346649552137,73.30502683234542,45.530403472036035,128.29831270998062
165.70091278134657,74.63985660721109,41.97165025713295,129.59589087120204
165.1203869815636,77.28986641662027,40.187959892358705,128.9994125312228
167.36173670475458,74.04537337863874,38.69885175457051,131.72081952851153
167.2686793626201,75.3370440235739,38.874161947721866,131.30764949947496
168.37930709718424,75.67876709908988,38.71652633065963,132.70407404927917
169.78325263377116,74.54629552594088,38.02428710341782,134.2021182655044
171.9466082095164,77.46515804274098,36.534852649086105,133.17080688241688
171.37330010792905,77.68467349360061,35.42490804980109,131.1604037101135
170.89686822125702,80.4128825122423,35.33608874533296,130.33571050727227
169.94280426759977,82.2657115010952,35.66172120167398,128.1507938730647
168.63671445125811,82.57895767357972,38.40544377032472,126.01275789654201
164.44818537937317,83.150551778277,43.23393724162452,124.4984885137275
156.18943297645092,86.6385991894303,51.05870828282057,121.34421585786379
161.68803753581727,83.82882736390269,57.12863592861426,115.70321377832818
166.04526032956954,85.14152604765772,58.956781436080405,110.96330301360132
173.21520431257886,84.57165811987727,52.960059821380135,114.62010701682152
176.6266018932359,84.22218267128962,49.18717472857807,116.66061339018549
177.32852657586471,80.12487048133812,46.1955304633799,119.74938802719909
171.82321854551867,78.10355103281404,48.17696790468719,117.01922600185344
166.6168172707548,75.48436907112647,51.04335607890977,113.32004605621003
172.53953630323352,75.3275702513677,47.49687583865939,115.72467953862306
172.89084093632238,74.03066754371108,45.808948746210575,115.38429825693011
174.12044229304476,75.64596729338312,45.01151184659335,114.57396824687433
177.09075825985767,77.17798969436336,40.915432906741934,118.40698813073539
180.46881281431342,77.88588590711399,39.00836144507775,121.22003653317603
181.60172601755806,78.01962428189927,37.257205470202415,123.06214530721081
182.61508054346243,73.37459547356812,36.470420968450114,126.6921286898643
182.79063562021258,76.9600878928837,37.18682630738911,125.10684817786279
183.16940886058367,75.09258283899189,37.394490026002984,125.59653820393561
183.8551034370472,74.90052906920545,37.76003362759252,125.00908758987919
184.05253201319815,77.1735320204521,38.60365608954845,123.86113724082216
185.68195596795164,76.23054970721924,38.487013418383725,124.54137429007841
186.16052954040904,76.01334980897069,38.24233734137435,124.50751534805775
186.35994579195582,76.30512312294674,38.343210033707734,124.0423205744896
186.60242109652037,77.5141545779669,39.09707508982372,122.68147788501506
186.98996505270378,77.07703637337933,38.96624293478876,123.1624879984806
187.60575734348748,77.58804385090102,38.77724158037891,123.07320306252979
189.4873125459883,73.74012366340907,37.86259614119761,125.54778432038721
187.5568234699584,76.267507320399,38.29950393498101,124.07463984538134
187.8405037664509,77.56518453470325,38.90743762204822,122.92650311963845
184.900898966645,75.81611001366375,40.43189849576888,122.21732193481927
183.1471445775074,77.25464411660724,42.60237948588191,118.7253511133851
179.70806107433432,75.90909704543563,46.42023159850551,115.36956787154253
174.9257769261199,73.15356343940593,50.640022310858384,112.41944390623377
170.81622042875046,75.07233461786849,56.83822170467568,106.76491665741716
165.84797371975168,75.77960427203203,62.52311438033314,100.19164112014722
160.16801363118617,76.62499976230654,67.39692482388264,94.96876758191995
156.40779839865073,76.68122349717862,72.73402546832057,87.7201239757012
161.44538107279868,77.43863642256854,71.69337073251248,85.99804246343379
174.29044987754833,78.85641755280756,63.28913705367725,97.98314079408124
181.42234809252048,80.25696712772564,58.703043527480474,104.85720205226508
180.28797126308783,77.01336881791843,57.73262162825556,105.48336427856896
179.74368426359766,80.1083816346611,57.18115749456837,107.07374893484801
178.14777511764487,83.49676704449303,54.18399139240047,111.85078632746445
176.67668546882038,86.11666559841605,50.33994489430356,115.77570689387377
176.57445210508266,86.3413507810275,46.773733816832134,119.37344947039281
170.21192470659926,87.83560586129798,50.09985711050304,118.4707292287514
158.90461136538738,88.6860351604119,56.776443059589376,117.85136019351182
155.85238371024295,88.80778382755742,60.00203455838532,116.26787927672417
158.05062335056414,86.73954133034455,58.026757460512705,118.09503523825194
160.68411666618556,85.73931366589775,54.62146635730029,121.28957473462602
164.16706087883492,87.72463729211147,51.20970705568932,120.7164303813685
168.76903336486058,85.72900432612374,46.65988825093536,121.49342452951521
171.62427666055163,88.21223291899072,42.50707809407017,121.69879990527417
172.72272772587814,82.91265732255744,39.50494308091746,124.33836209362414
168.8390041746109,83.66950488652998,39.85446339512184,123.54689257212056
169.45745944884277,86.69561530741888,40.656011432397236,122.50649824554051
171.09413443254383,85.22692909802242,47.31936705428956,120.72469914028555
173.88510694476466,86.20390628460393,51.55838112103443,120.12042864792852
175.58037819737933,86.23146264293419,55.8726230091156,118.32661065382507
176.8337462704559,85.59398974362226,55.92606180497911,117.619247826274
176.87613790889364,85.37002360790373,54.13184282673335,117.75394070209262
174.28174673270692,86.53118701158408,50.57742201595984,119.14338609817734
177.47333873079216,80.87337066694829,47.71329147895684,121.17992695242697
180.0177213240813,77.06613875866216,46.06288078456604,122.44232139110004
180.60764308742338,76.98336444207958,47.414882112236725,122.49018855822223
181.8587690548074,71.20546163102065,47.959293223351864,125.7270616470759
182.62935954392375,68.52041972655127,48.53829237512406,126.9722207962857
181.97500642254053,65.63514159416984,46.97179262423814,130.89201159435848
183.96304464448596,62.3469210735922,42.33464809849153,137.74781275104186
184.52233459365624,61.076900649229415,38.694367341081175,143.62844431517576
184.8107741573076,53.82510058543099,36.08899385571567,150.94347585070108
185.46825132068938,46.11771306206441,34.1846270185571,158.50593308737564
185.86040307359065,41.57924296743818,33.70360023041733,164.98372810260162
185.04238053136595,43.631257413905416,34.53172289198082,165.54394290778725
183.4726944814915,42.40015430291619,36.02339968876649,166.26143773068733
182.34107198048002,47.86211383314233,37.65156494931149,163.50837133136787
180.35110682254538,50.268095492775245,39.73940887850019,160.75416443605224
176.43667661041235,55.93427456091129,42.43154578439464,155.26222940692736
179.55035643754871,54.16725432000155,41.49540679509994,156.33458375440847
181.37939648311993,57.10166605004645,40.68458694069764,154.6686463989024
174.3554483870184,57.62576371125198,44.476453050198025,151.4062112407522
173.85149529206896,57.454213257895475,46.534756278556685,150.98431979116486
176.07076933590832,58.89178204560827,47.25165090556912,150.42617163758376
180.17414024786584,59.42838614151337,44.05100067635017,150.68161070167108
182.1291722437153,57.207161948040024,40.971670341534505,152.56271827974936
183.5843080102934,57.15069053757813,39.806092922109656,153.97379340105005
183.44431922581123,56.9305621407172,38.85922784924354,154.4293965402636
184.1850110108276,55.251209375774934,36.88271433631682,155.5539921916081
184.40627670895157,58.44189605479974,38.03562416225975,153.21693989373915
183.89769393483115,63.96950527009078,37.82085838172709,149.87698864455356
185.00339903093544,60.881119321867914,37.28167533375982,150.57824803642166
184.1264041725746,61.79406190024727,35.93915106389397,150.38354042425675
185.0362175595717,57.09137665378577,34.86049084835625,154.70041804684894
184.27945085914354,58.90787252487293,34.737279988424596,154.02051768765497
183.60160097577344,53.229406372296424,35.31557955956616,156.46709919324744
184.70668597128488,52.75463789304251,35.50716823935016,157.77213991948406
184.90934685604321,54.47887975023332,35.757687403156396,156.57452118770743
184.16203546059066,55.50814110830346,36.08650556950403,156.23088787872504
184.52693595370695,56.209651992472345,36.5297711993298,155.6857307882933
185.00251184583556,58.368160510535375,36.278002793101436,155.6199888147283
186.29545616335804,54.161820503302835,36.37756328143907,156.94544959091212
186.50312909821758,51.09917760556263,37.14498575659909,158.59773390629
185.5083853776269,55.548529740784176,38.95606856855002,156.22245187705784
185.51359595395957,54.53755286726981,38.37187140918605,157.5664294330427
186.28747801887977,57.75466702178517,38.22024070219723,156.2057260759468
185.19938754791553,65.9135386743381,39.27015206519193,149.9325870722936
185.19347926584342,64.33491465810837,38.735641515230974,148.26711648445274
185.0653704397256,66.56951260291235,39.59573522175356,144.85754812780377
183.19640279066186,65.46992415581703,40.50086798577764,143.66913461366923
177.9248321222132,67.31442599396345,44.49210130647013,138.2408920791534
174.78264410955458,67.98189857954276,49.53932737794521,133.64649885654217
174.9701605234523,71.15469314674172,49.85229707690986,133.10684033661568
180.03046327437792,70.83113637450413,46.43875429631108,136.95540232164262
181.88202721907464,70.72886019779449,44.25502616907123,138.6526099523141
181.2119029596515,67.94778979088244,43.93639409652501,140.94723439155018
178.62376414226065,69.43458670416153,45.59946071942012,138.452220622613
174.97756964739298,73.7241320023383,46.99520273268452,135.01935833970552
176.0447325232541,71.99441743386393,47.24735778922031,134.06134086334248
172.75725162801044,72.18550932894465,48.08217151223327,133.5642418512515
172.91920857976305,71.17109617224938,48.581695180253604,134.19699470406312
172.18877921077134,69.54541119320521,50.82515396344119,133.97375385663997
168.35596618563227,72.24860403101206,54.785533803621064,131.30442086008816
161.68051692319506,71.06389212680465,60.95717827347231,125.80075392448444
156.80767639352615,77.83951117086957,68.01102702880928,119.26283151399741
162.87984236310945,83.12737971750266,66.18737952262606,118.85027381831424
154.47747441599392,87.17955055496009,70.99344007048265,113.39507035560335
154.22138605733647,94.90498455379827,71.80953860653071,109.78720563093725
161.60888922750888,94.8979894717117,67.85258837275333,108.54963784890526
164.55885514437472,88.74714772882929,64.85660174661743,112.14471733076383
166.0895606764288,88.0935190804402,67.11314045439045,113.56888182924936
167.12396067339301,83.36224299019891,66.99967178599296,117.55508847063894
170.83849734344,81.71651916565509,67.84729751206112,117.51837011173097
171.41847300066857,76.29790510893697,66.67002637119474,122.32756449179928
173.5393066940216,70.63781963681659,64.94560713817523,130.33244689233888
176.84979835157057,65.08342811527687,63.69655394545278,136.6848388869869
177.80396893868652,62.00928690184017,61.76085297080763,142.1830611966156
178.91985641094078,60.78003936794897,59.89931478071654,145.07513117933024
180.94913602433107,63.652482229384546,58.9623423535575,144.00367160773473
180.77575861537747,64.39019235363561,60.29648393456054,143.51394213176602
179.99217495003708,63.720377294104125,62.05153520856065,142.741356493459
180.68618329660262,64.08934785908292,66.14107283671862,140.6349820072163
181.40981196549188,62.93778492464732,70.92638137876187,139.65412083079943
180.27285584899118,67.5226506025258,75.79420049118832,135.43812530344212
178.7002332198481,70.36553684396924,82.63481070156192,128.4554668533006
175.3857718197036,77.64038865366236,86.7192317203873,120.28334244610309
174.46066994350528,84.78341245772864,87.71919220238675,113.37335866167047
172.89266577211026,89.60969281279951,88.35111166654517,107.12365477831096
174.3067971049678,92.09787211945621,91.8665985239929,100.84438857889982
176.43506696947608,96.65418909397599,97.44339753246419,94.93250498081245
176.00512366334263,97.80114246827073,99.05846927198938,94.99514987940924
177.0776787860225,101.23581094386213,95.23376117201542,97.62881223395152
179.4453921161182,101.77512447456584,90.50700068910423,100.34883233784257
181.59462331707198,102.00955778483366,85.1630173855167,102.1450297183903
182.23007518362218,99.01473129369077,78.50016590613944,106.36516051058209
185.9742802642184,91.43608449064924,72.77924529744485,113.0414236524928
190.74205138516396,87.53453431401748,67.68225591199906,118.13586006532663
194.04407576273246,83.28035676991115,63.70922770282155,124.47035221942673
195.92038631494214,77.11797116737003,59.74525702169052,129.6109670066623
201.05276313102937,74.41836303465925,56.59427721230047,134.4577785703741
204.82984648617304,68.24710416181682,53.42567292190451,139.83335257521424
208.8277113465918,63.37897576391347,50.80077898216436,145.1852833898808
211.5765331688428,58.352725512073135,46.03718954546426,149.94289396665107
214.4687924520253,56.33484489133605,42.628758167819896,153.65749325253023
217.05021763521273,58.2142794225264,40.321281184013415,153.3510820949652
218.0844540243002,60.16577272515434,38.30315281712222,151.76133434888595
217.77799002709085,58.24766287076082,36.88242206863624,152.4070831237588
218.34659109427227,60.606746116467036,36.134912151384995,150.9013108698647
218.37479956196478,63.22961276726065,36.26947636567341,147.98945966170703
218.12614339647288,68.46340705905082,36.60278982461551,143.5109758258989
217.976041937197,74.05386069349375,37.73602201333941,139.45934435581066
215.8488184788473,80.8672391966823,38.54241247061191,133.57618151905024
215.47190032693229,83.49875634075643,38.65354500285078,128.82690779761342
214.8807581143705,84.20812606887152,39.36741321398505,126.61960407660891
213.6241568783841,82.86051212425615,40.024981592673285,126.06432461110333
211.9827957083487,85.23227245029531,41.095459898930585,124.45558245862827
211.3331747623139,82.91043805851712,41.87363572139724,125.27319285442832
208.78575901844079,81.9174630923718,43.56918093900186,126.22345510170612
205.90024478520203,83.88778269797467,44.55349008327479,125.29247661132558
203.99329364315247,82.49307988828632,45.64109308148524,126.12971281236733
202.1526538224042,83.33199836524985,45.937760639546696,126.34628515733706
199.46939991058062,81.38075698772214,45.94440708929251,127.24183613062368
197.27056585808882,81.8623849745233,45.69421228305173,126.107209397415
195.99210198933463,80.61980902789684,45.045739315222605,126.5954988791689
196.5182959254352,80.77835526295783,43.42508391877903,127.62871280076291
194.76631664578485,80.18577983971579,43.81360306310174,127.0231640460736
194.1262776831717,78.67378699637761,43.71670271016792,128.17856331173707
195.11504333743505,77.5901297798123,42.33843655981765,129.80593649358977
195.61374078535187,77.29453602209992,40.976470152238576,130.63557404446738
197.19067110361001,76.45970111233525,38.74354782872963,131.63612826102658
195.90872466286464,75.82634878338007,37.3483540536499,132.3660429652283
194.63830509688356,75.61479587821347,36.626216777607354,132.2038531579811
194.57272008819248,74.63423942794866,35.61211358637132,133.0688763377847
193.136680624557,74.4334599087145,35.63007845800877,133.56943723091115
192.3858212681856,75.37711561303836,35.615247583501784,133.31081487293787
192.44862838324298,74.37630665147947,35.1410495955097,132.82584050327
191.68420852461202,75.04370154634319,34.57950387575989,133.3890839748417
191.3835281906298,74.59818435484942,34.4256331632617,134.15516346364416
188.8950816863353,73.65864368490163,35.278377326178074,135.14312532340668
186.83029563967895,75.66264662090491,36.42412564324565,134.35800172221312
187.49276182665432,73.24062188189819,37.51934044985215,134.94131473477245
184.57742397278193,78.02097239015393,38.859999697178225,132.94308129333422
183.51186128911752,77.44799918405612,38.98280377925925,131.58664995704046
182.92840183090945,77.58754558825689,39.243679583397395,131.01336295694466
181.54863779201767,79.76911943826565,40.17380306866694,129.35019050907863
180.37784255525952,80.06621048393507,40.86570911301453,128.1162910176658
179.7281585071522,80.30677369785084,41.060905813927356,127.46716563518049
179.83233277608292,82.67286178923422,40.7443101226049,125.71261601453229
179.34460293208465,81.84941036849904,41.37917575733305,124.87178596873457
178.80020186426492,84.06890591932043,41.70902712307124,123.4411182981068
177.84061278410053,84.34050873123789,41.78098557781837,123.01413006397466
179.42194110201396,85.41893694912645,40.556827439000756,122.89299564548577
180.63413518263636,87.37556445564509,39.41662111102319,121.27993584958105
180.17480957262896,84.74440302080508,38.93913402060552,120.8390683925704
181.033790667974,86.12966542908893,39.11793110153716,120.2648576724535
179.44541078651446,86.61279639791465,39.47198941029367,119.29010956820565
180.7768604421484,87.11780387437324,41.30180974929428,118.74508940345834
179.9694530452609,86.49752769971998,42.39512562453599,119.29068145661083
181.15762113079742,87.58721449436712,43.93118302340924,119.22301221683438
181.30004003013457,89.38597640598138,44.67702969586533,118.62363254338612
180.43679050805298,89.0818356259317,45.55360524855052,118.72071635768546
179.79115940195766,88.80738613542904,46.04226785184298,119.11083389962485
179.98132099394775,88.60349641767809,46.194903413819276,119.38353711032283
181.77250356375805,86.95912890574199,47.0102710088788,119.12688248194283
185.80436764865888,87.21492030936432,47.5310298004419,118.82598851902132
187.47880836459353,87.53719991391961,48.81241932651939,117.87669689781093
184.65315267205514,86.8926465623388,53.43456806625619,114.19148461980188
181.4967661363819,85.97696929971109,59.33130950875558,109.32839353501092
179.86167216962352,86.1596909333282,61.540852458027004,105.77805189131183
185.33872853080246,87.84274263064151,56.67101927287007,109.93317204175968
189.91137532000536,88.4141917733065,51.33121523456437,112.65699371759608
188.428950522422,87.45695360431912,46.96261546602254,114.54071923888291
193.31121585391568,85.70482876755959,45.313531847407795,115.95141489247399
196.11189699887365,83.4833339949128,46.032710939327785,117.01659825109155
191.9651423878892,81.92800285039343,49.98089278397737,115.4382532578732
190.11003551406316,82.59494658707828,54.3252002930735,114.84872945008426
188.08440797813404,79.87041340470856,55.67470198701735,118.17373661453684
185.99816190605972,79.6202782507101,58.064311083108386,117.95711098461413
185.03167838632416,76.27176811448656,58.988894014036134,120.46457418156072
186.05712724296643,74.74153969148823,58.74400547414487,121.40000742411806
185.19274677573705,74.0107701237717,58.13327671019355,121.17185811541353
183.29516444578036,76.39405372868359,57.27038844881179,120.43968660032242
183.9605093379434,75.28681868281522,57.80183014088801,120.29643870118392
184.17827300611222,74.85712649430461,57.852608607610875,120.78019129877285
185.2620687950796,76.98446449209877,57.15749792281117,119.62831018881992
186.53007017311418,77.64342888677301,56.08259359928293,120.37577079423156
187.68582348766915,79.36582775011215,55.080895582042814,121.19459916618611
187.6340768129113,80.60072023460725,55.93380021648201,119.46044840492141
186.38957524337982,80.09812884631243,56.888436271041826,119.73088973215496
185.10440554500175,82.51743934057636,55.56645002807324,119.85093029987101
183.73112471395092,81.59793316525673,57.85480375508004,117.49188881368777
181.8662212581867,84.94766619096453,57.223942484235465,115.97019528424481
183.41078773966493,83.67946168466234,57.13779833658664,114.4020949432115
187.07295278407366,85.51614510175271,52.065290957806354,115.18190651479247
190.78040507918286,82.83396529547613,47.07603267267222,116.56527261805303
190.40127813667186,83.63956366148133,45.63735281135631,115.99184079292587
188.14457700274826,81.6362368378875,48.17487660210696,112.66875773051882
183.1398967437125,84.35021462389216,54.7286895489962,105.22375379959226
180.48192029492992,85.80330313997784,59.71445140056189,102.75593695185196
180.71935066738394,88.46683872366728,62.260267745345,103.30683171159713
181.70586670565106,87.49959244738727,58.16731040826693,107.3046403709534
182.75249579973922,86.94150900501165,52.67979300568935,110.70664991279386
186.74990795671408,86.32686222928595,47.678861361417376,113.53911838909573
188.63673094517355,85.17917999628446,44.177457006707954,115.50364503909873
190.17937377980252,83.80447601822078,40.91230170055678,116.80685870411128
191.41985057731037,83.57992587450858,38.49810195492825,117.6142541341863
193.52622065516886,82.03033793120915,36.68706134221053,117.98238215205652
194.56444697615603,80.06402843216772,35.325152996500854,118.48871612168173
195.35649054778958,80.14160305734126,34.054209374781074,119.36032542293226
194.47644217875202,79.42031345454629,33.9249219623511,119.34301473975876
195.78405299385167,77.88253101703489,33.493201575743086,120.46859697165411
194.21300707434577,79.14907316102372,34.29305522696501,119.77558328895446
195.99405641185967,77.01137574905502,34.86761998882686,121.32327692575808
194.17391313518485,78.4948779312852,36.07591782605099,119.85565636848004
193.8347692817914,78.89439170815835,37.40010929899316,119.04608534353147
194.5754437976184,78.76947069746265,38.321660724721355,119.22511008808745
196.9556475701059,78.93482834758285,39.43985806866238,119.78179338842534
196.27839229055527,77.66294617413219,40.318744006849165,120.55759003436842
198.41508390949008,79.3929281283741,40.10733481759402,120.38303414590413
197.83587954915518,78.30573476583658,41.14895919663053,121.33452954026016
198.99229517557708,79.2688798372951,40.863473124298174,121.82895520621153
201.3126102112006,77.14304928181582,40.06167018622992,122.59919889964387
202.02491066214307,78.01807319172718,39.20721131506089,122.37150222556545
204.74819252585806,77.61409473360085,38.11956863865627,121.79923515233142
205.18416100986917,79.14306158348978,37.132499517599825,121.03064790908127
205.61808582322635,79.14885817898636,37.17038597963824,119.8875315857639
206.72182447797297,75.73654506476802,36.2839504925785,119.99115428179088
208.87051642426553,78.76844157747894,35.66737490573372,119.49159646678777
208.51686943723058,76.40288111470332,35.02081648856061,120.837077724828
209.81448948425523,77.60368659315337,34.30969149441824,120.50504350819281
209.8649621404428,77.41618093674201,34.566304164249445,121.1288661553871
209.81144938368382,77.9403070556137,34.88096865672554,120.62818289452284
209.9874330824533,76.30511242668057,35.16318192420279,121.03907269789082
211.2098135084693,77.33348013674701,36.15253695885901,120.97427622638921
211.3179691513246,75.97431548245494,36.64965220350958,122.59770814556143
211.0443949119027,76.50939945065348,37.53137782554566,122.28986394630883
209.79541735221972,76.93749907045293,38.46545905784957,122.17418285942371
208.3032262782963,77.68245633068847,40.47666949472836,121.72978387621458
207.0708930910798,77.72262022071045,41.94567163023163,121.42700715112514
208.43362018169864,78.03032259267349,41.94323299579261,120.72583034734122
210.47655712355518,77.42937098815182,40.94334739523692,120.66103734170866
216.10747785637037,75.27478593263987,37.758723031657304,122.10832738872193
219.26122734153762,76.88852685468521,34.11988231785358,120.84166776924826
219.0037031647664,74.05255065435733,32.93748194092729,122.44119385078169
215.58971951186493,75.67162994895423,35.02916308340015,121.6539756321476
216.3993699433866,75.72752172053933,35.92607134587557,121.96525059880405
219.74120290161449,74.92925162683841,37.60349704318932,122.09229227107683
221.22391108023893,77.61187972074882,41.55624160131522,120.51849349788306
219.80643625464646,77.83313093495639,48.146302231580385,118.09370366254655
217.4858665351574,76.38027054122561,53.87254959311246,116.06386803826493
215.58912638969477,75.41193605780941,59.18790538471677,115.3730252653665
214.1514431629535,76.4227006857626,64.05150194741404,115.7143426223904
213.71345144901363,76.94811408907125,69.09451904762659,115.8158229685212
213.6372173628109,76.94896296617989,70.9686584436725,115.96342012711904
218.53822253531408,75.77440988088992,70.24713344259924,118.14033788157558
221.5700870211484,76.48234107545153,69.19550898219161,118.19390033624052
219.16258622055136,77.83481874948559,70.38072552250313,117.67526791564737
217.153546298585,77.94912420490243,70.50237439719754,117.49938315064743
215.32293531101615,80.6209683006941,71.42504475566652,114.97741627444799
213.2479833109722,82.09396111332904,70.13112780238532,114.6058468097616
210.25921558347756,84.69420706135675,70.8080183828018,113.75775044822157
209.1400944294002,85.14081794077106,70.80544409778639,114.07372776032344
208.83788231491837,85.38106147433793,68.54760369357132,114.36536033449372
211.93174044632644,85.74378573020935,66.63133795031692,112.36753170914918
218.83585316832617,87.46162758780984,63.92059041922032,111.97762865267012
226.19066008439106,90.2162360653359,60.23096750811105,110.32984854149007
234.1290454716193,93.16263763025728,56.028507417858705,108.38815148311947
236.58138269045514,92.50616658874524,53.47141675093897,108.16986609669928
237.2410595125026,93.3297287509252,51.73521578843312,107.16861192147496
237.7689035958505,93.72296804937672,52.05351672696194,106.33296845940598
238.4176860895113,94.49947565826699,53.82671508917342,105.34860974577963
238.51906968681354,95.5251491976643,55.28963903188281,104.87137281732223
237.01710719745398,96.40160247218041,55.81447665784923,105.45322860311362
236.46904821550993,95.65743798138725,54.305242458422505,105.82192104905542
235.59207785795968,96.7857869853579,52.148785643921,105.77586204105306
235.10307907746625,96.02738002747387,51.81051178061434,106.29469601783724
232.71070802720396,97.25619496859898,51.52441733710205,106.65551014918258
231.2397099312074,97.31587323011856,53.15162959831669,105.13469023674676
227.74961806781116,98.33504029764788,53.304585732640874,104.73484105652209
225.83737712143815,97.19698518136299,52.15469714580313,104.43915129557686
221.48035135176957,94.10899513279878,52.579642316121735,105.39356519244895
217.68717087365556,94.25199429197215,52.345471904094154,106.31504825837953
214.75543953084113,90.76576840858112,51.84206609378187,108.12328732145676
212.49281653653844,88.93465913833485,50.93427003297927,111.08638683052001
210.9329975591665,84.3504783832614,49.832890627035916,114.81957196813883
210.08892690786212,84.79461252165302,48.118505074175886,117.32849712320984
210.79429124356193,81.04599447035756,45.68108663493878,120.22038320825317
209.6696546564312,83.39650904110799,44.26854464272685,119.60931893339048
209.46138377555135,82.37071061751693,42.370011722250794,119.86609976342172
208.4563217845849,78.88660795206594,40.438519884252706,121.98160676821286
207.2684321058427,82.7127517718173,39.79325546427131,120.8339115473808
206.0191670897328,73.620173786077,38.08931948544372,126.00005602136383
204.59413187225772,76.52155852762738,38.52379510418598,126.04281323351456
202.2905241525505,78.00860766773295,38.95246745278014,125.33058700644979
198.94346869397978,77.19179585802289,40.3993750198544,125.80630385516372
196.6301825996699,71.76017461875426,41.1149862957697,129.6270415462559
193.54271905915448,74.94003477865176,42.67938824557498,128.38589536891695
188.88133362544124,74.57641930647492,45.145933622431365,128.30905142980964
185.21748972367055,72.57714989345772,47.90731674228742,128.9386189080352
181.87219990710315,73.17640320003684,50.88639883017993,128.47206746550836
179.08928296566503,75.63843745495156,53.32408677990494,126.30997662825584
176.46427183508396,77.28318102942875,55.798975192876775,124.92797675251771
174.83087659999725,80.06954723377024,57.176197691820626,122.52279395397267
175.3296133137102,80.89326875625457,56.78980139423555,121.39431651092508
176.68202557362895,82.7250280680296,53.75406753282434,119.73882877879348
177.7228940921441,84.46499667118638,51.57770804770736,118.45392273855657
176.92090850004877,84.33140091608215,48.92572735048927,117.5686421103602
175.0880510282343,83.38915759515587,46.88687200069168,117.24892896125817
177.2381437316685,83.92115386706811,42.47198470436804,116.7819361818761
168.86206869304266,85.44640763996094,43.58451686169779,114.93799473144263
159.99572085949308,84.50429895825356,47.04675907573301,110.85751473386497
158.22686898187973,88.09099146973328,48.68185503238334,111.87801360677955
158.75289885926227,88.11562897544422,48.81243940641771,111.20940067898346
161.65474844099927,89.97478892709239,45.444335516915274,110.94761897606556
168.00557629699716,91.44754879166113,39.794780940173375,111.01057383532222
170.6051078362283,91.77368012355582,36.34190578704984,109.85821693658946
170.32525624336887,92.89241779495539,34.59938123724932,109.48767231698062
169.5089521224682,92.4393483361778,33.362067317948316,108.66304315000974
170.29945319365657,91.62372150702079,34.4430384135629,109.41528899200907
169.15233053376267,91.99754824540813,38.13407030389976,108.44672247757666
166.9205240169353,90.42385388495201,40.631361511573346,108.61234020620984
167.14392953406008,90.2877019394185,43.75683183795004,106.93169528860682
167.24648481751518,91.03141670178938,46.30063503599341,105.44841261592993
168.1744891038387,89.95792221226634,48.79104102938642,104.02430255208355
169.46937089056885,90.1702197350148,51.302972993493235,103.32958479969653
167.67686369710256,89.81168458138815,51.95493770162334,104.0006274316788
167.28456652732353,88.99148230199106,51.682964968313065,105.83605920774193
166.7572643286269,87.35152453150258,51.24443629762165,107.16241678057925
166.338147731341,87.5842168329047,49.54810022873514,107.28998365434893
167.49296806879835,88.23267786363786,47.051702406508326,108.7420461681542
169.947667964447,87.24127449051163,44.72128234581708,111.18743210513773
171.3799979388953,87.55255696617056,43.19482678077061,112.38413847988495
172.63650768631373,87.90167026320434,41.220473891883074,112.03479748161587
173.59241045027545,88.25006986839739,40.98080097523436,110.82321101451208
173.7256636466858,87.70213232924853,39.46729329209234,110.36351251016058
174.5314080428363,87.36103260376798,36.2003161279423,111.84319594177734
174.6697500769784,87.73771278226005,34.388032231891685,112.09049552742016
176.71499234571115,86.55831003901511,32.98219549296437,112.9803619479768
176.87159843297817,81.21620220007759,31.944693424326335,115.58660807476542
178.36908968467003,81.6782170341849,31.133999899519253,115.85262996218435
178.85110623249278,80.16638139522775,30.672421561564164,117.22574598706979
178.8121944370431,78.81164159559776,30.2475575790306,119.38780997220165
179.28233725300055,76.62287478581976,29.59367503687745,121.52478210646711
179.46644492516884,75.0085244720245,29.48100140458658,123.83055326828689
179.4450254097876,72.75623204598128,29.749655508004693,125.52736739130842
179.9012946085152,73.21063852846001,29.945620809852166,125.4845315348295
179.17457797872643,71.9069315443617,30.6003099273742,126.0202105977832
177.8915881799919,73.68070215511415,31.56426926117139,126.17476703062096
178.75152117322006,73.6498484515484,31.71187222784775,126.25586039398024
178.82748918862123,72.40914978539683,31.872238875868845,126.39993620643166
178.18417444865483,73.28049769070772,32.3331779075175,125.74009585883786
178.99972461337438,73.43495293493837,32.258974860678784,126.01316404907988
180.05263525010395,72.95621605411857,31.484860111114926,125.56066407014177
180.71016255910388,72.12914409670856,31.494107331989902,126.57154893649988
182.1021670814153,72.35050920526729,31.02019884278693,128.0699549603416
184.81347996467602,72.38775028872868,29.95094565011808,128.89839417203132
185.70376163422762,72.3269643092865,29.369368245272348,128.05328625983338
186.77986128444724,72.24228283172744,29.999041217324603,127.76293951102923
187.80847520522906,74.06909250731101,32.05377712469285,125.85758900255922
187.8603286552272,73.26270397998792,33.19195946305412,125.22041779403709
188.26156505857568,75.49067777459825,34.14469300286896,124.71939240406567
187.31886649411982,75.31914744142581,35.13083169700822,123.0776292474354
186.51340566496407,75.17430470710774,34.520610348041245,122.85276403018898
186.98670287824737,75.16706042671697,32.01721102607364,123.99133861334751
189.03622746513986,75.75998951380556,31.31984542124312,124.64202471445415
188.07572077943192,74.00752274791007,31.33126926362153,125.90856303216432
188.1031699593046,72.7350528842783,30.87557958665166,126.7576513142298
189.3029646630383,73.72287787031874,31.005633237961142,125.92508050379291
190.00672429569414,73.81316022797515,31.871649462685475,125.83138340406067
190.7739093951718,75.31684123354825,32.31297487377653,125.4270709095923
189.49277232758084,72.8705708793755,31.334006409471144,126.5669158190639
191.25572488565516,73.64426933646553,30.753534909960724,126.223119073112
192.61809030954024,73.82943314833636,30.256645916286026,126.99952056104176
193.8096016415568,72.71862261568975,29.860253572801867,127.25558822343429
194.72674078843798,72.90554288577334,29.414502791589875,127.83322175381613
194.99544153646275,72.38163230789102,29.090859674761276,128.43717015977532
196.17452428980314,71.1082154311978,28.530530591000723,129.53553737377882
196.7773974850946,72.14740721024661,29.056868593919116,129.09218849604773
197.24018940171044,70.5937813320496,29.430352138731585,129.08660389151035
196.36634036087514,70.82586105414705,30.955891207250023,129.46782391909431
198.02971051639813,69.62210661230368,30.71683505071454,130.0266675653543
198.71326351472734,69.04992613084858,30.857508294664317,131.57242030268048
199.00276056013928,69.75128124674723,30.721274194532594,132.0810001204361
200.0409728478253,68.92491989131426,31.122771105061496,131.9328964009813
200.73877072969282,71.11097112787473,30.469500408846542,130.9908824479104
202.318394266768,69.83311218926639,30.008684349710848,131.27868984462782
201.96025237966919,70.86582442399305,30.513029876823843,130.98886509326837
203.4463182810239,69.36896761849827,30.08677958389528,131.36467284907908
204.2582066407425,69.73623992056307,30.017486039735818,131.2959968848955
205.16300908709783,68.87271691810713,29.856656009314555,131.75706693765892
205.48062401792453,70.38617410490042,29.577657181463227,131.3867852258918
206.9648550519537,69.01277572302205,29.663906455262797,131.53012263143322
207.4179407259026,69.25699644711275,29.422850702228885,131.7621247300238
208.21730649361052,67.92741038225167,29.43490500875484,133.51041957235813
208.69911715394852,67.74552218801642,29.50025536013697,133.04894074566062
209.78290495767004,67.21277118963437,29.018089894638848,133.7891221111591
209.0828200123328,68.38206076259864,29.171044752735803,132.67520097762068
209.94742195560147,68.68950103777355,29.17382548152437,132.9390896461925
210.0376913583802,67.2177114866977,29.06196793840047,133.65233112856274
210.256152359283,69.16486663179779,28.83605363596523,132.97829123364147
211.85551019845036,66.67733592460957,28.831009899387738,134.58185454010777
212.07042424920508,68.91345312315131,28.72626737822722,133.8292654047888
212.61804672112922,67.38641216677925,29.094297866965626,133.72868518526974
211.79199439922235,68.58542347388496,29.725665578024888,132.7557402478314
211.3826747952186,68.50270785924852,30.086146114176408,133.09963873591528
212.0626027162187,69.22503874611432,30.099238441884467,132.71565270242567
211.00623080311922,68.03877497198474,30.53109778760703,132.69069952444278
210.5688938582596,67.98294756061858,31.518120889495933,133.00863891488882
206.67349411716964,68.9842715973128,34.43823860898057,131.34673944961273
201.32593104670838,70.94131527831024,39.36375625228344,130.2149795011768
193.46665982791347,69.93487042016915,46.02032702544453,129.15333623177173
186.00292834543126,69.5268213810022,53.90073188494021,126.47023301234563
177.77920022514533,72.95548255842738,62.863627635857554,121.51208391723037
170.27400264960903,74.02891277266944,71.34267408163839,116.17110236638601
166.17465048263648,75.14688156572137,76.34968034124267,112.22014805760303
189.4128004769671,73.37619311707815,64.73454444559897,119.55063704595392
196.388450147885,71.85147374520677,54.469777839587806,123.60177201867768
198.26464235680749,70.15934001365238,48.92787816486109,124.35139187398312
191.63216496426756,68.41112701659692,50.50630569774371,121.2905878723665
184.04408532207893,66.97808877536784,55.555070305912466,116.1617088151213
190.12567762285204,69.87081375624824,53.3576163714805,118.52756977407583
186.31291087637618,65.58892244018796,55.02198062157336,120.32231325214367
184.6297739712992,62.24647940463671,55.978696135523705,122.88556483990875
190.21471604178677,58.60386997691165,52.88377651786394,129.6117867795416
196.0594432988821,54.463877932382616,47.55169953281762,137.52621948629644
202.2321399826037,52.29102803057323,42.66667527548177,144.494334117262
206.6384842544311,52.47581174594981,38.34881352549768,146.3733275919654
210.08125751278848,54.88501310071182,35.0759355230346,145.8632353911694
212.23089403959472,52.20381312862199,32.77615416101151,148.29816393604182
212.57881565664164,51.210999611001796,31.53036104250298,149.4912271752388
212.76144626358493,51.98643468610611,30.69711676158075,149.63547712123685
213.61713875893497,53.908871083990846,30.933371951468423,148.34916183584335
213.55128469387196,56.59579129299934,31.01170614503072,145.78174317457075
213.65893730284404,55.54316679398448,30.757672496219328,145.7528123420493
214.8506079374796,58.775284548925725,32.22268675864074,142.11462282215706
215.40875155175956,60.68877904495096,32.78862082353019,139.7603754339579
214.08757954377583,56.76729560539445,33.24764026407346,140.78506018569055
215.2798824952394,61.86653457714053,35.54563867404306,136.34179311866325
214.1475766039249,64.39943830055648,36.339444334845865,133.5851273077261
215.47730631249848,72.0934470022294,37.38957463747107,128.60224124440714
214.56774023135617,69.9382999992938,38.361562434445034,126.6294565797766
214.0183764769401,71.9422721442815,39.9248779595488,124.33492135600147
213.67674206980422,71.10732537488005,39.75569294596258,123.99274781526032
213.785841720657,68.99155142821009,39.28023391773263,124.65094480222817
213.0986000670418,68.12389624157369,38.99713041199007,125.53936633530245
212.71648845206357,65.02083709507039,39.24701741357582,125.68227461778046
213.24704461078844,67.99952053519937,39.20099854190397,124.02011809900324
212.4535092411197,65.32289533441995,38.22795060600954,124.588685273023
211.95847811067722,65.44773565595568,37.585125265042024,125.21815263639076
211.76092133705512,65.00110887966895,36.93214132102189,125.37363908863007
212.96081602541926,68.54860136753919,36.95499798997842,124.38946868427018
210.9598719761779,70.08794915956054,37.553558384985195,123.12435635504163
211.45352880001133,70.03816273447035,38.997220174482635,121.30900470284928
210.32891120986,76.64427109009988,39.78279141912404,116.89435631281825
211.01118394887175,74.43122165617484,39.444786578116776,117.86898885872313
209.50257912147993,74.08266719580004,39.64055625143989,116.53048972626533
210.3878743714335,75.9668094390525,40.56851836002275,114.0645691122885
210.28881032564573,77.49218662694544,41.30746681178196,110.35976551880165
209.48717544671456,77.15758791176287,40.73758102345599,109.40984819258263
210.4573067754736,77.8109072573536,39.790819433099465,108.89863467802164
210.45013991458748,77.3736879145996,38.108152055285196,109.4880823674073
211.83785792257584,77.15545355992526,36.35631983626739,110.36252845035598
211.46130090446795,75.22773313671806,35.73420332171719,110.74034178097753
211.5187243471681,73.81806424652484,36.334066552703284,109.80441766332319
212.95309268432823,74.13153180572645,36.276169769816775,109.82553195907784
211.9120219750134,73.92475344322642,37.28089512609138,108.25783815955704
209.4576783312402,72.85531869251233,37.96804720779672,108.16419494850659
208.5195956161559,72.4293725161416,39.50385718208993,107.30969978141161
208.65822750855455,73.89969701270671,41.58591213050798,105.6056491607408
208.03866320986978,68.20548247340894,41.12243857982145,107.8760047758964
208.79407929164617,66.06662194905974,41.076759752793656,108.79058261895209
206.5971490549474,66.65800595321383,42.47219808034763,106.74912917677933
203.26548735798033,64.30374413171265,45.237396779457576,103.74649168315447
203.08939169098775,63.29853319159786,46.50766313852438,100.11862077392483
201.83987964630506,59.046723703792324,46.85578471820044,100.85820118676125
199.58364390288622,58.40138226222095,46.28249990315821,102.60483978389135
202.16560397390177,57.00979301501019,42.748889938930176,108.56548324031849
203.77191733998114,55.254331182580856,39.782534340194275,117.35396952343277
204.34591315912093,56.818909904106185,36.72248792476931,125.77131705474734
205.3191275518185,56.40965116287832,35.2756124323639,134.22266992538667
208.81572915397933,49.9110310903846,33.822277106002446,143.58244936175595
210.3656433997534,49.95416158519136,32.20789089522367,148.8557221589161
211.97651085020544,47.428506417916466,31.8400104121205,152.59983826052522
211.57501318669685,51.92289721560428,33.681521187707915,150.3212069070014
210.88666025970144,48.33535160243494,33.62503300044661,151.20984297892113
211.12507587530695,53.70068951359791,34.90318376386451,147.75783460654637
209.6393059323293,50.00638114181295,36.40923605044689,147.11586701478913
208.497559000713,51.08827548725364,38.37278541275635,144.980065601043
209.09657055899783,56.315522249856286,38.9519316429961,143.0914080285965
207.79215630027127,53.23695970279704,38.75058664894409,144.435451381382
207.13015196364225,50.81157740473313,38.91963111359924,144.41552753909428
206.70924535150147,50.330220300826824,39.539706118619634,144.13658150959458
205.33063606880137,50.69316491916891,40.18597111460761,144.3517027480691
205.7150821353237,55.183190957174446,40.76907719151619,140.97596452246086
205.9425640836796,57.178787554851255,41.57827249738014,139.1082373419693
205.51737318434596,57.66042566441752,41.10363434041234,138.6524465721509
207.10223628456964,61.873249214363,40.44762340714638,136.6641402086491
207.4595789669859,60.91804465104792,40.04097878041959,136.72529127005555
208.51786282901395,61.58924639181235,39.527948973500685,136.7837230641767
207.48313073951897,64.69610312858879,39.569884866510414,135.43358934068488
207.97880898111003,63.17198365999204,39.50593469436344,134.96189815359554
209.00887983305986,63.3518105760502,38.95468695713858,135.22360724605502
209.2095542236241,65.43043308641994,38.61523343473478,133.89914377858398
209.38157398012714,65.37230508537844,37.73659271018087,133.87715172449364
210.59817825888135,60.63631398109166,35.917720345280316,137.43488117504108
211.50175903161852,54.77070850122675,34.92506693989313,140.9976751578422
211.68523425698572,55.88462448012095,33.93840604375466,143.44881115278207
212.0286815144026,55.7948590310873,33.22015715746264,143.53351493531363
212.5510876220511,54.05314078423686,32.82528233344668,145.46242116606743
213.65145627504558,50.72420165892376,33.036806275092644,147.678402978095
213.48116391106856,45.243277284528745,33.88261719790526,152.14971026875514
213.0787335458283,40.80653206282571,34.179540437445695,155.817073068576
213.73405386225483,37.45978112322112,33.696446877956845,159.80344856877213
212.26160086142013,43.56595941552938,34.397184121233934,157.96421801412387
211.9290007092404,40.35611135407041,33.47760003705121,159.47086443916584
210.76323454665226,37.676254169359225,32.900361324172096,160.16684008101862
210.97336884724098,38.166800219212035,33.455043513399886,160.8686251642735
210.92129982133292,39.218436747267646,33.04928945915984,159.0999882599529
210.71948455280398,38.30066852440639,33.24661783023257,160.1016523874076
211.2928551486139,36.43322738269006,33.70250641938209,161.86096578026866
212.17185439275661,37.24407027636988,33.66917381129992,162.18768251690346
211.52679465375473,38.18798791805355,34.238971097588426,160.43106624806154
210.9017399572667,37.87306477052266,34.8425501603834,161.1715288396531
210.37180307606408,39.55364317393375,35.379841570627214,160.06096474141856
208.8489267694508,36.579446469689486,36.174174639633804,159.94930575504014
208.99093668164215,39.120800133833455,36.944505191380216,160.0354250067998
207.96484506487712,36.43885033262322,38.30332207616689,159.40206499236848
207.14877516975457,31.452276114167276,38.79421912387349,163.54441337282285
207.96691938398857,31.99450877355902,38.97783037363584,165.68898986884344
208.62421982581964,29.54005273461425,39.39135136669029,167.16065061731098
208.83663502817254,31.6751896652994,39.80456620143302,166.28650660251355
209.01243857254357,40.86739189179296,41.056014112996124,161.21577135423834
209.92765368824018,43.10798211795753,40.88256618426864,155.73546130853686
209.4823607352659,54.34930996490792,41.11088190188558,148.05353631989732
209.47763129989198,59.176041536172164,40.22573096371162,140.99087584689397
211.46148264740364,65.01655827460885,40.37989401804742,134.5225765924327
209.38405765935173,64.20117676097053,38.47735902634732,132.80738448627125
209.0661940962261,68.40401911020001,37.46136300615996,130.76544261618142
209.79281251080852,68.52516937385658,37.557454861801915,127.96737479112353
208.81106884980844,73.00260614440985,38.90992895014045,123.19903756212025
206.83904983757637,73.66922339600579,40.07960703312203,120.25847154456986
207.60334389461238,76.8281516052743,42.41242357641393,115.53232378615857
206.85552657754272,79.44502314283001,44.46510647171888,113.03960258261392
206.39796829357627,84.30136076516298,43.49749172117793,110.02510801345457
206.9821168110108,90.37507980758531,44.909860989943546,105.51210939699371
206.11295617140252,91.5101062170512,47.6862404308956,100.08611533012186
205.0232761346229,93.28874905573069,48.18113903003618,96.23132558534192
202.95904587100847,97.28712729597567,49.13034383331183,93.00353721016813
198.40185894280452,101.14942802247315,50.335133644309565,86.79672071029054
197.08122896798335,101.41551642093094,48.5542749301641,84.25452151156526
196.44932996899936,103.00129704276189,47.21835197323703,83.83561410510734
198.2488821416515,100.67274585599723,46.11780901022644,86.5250907414464
199.06163311061087,101.98307600402879,46.04778516831602,85.87896495694946
198.54146689086102,100.80202840272759,46.73009485839175,84.67777862344957
198.25937418155144,97.57423129921582,47.88460867237758,85.12808279903999
197.20637600081147,97.36737117413242,47.957397617323075,84.4235065451861
199.0250050015677,94.68232844977086,47.1082863500483,84.50750591145074
198.00759200164703,96.87638483860032,47.93030815162457,81.86805071798219
198.59601276704672,96.94288652708875,48.69507004299011,81.1517439490719
198.27893938757592,98.10040224800885,49.616884821464865,78.30912765644356
196.7317684841581,101.62148097146837,52.05639086770709,70.64033430044401
196.84588875977326,102.1933311038962,51.44884820222847,68.29784455824003
195.73900858474502,102.98909080762198,51.953147101708154,65.47376785403554
193.88185011416243,102.85076446743896,52.02767160055154,62.83440848568025
196.60819457133664,105.4212309839516,50.7485742999727,62.01366540550532
198.8774423744137,107.03120968107305,48.65508911747882,61.49586598550559
200.4571197198983,107.90992895250582,45.25030668390926,64.32392482194302
201.44087869692783,106.24869561150895,45.061037159148526,64.0400963951416
202.20238239052915,104.71910560122316,45.956823211811,64.60583507240568
202.52318800870745,101.86950134713217,46.708873355268565,64.21655500179128
203.74283450496972,99.42855030374938,48.137174843258556,63.07302021035254
204.1172637923831,95.84753956937578,49.66840063999855,62.45322853441587
202.96619658323237,94.71193498442214,49.86818863801191,62.39485239052616
202.83751979589903,92.9339113182622,49.829608012391766,63.69289720323849
203.0877239197261,91.84007005661032,48.818536911019834,65.85384854651514
202.0174489928105,91.66073501139667,49.41355096200979,65.07467431283051
202.9157990660558,89.33953060689707,48.236715696557916,65.39105239062852
207.17671412220875,87.86552538985275,42.8158959068228,71.84729827927649
209.38597938926182,86.18205860056453,38.12769309812714,78.35700667818068
209.25244568952746,84.54562724556143,38.62863773920729,77.67538707121604
209.56008385335204,83.79473458523613,38.94860799835776,77.14463922307394
208.7813065572186,84.405318252309,40.402204617204006,75.3137128562019
207.83488852164336,82.04285308869176,40.64746626361084,75.67777949782848
206.18342174654123,81.27345386187278,38.99017566220381,79.0667887373322
204.15998690264348,81.63322067138951,37.581532349511,82.64310920994305
204.97917125798872,80.69212979910911,35.71183443616853,87.96428130904181
203.02413616899673,79.08916148701854,36.01703524846039,91.83048689560621
200.5704703970968,81.00647329372023,39.230460008202584,91.18835433673775
194.83595717039657,86.2007490253923,43.98174592586699,88.25476989533576
191.80665113935808,86.58127855111998,43.955296914640776,94.472764818032
186.7422566811074,83.99524644046849,44.84789122054647,99.23646307444544
179.87323847021085,87.15411052759828,48.13162103986148,102.99491440458041
173.45991866746706,84.60651457082525,54.96276675649409,104.11467892898156
167.4346527017758,83.06890326358925,60.70221394056219,108.3066826589855
164.11050555050423,79.6343955254768,64.3683326544975,113.92439958841932
162.34448168274994,78.41303356625887,67.20544566424468,117.94260694820801
161.76951614821576,79.32094897429599,68.37451443805796,119.19430676415283
162.59400357456684,81.14412335359364,68.64726593137178,118.00952588428068
161.95030092545235,82.82195691093787,68.16981191086752,116.72226487463371
161.0100057016466,84.19590795476222,67.37310285896729,115.22052663204727
160.52554678243212,86.14264933399294,66.43742484549806,112.48769174269594
159.19397769793812,86.17397567489361,63.29108568523191,111.8325005849043
159.94695827407708,86.36301282025957,58.430327408091344,112.65086377223788
160.3852805757518,85.48746822606404,56.491544247307786,113.61262176289027
157.58663116917427,85.79396665677199,54.27262086960595,111.99195116108743
154.40113947501663,85.56905543620957,51.2134866508045,112.13089416309676
144.7529621404653,87.83429845616682,53.8648790091161,112.03947882478136
138.24821433679773,87.53546628692592,61.80115102560044,108.6379924102419
143.93528411869187,85.47374397907194,61.37955090578194,108.2322207364296
144.43593959895412,84.74929028751981,62.226654843176135,105.75198969752152
146.77553888831986,85.32073633986928,62.10467338556892,105.9942567276874
147.4427569896125,85.93923842188289,60.36023030222343,105.49739097518209
142.5522680331544,80.36522282909841,64.19498447933027,104.42319220317049
143.78363105667714,78.44585230694337,64.78307306088588,106.48805813017864
151.2865376234693,73.35531218062224,60.20242128899596,113.79896039858323
157.14924581942554,63.58125913953799,53.436826121296065,126.44862278186866
162.91944451480546,53.62155376574189,47.831341888952956,139.06305515879436
168.61001893893211,47.98342395856358,42.01441108498069,148.5889757419315
172.7752193325645,44.762725586079654,38.190700799882656,156.72595046598718
175.6195220225663,44.72960162508657,35.90588327121272,158.47280308424715
178.09050867491422,49.439141422237725,34.711615187693,155.5865289327549
178.07960072882506,55.54856316181289,34.831093588359025,149.24630893916975
178.88681304580797,53.62744401169557,34.774661174318126,149.12662673960276
178.94733570998238,53.68672577970662,35.728381289771164,148.0930420224741
180.82550421360344,55.34543864923748,36.84618025359836,146.28420567035238
182.59475235582522,55.27309715315067,37.605149770393865,145.4175405342072
184.69083276292366,59.10146243529189,38.50562792561832,142.14237792494185
184.76224070644238,62.25069416297541,39.56105374924372,139.19266315350427
184.01631100676718,57.8630653524565,38.178994376850355,141.03038358124374
186.0746832501944,58.6533374180366,37.5590615183376,142.1978264820202
188.07888697623144,62.6583054709384,36.82075585192328,139.45263370431107
190.52391834352346,65.02908440968906,35.87976690884315,138.218563600705
191.39314699243155,63.60331979655737,36.32844292325234,136.14878669369813
193.19112883460335,66.7560427706855,35.411036158006645,135.88803898381468
193.9429368480264,65.28319786713027,33.578931989862284,135.5327596670848
194.37407284093786,63.16468484441934,32.98523838438564,136.07215530708064
194.18779671128897,62.3367387094151,33.03708019327259,137.32623639459018
195.9313193041395,63.64790480388943,32.83800555047926,137.9723918975208
194.7712508634929,65.17461240779444,33.32172821382351,137.64394774569527
195.65483783089817,66.95587096383667,33.69000321166067,135.6381192999545
197.22171834046256,66.89128200905844,32.87652322127947,135.44489157320038
198.7333178227562,63.208761701979455,31.931669793877866,136.72912974671505
199.83387628975632,64.2907264740687,30.96494013843442,137.7430194545507
200.91215718177088,62.75154962925754,31.212851420735262,139.84814892151297
202.0889535229377,66.26017631080055,31.928548184278714,137.39080728633223
202.72332369075073,68.81013855462136,33.09818379851224,134.59892580177288
202.91743529021298,71.58519460510907,32.55280147974334,132.26845061791172
201.7357898008341,71.38046995146405,32.822101417317576,130.05811485478245
201.86680905131942,80.05442961382937,36.86920645959039,124.45272253810845
201.49434774137103,74.99169965355658,36.32208801617847,124.98881173111496
200.37546919954684,73.13580399110185,35.28334487475966,125.78477101333034
200.23898291648692,69.54336292498108,34.98476772726791,128.01685144116513
201.3351859832459,70.01845150182393,34.22272679856102,130.15081387297442
201.45820359012617,70.39846425169544,33.76707782945513,134.93915158200215
202.30107529830053,68.76667475543897,33.17952984672311,138.49712256422305
202.4242847801827,68.27992767209157,32.336364795884485,140.93874040531054
202.34029775920789,68.25987055068205,32.08419386264871,142.8298466124698
202.56107587967153,68.23929342955213,31.694072894862074,143.25317403530977
203.19365003784284,72.55644837759485,31.385027068944574,140.45346315732127
202.1982401950998,69.93539701273151,31.71692336690317,140.09588737066
202.63402906200002,73.0886649363158,31.832266943527546,139.19257265386253
203.54048124707407,76.74363025601502,31.8981267259063,136.41758988662593
204.68271458659478,73.48293818087487,31.72471732835899,137.9491635701399
204.7019973556803,73.73083019958678,30.88305996613323,139.12127306165436
205.11493890257682,73.25227756559366,30.556964113560696,138.54045272863505
206.3016062554571,79.3563084707452,30.154448165811,135.49444211919865
207.61656457792387,81.08961608358737,29.766992486987704,134.18357883710257
206.55806995582287,75.33049327408196,30.167844679607327,136.93092372979504
204.71785516105678,74.51432873828497,32.78148333076216,136.9198455757802
203.7317626660187,74.77981776963337,34.099040759269094,137.3727069653501
203.37587403362724,79.2876115406245,35.03259151436173,134.28471027038321
202.70059808049945,74.69370921768143,34.710134144227275,136.42072134098248
203.97144767130212,70.16908325870065,33.340858682981725,141.38826673504877
204.69608629613833,71.6115393934511,33.15350701142664,142.83103982168802
205.02837515850283,67.10574556311417,32.71188990781622,146.03888841146954
206.4530185357764,66.47024244465621,32.0033521309302,149.0355850132231
207.66013141714242,67.17521917271864,31.311703582439186,150.1762742859038
207.61440594973084,66.56362242139011,31.225888232438905,150.25212892137336
207.5452181186787,67.88324069585451,31.162321942433866,149.64531968338815
207.69016157709544,68.80555837787045,31.54899077835462,147.72119803122598
206.97040251694295,74.72811947299897,31.807896811409847,143.3120842943381
205.08172554985856,81.11766145067583,32.390420089526984,139.39834915490235
204.45218700194857,80.51447806602039,32.99923471033324,136.96238193983822
204.4147963526148,83.4604568864894,33.272138763693796,134.5890908047138
203.926326172599,81.76410615612295,33.5141140377421,134.72831636098198
202.83046730672362,81.17124780796333,34.61067056992316,134.4625669737746
