93.5,113.5,34,109
95.89508843257228,107.99138899722251,34.58591175408762,107.1838146035164
97.68534955913267,108.23248072122126,35.27537946831302,103.75510891964853
103.12198719543149,105.68016718844278,33.528653916479556,104.58948328058514
104.07071301281674,107.19233016511214,34.879741967912054,102.67117742021061
102.31322642036237,102.53007560623689,34.66489251717016,103.00164700243863
106.24081697880699,97.07557699540348,34.7690495884523,103.99017303269919
105.97944118456819,103.80443032999901,35.77179916944547,103.17235894163316
102.31975321456908,109.72528924561882,35.74682667881015,101.83276017472457
104.40410295626627,111.43760905929648,35.71821003156688,101.96071735484912
108.82083336824965,114.83820696203361,35.274045739277355,100.48124787154893
116.9835990536805,119.1120543760065,35.97658672559339,100.3181698954098
123.25805921848146,113.2734257355694,35.351659506648225,100.31702999763408
126.63225906790004,90.6644669066396,35.59085059760598,103.64021422653862
131.8400691675709,87.00776136005531,35.03463114747082,104.09951078723648
134.52817182511188,85.39795237078056,35.36364843904775,102.89275337668688
129.49241031285692,83.14859062837711,34.84552893883844,102.23166774894494
120.51891165829132,80.89356020759304,36.98052978800874,98.95901279308876
119.0865087415201,82.18489072911834,35.04779448004116,98.74111119522861
115.8722636866786,91.38862598816507,33.233909215883834,96.02194176356092
110.38240621829453,103.54833675920383,33.16220394085997,93.49400886894432
103.8556084140502,110.23773348303564,33.34238264871387,91.89201748426899
92.28700417385981,111.36643681233194,34.086112735539956,91.30869620432324
97.95605225789268,119.32630710863208,34.34588453317248,90.61312725021175
94.96351550574856,111.63901052932114,35.26623740681495,90.20087710896789
94.81997862775847,105.25879705858435,36.04287453850655,88.10904822921346
95.02446561070074,100.12240126113723,35.963778187597,87.65415294208864
94.08512272021837,95.06943591284455,36.08881187276708,87.82406278753874
93.11197656607473,89.09641648880034,36.60507276225401,88.61400040882053
96.57202355207966,92.87564524264727,35.93115026470094,87.207097962467
101.73535125770677,101.91679970620709,35.99293784661077,88.18678931000557
103.98571046854386,108.53099470135109,35.28050229618293,88.89143326289381
108.85821195589223,116.84794530877869,35.96718381550474,86.88827030640044
115.550963173793,117.73115379034422,36.26953710022323,88.02235769393161
116.73787323833392,115.93406317425395,35.72958905099062,87.80506603335093
113.5993818789029,104.39283135945809,35.45614624037269,88.31972914109207
116.04266174576668,98.49947349233646,35.542705765525724,86.55778936538658
110.85311046844011,87.91926437572933,35.53603370775213,87.93146634188699
105.45244089578962,84.59351015815426,35.32042606045056,86.24655662518165
102.60494626240708,81.32871512883139,34.871335642004446,85.63511351121998
100.45913640268927,81.75470548536816,34.451851922109014,85.07291410036011
99.88650039377335,86.45603375687872,33.33300264591926,85.30573080868173
98.89767340614156,100.4797083369416,31.729799821103484,85.77031402160287
90.76957760910093,117.89692469355823,30.43732350746989,87.01454418068406
84.91587260510605,128.4904898920715,31.82847603865305,83.74686263619657
83.44122595972622,129.6073534300167,32.653643848760815,83.0559413512074
83.25492655908793,120.47987302227982,33.53419426727831,82.55545096428855
83.52921983894826,107.4781224010479,33.837797010002106,83.55798327364693
86.56481507840084,96.13637378141446,34.61282273287917,85.29934947043333
89.70623178554253,93.56672952234555,34.221286182151715,83.95279003858946
92.1244230856048,90.6703854592037,33.792363317897525,82.71293784352306
94.50308264352522,85.16434255420342,33.599162110534486,82.86318912746162
99.69717871605822,87.8841665004176,33.88996986628635,80.9659992924368
100.11489193734447,95.48985358619846,33.638951349319626,80.64600256991073
104.02817381876784,105.40324406713039,32.07287943446484,82.75809680641115
108.59019257634603,115.08353440788605,32.86761747778014,82.21569048708244
109.58491831020385,114.87972743487032,32.638930012864485,81.87176472593006
114.7469805942763,114.3009137053115,33.79235022926548,79.94457167609077
119.60378007097349,109.61914101472193,33.99119634423047,78.82789149422061
118.2222121309045,100.012341503341,33.06042639398514,79.593988380752
112.72794967056421,91.62436020632856,32.47968594906513,81.14408561070218
105.47251403144728,85.44064135775437,32.845103774235035,82.06694704442282
102.61422426253242,82.0954148940893,32.74545158446465,81.95472710874637
102.42684078516771,81.57552670704996,32.20971944327732,81.75916133785894
95.13277974863988,86.13543991648501,33.112412896948214,82.94502949906695
89.91175599979304,92.54892073542315,32.6749495151253,83.33218967973315
81.38597020668345,106.97625451979047,31.60768755947437,81.89038870340572
79.50904691246726,114.75855526691225,30.473019629168952,79.99613346923299
77.93637603077471,116.18254961968604,29.849588790472737,78.94253472683542
75.79207244717674,109.95080277091694,29.002212967403803,78.38995805846785
73.67768572859697,103.10279092359343,28.84205894484654,79.77564087176722
79.17733501015373,102.85259913894697,28.760915098224718,79.03863213473234
88.93108896133609,92.7967501500251,28.091860488706686,82.30408720791296
92.33798867407972,85.7832561764202,28.08172145598064,82.7555374735432
94.88769216502229,87.23836718992837,28.07257497977178,80.01271233466373
100.10149844683735,86.28563391068772,28.048564062565006,77.37394080262989
105.13714882408736,89.00067452491527,27.31457123805766,76.47666930851925
110.82495270922615,96.74951143162635,27.88822322577568,75.86867635752387
123.01932875055755,112.24002856942158,28.5787596257789,75.399290260034
130.06295871535244,115.37536533850655,29.01667669814225,76.24737635397463
143.2643734704663,111.8552080186304,28.451787403978965,78.22299945014782
153.42225334527592,104.23282954525405,28.040829976747453,77.6020900074352
162.8070932344649,99.191377476101,27.505509939580435,76.87069551598057
160.30858240666498,100.16299923941108,27.57477242464799,76.76255562038001
148.42754582035275,98.45186718610572,28.02087422276077,76.75184991841223
143.24252271303737,94.04306088691231,28.334510601576085,76.54133866120821
135.74412413247785,83.75439774565902,27.89535462243633,78.05692406847068
128.18257649761927,84.64563164654598,27.89650737201189,77.7100081484869
120.44005184399356,93.33027862997244,27.096974541201817,78.82367202159979
114.42071753094604,109.25229332324353,27.064668817321248,77.5148789937002
110.59186819828237,121.05883112573906,27.687827783094157,77.01536501895818
110.14930133572926,128.67874347840404,26.848097382948588,76.32167144766143
114.24993309746984,139.69225696874807,26.279046498322423,74.39097701702217
116.1708744751548,136.5145541995518,25.819331797533184,75.14479955141691
116.63190591238534,127.54745084273026,26.80591741397788,74.18614394511371
115.74976234784936,118.39901656729245,26.441408919270536,74.88604861354304
115.78417771014867,114.04969514929667,25.41305344396239,76.71982948435517
114.65247378215629,110.30805797650046,25.515339454701767,77.99941902312383
116.43611075294945,108.61326073690198,25.75950931881006,76.6932298872085
120.60038953626562,104.60219527158272,25.46097341965816,77.02693909162022
122.10259215391694,105.06653318262613,25.33768457458379,76.0699915310936
121.64609280857275,110.37829092907741,25.550260680261673,73.72892194578381
131.7938631334986,121.35028696003306,25.72883730946267,73.37740005293988
134.67507525638686,123.17961405369854,25.927001042049184,73.66540447690655
136.91590116529665,129.4885994819441,25.985821254869258,72.928936725579
139.17070199405114,117.52133556609556,25.77789348652045,75.33784695778876
146.5836218145508,99.91766995156678,26.55312138855087,76.5245063423639
150.6282750431693,89.85476050177871,26.725513654153218,75.57852691735509
150.29765014883122,88.6911302382591,26.11293720133621,73.81648538140601
147.05084077871126,83.85614548713443,26.912627223009224,72.15219108208065
143.70771485194487,79.35074160937303,27.274281241001244,71.04335276521576
140.66297220598022,84.37614279761655,27.33585725406089,70.37723495141182
134.0759624074256,94.22827477654201,26.0988117495466,71.50520632986462
118.35895099813979,98.99689020145078,27.190085926150452,70.7247141427668
112.44225038611523,99.93888899633897,26.268331586845065,70.66609592463348
108.00947218273299,103.20034431318828,26.063854920184276,68.86612239802105
93.42008103446946,100.52614249281706,26.51466900076894,67.64117227136846
86.53315178765999,92.47273062619584,27.064998632388367,66.44758859494294
88.226305534351,85.8125489329602,26.851789226317152,66.18968297659245
93.06394275191053,77.40886475442596,26.247275518126806,66.632206057782
97.96097069719234,74.15255762283155,25.93872377795382,67.24039565361244
107.10775587748208,79.75891132517219,25.991135015274722,67.86684249240038
113.85458894422638,90.91867656404412,24.963899545848605,68.21690391834308
119.77683039629244,108.23279280459562,24.89221231890157,67.61371111009164
123.36981196140597,122.51221565286166,23.819997262252382,68.48861556614744
126.75958144760082,125.02561304896717,24.541981784583115,67.23990409836878
127.93204105107536,117.64166331173126,25.05295499744911,67.3769318000745
137.6463552435875,113.27063977453858,25.179805662107455,67.52147902704773
138.695698072423,109.40465058723788,25.28742383935161,67.72342238272824
132.9368603118058,100.55986163355622,25.85827528679453,70.53256339281373
126.68215054154524,102.21988411061123,25.958140345809284,71.38328765333384
116.81515973377994,105.8437048058034,26.8186630990352,72.7438120039163
108.68743957440871,110.26447932755461,27.222295823478333,73.77580002401251
86.26920916794013,122.20556121617093,28.153151320253397,74.52936126814218
77.15803742823768,133.3289774162535,28.243899188086033,74.19363116289887
72.09799561121058,125.37304983551314,29.117045070370217,73.00114100272434
69.25511154790092,111.31335064471067,28.988968993040544,74.83194799944161
69.01127767865628,107.31266810151885,29.516234224194864,73.46748552540043
79.51099758951094,98.94474318392042,28.839426238423066,74.1084638396012
88.53246694550742,96.73455966701107,28.284047798646892,72.51175724213329
98.50292559165642,99.01338380772697,27.615036405396758,70.89568424947407
108.72196302515631,103.08649900554134,26.614482519231927,70.8329251520631
112.20543784737932,115.10896854921414,26.261146957122342,69.25423553065988
121.54868744517321,125.5407719352974,25.633010722349987,68.8477610979709
134.27602697730725,144.50749417530017,24.822963997559462,70.68785711479156
130.31075606821273,139.34379204397982,25.067162622694312,69.38675376329647
135.3618773291583,115.63966842543502,25.92085081064205,69.46514412782749
137.87383289074458,108.06174363244793,25.906971864440905,67.77476988262491
132.85518283886984,102.28718240319053,26.31196110088078,67.30205319929402
130.81614321967413,100.46848423653886,26.246664465706573,68.09328435239107
126.31086362779361,105.39557249049452,25.90744833513654,65.72476649010964
120.35652970355507,112.60520135498203,25.340239375447112,64.74039569350764
113.22820523513289,120.25701252164419,24.59122539420065,66.10860258381615
99.60096464484751,126.83063423772731,24.428241364810475,65.86001122837108
100.63797752730177,133.05734121285627,24.087871529467378,64.7019921755741
102.29268667170278,127.04190506624309,24.25858319786446,65.8828555042619
105.12561919279008,124.51226567341119,24.665519745655672,64.96368685263931
112.5325485161682,119.26727560393465,24.590408695640154,64.79044563233947
120.88019757405716,110.04356014396019,24.879670592679624,65.23702968949542
125.77016033502267,108.33980788833867,25.15605667810944,63.76059636504509
128.67677048775505,106.70324962638941,24.36195611217717,63.38142325996109
128.93796091426418,107.52233800853617,24.55025306172159,63.376211345139595
127.77295204078645,115.37499075456674,24.286513417701126,63.54762246684798
126.4394265486799,124.99022787310031,23.945952888776382,62.547647497358994
129.72452734632193,131.9897577231116,23.99367264587879,60.6152143461035
131.41093706570214,128.06792590470272,23.37763597727527,60.50812477094614
132.43908203293162,122.97427463829638,23.764953134719995,59.77877939268707
136.8771673444232,117.06219600234209,23.914664279009735,57.91671840287688
134.77957073163986,110.73118599967769,24.034735624998795,59.274144368288695
130.53278362134367,105.35146096966888,24.60420038666784,60.33776312947819
126.86306085731403,101.04797602113722,25.02937694423765,60.30750119975929
121.59532772029009,102.52284012978248,26.154254953820192,58.90689507757679
117.80230592073401,106.72653995066369,25.86427144569356,58.66513912783098
108.54479325977894,117.43292526278,25.772428023707228,58.63660960772431
100.65151256953183,133.83407522986332,25.02322852468483,58.965977764378025
96.61629017068026,137.91173716388388,24.8205276467288,58.746863574986776
93.51190836695017,127.53905968491941,24.699977022316446,58.85992483174387
92.5724652274535,117.81046404061738,24.296666541132133,60.35167537022585
92.5133579574559,114.4311092549733,23.8720870323412,61.14925718348789
96.01633352265272,107.86493900804439,23.11028415634209,61.819810453529776
94.04182389073759,107.26723270195731,22.870171683416967,61.36537996897084
96.58519512005635,109.29598130086188,21.918604929735505,61.83538101640097
99.21799279412392,118.93654370446264,22.083351302181434,59.51582313424828
106.26556172388817,123.88019238577503,21.375350855677834,59.34755138350093
108.70448041741453,122.15976265818101,21.374231512906107,60.39180558546938
111.80754584039734,118.213948608008,21.33720190519123,61.237675915277066
115.16284892767187,102.08657430701601,22.013423199514214,61.85843899785188
116.29404317536975,94.18247137375148,22.895159212022506,62.62225513964947
111.89928658553103,94.53159082952378,23.88292220859448,62.201686998988436
104.25147743286871,96.42320692969662,23.51927976410223,61.33746519941485
101.99707740523397,96.38385402606103,23.462779354741595,60.90261977148705
94.3226180220804,100.16749517007449,23.580126923538963,59.711440407807075
82.04340815299409,111.77617674561009,23.010307983733057,60.180434754904795
61.353622410720455,117.26947931508428,22.330591443377998,63.60221393907652
55.25364447637011,126.8174589684978,21.755993059454177,67.51229139067235
53.54296158825113,123.45201994755813,22.353197544569696,66.44340718355878
51.33081469203972,112.16694740597694,23.15433312051608,66.0294938865942
57.0655901826417,111.22106890935564,23.02114307070861,65.31915479905676
64.71631036808513,105.54904157113998,22.825269678276324,65.87363485238016
71.98621678701332,99.333289682996,22.93624514760988,66.63755325574336
76.17571826244637,102.13341900869908,23.257436555569498,65.59089253143068
82.78337006504138,108.61013930055041,23.019703484131902,64.19981366495213
91.02429187279108,109.98843626510984,22.051479291545096,65.29857332965959
100.25673717421559,110.7158256895937,22.44343454440898,64.75847651136965
112.0152225391563,114.36143006595773,22.399335594923045,63.461334950719205
120.24899988898036,100.96364393306473,23.51933010486964,64.64361070771616
131.0718817265718,88.23179581968621,24.281666557860582,64.07265231716363
133.69646912054935,84.53888459677712,23.16291531574291,63.9313684778866
132.1771457247545,81.32656497261962,23.720531643160285,61.853645474919844
133.22865655258008,78.2671990769657,24.084002878820726,61.24129578047942
132.13319790257424,79.41666901893015,23.428846312941914,62.055589224416096
125.91443583799526,85.79555940428534,22.923824551291766,63.13448314395231
114.64662801832864,97.79741524448734,22.411498982739246,62.724031274949674
107.99647808280542,100.26336714995401,22.570240206629933,62.67094788332787
109.67301002869388,107.54853566007534,22.10362684395153,62.34539426457445
107.39132971492457,95.16898682126677,22.80139308443572,63.31496404912519
107.67842957201997,89.54758116893092,23.107534125230735,62.7835186475591
110.75075843338703,86.08636469365672,22.750709139465584,62.33293047231406
111.40010767966962,87.2029842651192,22.811036959728476,60.16247399696634
112.32775638968752,83.5946969422861,22.50670580251006,61.87862759542185
113.56577181647305,87.38115914414264,21.473862900980645,64.20784762377664
116.9416273669062,90.17965762853127,21.43356518359822,65.75314601556457
120.29631629051532,95.9493647151691,21.29045530360408,66.51029117609019
126.68465348652073,102.4320405059717,21.352031071810558,65.89137895605725
130.61088627264533,101.21089970273624,21.735443490284027,66.2389370994697
142.06264636409256,90.58280089641218,23.05842858693057,64.66971623982776
150.98584758030972,78.96259140568532,23.769647156693537,66.12302203158424
150.17117012919914,73.35959807553147,24.16507123272756,66.20862352190903
148.50512482653147,66.7916388973884,24.86006042624342,66.73045572707214
142.59122754225717,68.3182188322236,23.990788687724145,67.79585140320862
138.1945487007613,73.15109691338253,23.338891091174908,67.24190115672326
131.6895869503861,88.39684022325979,23.422647103827153,68.17989222861914
116.26606870465643,97.16909020753482,22.87011122284995,68.48690707635326
114.39057374908822,105.14278622090254,23.64443253771868,65.77186826006704
107.61918954557056,94.8596616229845,24.531531732412684,65.75110230392555
103.57761989262404,91.13891346043205,24.17177419534917,62.82512884143282
103.18200399652733,87.1916620155609,23.727754441636527,63.17385441031331
107.89449836791005,83.04379333523963,23.110027165851083,63.16163126070195
117.52372615129316,79.0467201323705,22.50818971737099,63.0854136680271
121.11443897954487,84.79002072944823,21.992907001388794,64.12798441753621
129.79916175816274,99.41660347565904,21.63320990301539,62.822754029484685
138.84679052401327,110.12964597815929,21.059604592993967,63.40735589887385
145.9388847305316,115.6642563843386,21.070050617518334,63.99849828384188
150.54875703161963,120.72677263648663,21.335205536216314,62.99882150006583
156.18823861394878,106.62568153982772,22.0338787088383,62.15826573256824
160.13410555983793,98.7690451137411,21.49438108796453,59.929869120630144
156.41977139428167,90.37294450101768,21.225750415476,59.42548526306916
153.16494655716477,92.43912802258426,20.41774214216954,57.178513269984855
151.26676282535314,93.88650469998493,20.647496646884687,57.01921852762553
143.6888118109036,104.06851766918302,20.954845018252087,54.67208216137288
135.36850827662448,112.14762621079478,19.809271590594456,54.29065092867428
120.51046965174014,119.59272039810105,19.25640505374204,54.928560660446024
116.97258060384968,116.04915588259544,20.521538046068372,53.694549402150585
110.56342314609378,110.36982421879927,20.658738764802806,52.31523284082693
102.4912033030203,96.13275904906111,20.5746227716285,53.77708939185109
102.25835131594606,87.4620944339245,20.693176509408808,56.753075528252225
105.29372951168325,81.15554359500848,20.171987817366777,58.623550062224425
110.65584586453544,78.66956320738322,20.019284500090155,60.01900565330134
116.24038620667869,91.12136891172463,19.930885616645924,57.832543979115606
120.39994867914922,95.71536599027927,20.063288267224877,57.6779198400117
126.97591850474102,107.76207968223682,19.289769445814244,57.34777713932412
132.71471442196398,112.42209735528982,19.493899298685236,54.09543645721959
139.99469447680985,102.96477720561307,19.634034365690255,54.02987694273031
146.80275759589918,87.41444070815136,19.523864777291884,54.76821473257561
147.1795744185482,81.79463683514781,19.578464214288253,53.09259458856806
145.12488066659444,81.01017107757991,19.58853893590824,51.99640383311974
140.68558217051955,80.49591127919362,19.06891777315076,52.11035578052787
136.39445920882255,87.17411617232801,18.511319755809893,52.04254977691288
128.03963181591163,97.04643744385706,17.932884789434453,51.51332891049054
120.85282096046579,106.18739305115704,17.50229679115867,51.25288871945013
110.7910096493658,107.9637211723923,17.58139998892016,51.166695327550315
110.39785542098937,108.96312521286082,17.79193127263072,50.30339196920849
101.88453223488125,101.60785200694879,18.49482810261066,50.22123189146956
93.276221719361,97.84970643271386,18.72231529881227,49.15735908425094
92.42022397020759,94.21379768551967,18.44961619701382,50.17336917888956
97.19796252630806,89.28794980924286,18.559771332737675,50.28426598124787
102.60905130769169,90.47355474191997,18.276490330639387,49.06443963506631
105.56781880518307,92.0227548508404,17.566534948388536,49.11905479236278
113.4919969396699,104.05961256070682,17.798138548799635,48.160152223582074
120.43983202522779,106.74515480012899,17.179444009397752,48.89501619291892
124.46619602569929,105.08460932759975,16.93976341751236,49.18583393889597
132.76781241046314,103.14107885427478,17.218547783604784,48.86364538908595
136.9646706585606,94.73857500422223,17.373705188777038,49.85205705800208
144.05011212589713,81.22506948887539,17.26979212562496,51.567365360424276
146.58058870685147,78.84748715543009,17.30431034585738,50.11333012191939
144.02862238840893,77.49028419479096,18.012288850662404,49.28290738986206
140.4012358127976,83.97771985639253,17.970830255211453,47.74436209357542
136.3637696333119,94.01762206909572,18.06785257237378,47.120745870073335
132.30449212544465,101.48859822409665,18.186610243900503,45.69421542744209
122.82784694702194,114.19724835100905,17.842480099036987,46.93259106167879
105.7187179961071,127.58681664249187,17.6261180973022,48.1288744768821
101.54844305729272,128.1876274631367,18.477553213578425,47.45096404012128
95.34001345642298,114.43022048708416,18.793881790928253,49.57769930265116
91.48691727063115,110.97286935045585,18.92367674353607,49.45130822645098
92.45771519334627,112.0413561081894,19.230592689335097,48.100106021313294
96.57146717019558,104.40343555322275,19.38749959379077,48.398335589498586
103.36979167185292,100.25472397147172,19.258057545432134,49.7452501584877
110.22398246254909,101.03308336176043,19.237920783680906,51.55865309536327
118.00950814234588,101.6418529159968,19.56487204859905,52.94977683059476
125.42230219885067,101.28993381211126,19.829803840679816,52.28168622729254
127.23403615509982,101.01049508401628,19.61883082602393,53.190405188771564
130.82937031653864,100.56400143466394,20.15818111886892,52.34878777117531
137.89635803710104,83.98836656456328,19.888953678842768,53.27610807900358
138.38849089056367,73.3956754509495,20.70510456070075,52.35801092085515
134.33909861489337,64.58818673850425,20.77271349863804,53.63625357401712
