117.5,68.5,122,125
109.46339984750767,61.49740782997375,121.86528785991631,122.18835751967896
105.0676920529908,55.458464683446465,123.09965131348252,121.0277336808976
102.31134791521555,47.93575346091479,123.34070501032818,120.40620590013087
100.8179840044634,40.07743423719512,122.0249707308498,121.63693679294374
99.86307934198729,31.80930593966025,119.93118804148929,122.9920009899422
104.16853416354601,23.05833592885614,118.82194875893703,122.80342930805921
109.39874572334384,19.76362504588677,117.04357157592587,122.24796934868667
117.82912369123744,14.149914864870468,115.65686425464058,120.85527061587064
121.98779005660299,10.405594985868177,114.37876282426352,117.17702404422434
132.50550042898567,7.795327974807577,111.96679521975696,114.13037571618685
138.40313790102226,7.248916011919718,109.38592819652112,111.75700191285185
145.59450613241683,8.120319156345502,108.30153539217929,109.826555269963
155.8159596122531,11.380571968652646,106.90131298756046,108.38637334148518
162.72979706195687,16.578497299668328,104.94694817726423,107.99954062378976
170.48034601302848,23.2386169681686,102.19851960953264,107.90235617265347
177.05053685998763,30.271963580887785,99.99552156734771,108.51369772962477
185.53553680767092,39.201840452959566,102.00232449790887,109.37766262866968
190.16795548972817,50.043626219748745,103.02091818695601,110.11195494091652
196.85911843536832,55.14778989591572,108.57857375624704,109.57199306709819
196.84367230424112,66.68401975480882,108.78857065958127,107.45460193756884
197.56940307057783,73.87579453236427,109.19447807298334,104.8721283178217
198.02933131451383,78.51144365808177,110.59760604212732,102.61422489899778
198.09928322448474,85.70720656053976,107.6680715707115,101.17257015731421
197.3123831422232,90.22455984687412,103.40250863709,101.79255337346387
194.98792519000733,95.54998597606613,100.75868085866048,98.87743843884084
192.6954829042013,102.21868367342563,93.70891329251617,99.61739175322826
195.45812346039747,104.0441589499385,98.3380749672942,92.51040630144459
191.70645952921132,106.45942242606677,96.02193814613386,92.57147328229354
186.90092188564154,98.2084590372244,93.45180291539009,93.21015314225365
187.70155367175016,99.9369129699075,92.85212280016594,96.76370422311548
186.3691725916582,99.25901111830717,91.15201822679882,96.3421944554757
187.95156889012384,104.88503909384362,90.86804876524357,98.91844756354587
183.34257454693628,113.7150180039892,91.58393650709962,101.21803487875276
185.63582867077963,111.06376968009369,87.88858785347188,101.46246992681232
184.61300325591085,111.1529050304259,86.99458409451012,100.22022794509625
180.86626766987342,117.7328728775178,86.06114009782274,97.8612327645233
181.6565991343311,122.90873692737047,84.53939020608833,95.36507307378403
185.35447651104383,121.45026513056825,83.68163555947439,94.8616928186641
183.98086986799223,125.40395750719318,81.91622935018574,91.29365399742107
182.8007432356342,134.16151545527845,79.35582450332953,90.13256108098687
183.6941993078486,136.18450307934822,76.59937367024105,84.73785848738073
186.35165385416667,137.04163520943757,74.4405071534411,80.47710904157887
187.4034980136677,137.88515706076973,72.86245813001703,77.1878757980515
188.41030345712628,138.7854376282672,71.85381946256706,76.16701810133854
190.6977576416695,140.7625917503428,72.9912986552787,76.20908064957626
190.61139081288619,148.96589618438216,72.52520498893176,76.12065758777197
192.38789581525052,156.7236729417317,72.18493445182396,75.60351906635898
198.31155872629583,165.09232989450527,76.61461668637395,74.31220335264535
195.326448489314,174.4663600323604,78.34025546096626,73.70635689834626
198.85288444492372,182.71832373840078,80.82963418298658,73.10980386828456
204.09122531680373,188.74093885628074,85.85076757136767,72.80123840455832
208.42576058221442,193.84213021311592,88.36563125227725,74.24052210324143
207.66650822178838,200.06342424685852,89.38979451027878,74.66935012767523
213.9940065092489,205.75068397152748,91.18780467974253,76.07378709160635
218.88581943786704,211.3476687578622,90.47686597155405,77.74748376344368
224.4851322010216,216.32544780159682,89.88103509246173,78.3149864746195
230.7960117861996,221.30144435972966,88.98503161363402,79.04438507435725
235.95312327826002,227.44370998207106,87.51543219518703,79.50999783449622
244.52956378489932,232.55855501828978,86.59955450832447,79.46603106680729
250.05943512331982,231.46957932094722,85.84790108777005,80.1534177575511
259.3216380098703,229.89051799339722,86.88782636935659,81.65042965386968
271.57405446035597,228.25922867869775,86.44724059973291,83.36635656226795
280.5913576035929,232.0914117102686,85.0777401329612,82.84306372605494
290.934630120883,220.71197958933305,84.96371440074918,84.94425508584595
302.0440294017879,216.21914708090856,83.28237425873917,85.74537172470421
307.9095560501712,206.75617135311415,82.32625286962644,86.95271432409184
314.1365594218203,191.33452352875315,85.16010222831794,86.73286147427868
320.54013404995493,177.454751608199,89.21660424768348,84.91355933760383
323.72639012894683,151.57285656580788,90.42798205094228,88.98817095558918
323.9063086751924,137.59614883795354,90.17184427006522,89.11919871598539
332.6529188342599,118.49143309686336,82.21750048543853,92.98875974528485
353.2966304465351,98.48772502834608,80.91264790908144,95.05513965795419
352.5287416025837,69.82183384534935,85.78100377920474,93.10887636965076
350.3865451969259,52.93735615571306,90.4238932862772,91.79441576381592
357.6442619727788,53.07038650407523,90.39523894752313,92.31523877890646
359.68525367107856,53.37572966667701,97.49688172585039,87.2297308861675
361.86427329437385,29.93402715368333,96.16621793893083,94.828929521774
385.3068119670783,26.08125122101255,90.22203185939095,99.04574499604806
372.2272061635597,8.299214083469437,86.64183497338627,103.02878556446925
367.3845490427715,5.983334896357917,86.74487191698901,106.92763729911633
390.20851951807253,1.5935709349873406,84.92493389607438,103.89031932799762
402.08271697351165,4.946895294665239,98.70952467245203,100.35622200215073
386.27447833817746,3.6298972882107705,113.45321065283719,95.42899784599228
376.8118670326112,4.7526069622463325,121.23556426830334,97.91767740920656
367.2466630080023,5.39100455228504,124.83793810731599,103.88841602734692
354.0421112432275,9.594112652774264,125.3433341325931,112.42709461701789
343.24177118682667,7.546036909430185,123.68779438150312,119.96064859050719
333.0845447701538,8.108935687325015,122.04903447681181,124.38686395509717
322.157071446152,12.196689119608195,120.57475939935159,125.89145371681255
312.21135799584977,15.429427000321738,119.39555336538564,127.92265726141574
297.4111553166923,19.5100405369123,117.05748597589788,129.26700727563696
285.11945059901706,24.13393305845692,114.69854693102373,129.31836697742077
269.34104983723364,30.395174154041257,112.27322794067462,128.4781834465304
258.5070587311979,33.45269478105628,111.0178951045283,127.02526348842932
249.98515330781635,38.109520699972975,110.27785623510489,123.77655162633445
243.3161544514318,41.42435838788316,111.07803313183393,120.53928056836992
235.926975210829,38.87601272238128,112.71249551013426,115.96000563655629
231.2336858916417,38.421156176729916,112.30203034815489,110.81834476927138
224.1751568828878,41.388682682541166,115.53637027942,107.69968084151118
219.42437895822093,40.974457177622625,119.43598311270148,104.67653215804992
213.60989406146058,40.00383606042687,121.69256692752342,101.8663567555701
209.06767813113527,41.086771460905474,121.94962146883816,100.21145040783325
206.5317451210862,40.8132811122464,121.79648186225776,99.66636803580784
203.99962720122272,41.188729216504974,120.20163528926506,100.0646643989307
196.87367486461687,42.74780340656103,121.61921131104849,100.88022468657371
191.593608127496,43.80703753831247,120.71328605421118,103.67614031131546
184.78933711495617,46.63284585744915,121.66436214453739,105.08347552774792
174.89115035397577,51.011006972162996,123.9143622991886,106.22393617338126
164.42995154855134,55.02787768381113,127.51470218603848,106.03126921679032
154.33312031306883,59.75114621860519,129.5252076898404,103.8628149947974
141.48504691762633,68.32396695974157,133.37794589613063,98.03730958277613
127.64694686806448,75.66768293352163,136.2692815695952,95.78797272798944
118.9756961574607,85.38200805628438,134.81357093941114,98.81690877091609
115.82954245361731,94.12803568721515,128.94926404350906,103.28504905043638
113.56990948474015,95.09178331328728,121.25345544207879,109.86499722633167
87.79175042525856,95.66285339367937,125.02239715723339,113.04537398372986
72.73994435795319,96.91443112749718,126.21884757919766,109.80705536387637
60.53631960114821,107.88423898911877,127.95879210013183,99.51775683271083
58.2512788083649,119.70669893227125,128.0995724237966,94.09274279967735
61.76590971379478,126.86288160768072,118.3664148056706,100.84410959607521
59.80811987364217,126.77144445156844,110.9850660802141,103.18010681021627
57.921047816689,125.9839261955643,106.75785025454525,102.91535989212508
55.898292659931826,146.660000594169,107.27957473851552,103.72158969598988
63.00784972175439,147.0876859737693,106.47880511255106,102.3820664409282
64.12572814382051,145.40737297493126,103.2873720108085,99.73035332346151
67.44670785131275,136.14556939392,101.1361638623035,97.56773650171937
76.6586190410649,124.69227333459858,99.9933816744496,97.59265290014734
87.05527143952429,112.90783606489734,97.46545964425444,98.86510638852447
90.79403137952065,107.11667690756485,96.52017395615626,99.45600872571141
107.03503763144325,103.10623570210282,92.96473806669096,98.71434173630587
114.44801397876068,92.56677319289443,91.89100266484172,100.56086967525488
123.38504040091873,88.46550029523976,93.39651601315259,98.30225290342555
131.58260456741337,83.43378071290746,95.01503475963108,96.68516533469169
141.6664193903975,77.74816585890612,95.24235407301342,96.59571884945709
151.51222735340778,77.92288784827453,94.94765739748112,94.50164739498175
154.98316565700082,66.59485726047976,95.63975915714686,94.48262159547362
165.86183763856394,73.62326769458208,93.9312013573507,94.906549857518
180.33677878291036,82.43523991992981,90.86298334478087,93.16062569338261
181.0674780511344,90.57658114149814,89.23756453822365,91.62408182293882
182.19002337751925,100.26573907978104,88.06754724685072,89.83569934175874
183.55472667837483,106.78029674447055,86.34552363406931,87.56319869743834
193.39991318874337,113.47130686403858,84.68865891411349,85.59069574651029
194.7960573988373,120.50497219123352,82.28515120700702,83.50343711360476
195.7788783958034,124.14286313751813,81.606380288705,82.97799091439494
196.60786841446182,128.01562084124404,80.63537185621219,82.1024787303623
195.56111711310095,130.26968679975914,79.5630762716781,81.01629882253312
196.1316819890831,136.88913971486852,78.80551233301681,80.62682116919426
197.1276852088401,141.0614538832363,76.88274459347545,80.00451434277363
200.0479769063364,149.26831494528557,74.38479849897412,79.39855722569415
203.5717156700049,150.84590140019878,71.96474950328387,79.0414692901567
207.2411566653593,152.29458741994472,68.49413814817993,79.66259948607737
209.46339341832203,158.69201569967043,66.83397712890302,79.71861115172362
212.10883374327852,160.37442448105992,62.19196146350238,79.42345759040953
210.3810173206494,167.15066445663783,58.75899205198576,77.07208943277173
212.5130462357571,167.864282817132,56.67111124661166,76.21261425219635
217.0429425642163,173.2423868880366,55.37124347830405,75.76846265182999
220.03004215902283,175.4425772296392,55.34323178487632,75.39508001168511
223.93897552598895,181.35977583370203,56.36852281919355,73.76057484762677
225.46522460767065,179.93788179384921,56.16270625067882,72.7593860253244
223.91091106941937,179.3665098104696,56.230461468584565,71.52253042085559
222.09815872927197,178.78157167581156,56.9758191685937,69.9175584674391
222.75114548020744,176.094146379028,57.597460117177484,69.2757226214921
226.46146632349007,174.43815244540613,58.247352183053664,68.53456126540816
