225.5,135.5,61,71
226.0452386659807,133.76497596932919,56.94660092941407,77.12622343632637
226.55064137836519,134.32033759229452,55.66465585310813,81.37333500637469
223.49583506331538,132.9243762234973,55.60464796929173,82.97962766088507
221.71657738247382,131.70255012826772,55.81932797712353,82.9557608064681
219.67575924300525,129.43457915422596,55.85060357643422,81.4249579501693
218.27606127432102,126.67223858622755,56.73069478529466,79.38680530015537
216.01907890286589,122.33956891711559,57.071141347357745,77.88307630189249
213.21243074038387,118.27594887294434,58.18254939717529,76.88768817825988
211.4608370918077,111.4836296110277,58.75576809882292,75.89796013257413
208.98463573959702,107.17129916517992,58.70002785509361,75.04883180918179
205.67975262545968,104.240115365116,58.671264305841405,74.13650305921198
202.90904230090044,98.73526495515276,58.63829215939715,73.58603084447049
201.17679447174035,94.09601066577251,59.92262848734931,72.72080639863381
199.4052436635538,92.05867605225146,59.743204507103755,71.89695754019617
195.60322918171002,87.33005522739403,63.17094915758942,69.79994847274796
195.39172092351623,88.13045983543448,65.12787320666895,67.28332181711093
191.26713098279077,88.46697573345534,64.57364732640113,66.8000057194306
190.02481165357446,87.25936157739295,63.517558369477264,66.00650691020223
189.339143795334,86.6673168646906,62.89105439670347,65.92543088741816
189.59030194979144,86.74065952222404,60.92181413568591,66.7928312227953
191.56160245397393,87.36691773498481,60.01181162280433,68.26065171133627
191.87572682329855,89.58845368008932,58.96976353866175,69.86160047389825
191.8341394430875,91.65996187038778,58.88274417986885,70.25299218580011
194.0097620058634,94.98841948971572,57.794402267818036,70.60297535031194
193.02020399147997,98.82054195886035,57.2730846131895,71.60861890842162
195.52002030253533,101.99963803785819,56.28850430965177,71.3723501970812
197.042693049047,104.97179908482161,56.17757892542366,70.66521167401618
198.22892161770199,106.37267960202819,56.4203018036776,68.80656939065207
202.4337672899716,106.04208241231545,56.96381747512959,69.47069410135427
202.80678479632624,106.67840844244122,56.01779317337496,70.69530785683757
205.21604909823878,101.78215455747096,54.602218194275196,73.26669336191605
206.10354968067992,95.95507721848115,54.32045512086175,74.37325683048405
207.64598159294982,89.7770466291255,54.24542415536128,74.86627040940289
208.66881322570035,83.17523296483259,54.47306582913025,76.19346055079387
209.53734940187422,79.49920046313498,55.152732702170084,76.5160608325094
210.5901018000739,74.75160220640544,55.86635689594402,76.70595377236008
211.41538880125856,71.37841991681812,56.80535055486013,76.3170625379361
213.56835809867488,69.60794068376286,57.81024541415954,76.56709645494382
216.0051397239109,70.17309278683224,58.29326957366068,76.5580977145033
215.25819540805094,71.85310342854318,59.23446549402732,76.60998958759083
216.6633887089909,73.8355642907684,59.71356673089248,76.98826044050244
216.69298200831855,77.9079102567963,60.46255897430491,77.43976754409118
216.8878502160083,81.88789552240091,61.88935183291224,77.29738438852283
214.14143346622703,86.21569503150288,63.50736152380471,77.33921311995269
215.35480247036594,92.91445737795894,63.06088043061934,78.54802215964554
217.81957844179698,97.34201190173948,62.64111843145234,78.89793401662547
216.83275784959687,104.1319870728475,63.428968242599666,78.04455189645533
218.13169491947224,109.7199687992713,62.27362199305435,78.49450206360285
220.02979650959097,114.80267282633622,61.07084527880505,79.42779930122106
224.15988676717754,119.10808095501042,61.02178536910065,79.00182038518126
224.35044675260406,119.3933454982626,62.56978891909874,77.9063756630911
226.64825576871635,119.5715423115091,63.605178558230364,77.18431514049328
228.6619487660711,115.86428632407478,64.4114102507462,78.78232931262757
231.16030015445074,110.97177417727895,64.81077461647352,79.42509877681248
231.24668347859716,103.9797330820266,65.71888908695507,79.92616590689236
234.08944365800426,98.32065736776278,63.33455433605105,82.25812177114999
236.48107942987636,89.54169626123311,62.01993837854951,80.60892690352085
235.75252268039048,83.13647413208919,60.38734712555291,75.56762937103721
234.14454545957759,81.10682784518212,60.12054590616795,72.41242580913969
233.3885395880683,85.23305654871112,59.20275451617563,71.80017426221963
236.71396440406588,90.4104440886943,59.5726682813973,69.94090070050275
238.5313801962241,95.67006184007064,60.82362752197098,67.85823345794296
239.47991182673752,96.57286213490588,61.59674315117242,64.50463801620644
240.72941536364638,100.32755264893771,62.973380761192594,62.84391888770942
242.3118828776362,101.63018559543286,63.18986372294376,63.455289652433976
242.00206384715563,101.48484821962603,63.62395990079392,65.32281362623088
242.04149599968687,102.03092433111473,63.35147409440488,67.86038805158415
241.95804701144104,100.60395219737256,63.56610685672153,69.21076641159016
244.067774711285,101.8207164573101,62.34955706425709,71.86957073168091
244.8200202280692,101.91961902295625,61.496094306178534,74.61752203578288
245.3258619000678,103.76177424215693,61.60381396682767,74.64819005387872
249.8397314563618,107.93572242451847,58.383481279715724,75.42353892841345
250.72804645572114,111.0834752363987,57.324040771792184,76.47485652013762
252.05728287308338,110.6443517073595,58.59746796148175,74.7564377189936
251.8822201830235,111.36461911190409,60.368180642855826,72.74215849366753
251.49994170840262,109.76078256757127,60.93190971040374,73.03801784637128
251.93759482131654,106.34932697637079,61.19802218002572,74.44683696486842
252.25285938657447,101.20433650927959,61.59899160087855,75.89605003863822
251.2867349173068,93.91443452170951,61.538457112175436,75.87971887431306
252.7916891934747,84.63098535545907,60.96192654102556,75.13467796731197
255.22612571325766,74.78425017081328,60.60829989275601,74.68359419841997
255.26842081349758,67.89682550388457,60.65386212638683,74.33152378587845
255.49375872577053,63.1677622043672,61.87221792186655,73.34652275277209
257.08566120430754,60.64873861420186,62.91567164704351,73.31541328637425
255.0184920265882,60.45336857748673,64.408584154475,72.76374354640043
256.6228598947495,61.03502274515225,64.52065730563399,73.82938761890631
255.3598481366327,64.54670032791938,64.97134555766169,75.22081116278368
256.4993340858233,67.2117188421862,64.7525483628786,76.5068005357698
256.88820444582007,70.83299505048927,64.68151053089697,77.56761001186383
258.56893993985415,74.37764342515445,64.25147822729228,79.62327366597589
257.98626491738867,69.94732477114881,64.72189676511269,81.19229453416781
258.6727994357435,70.23699578983857,65.27047861493858,80.17408233501651
258.6332047421142,74.28047198755979,66.0300308824272,78.88496481277353
257.73609378343843,78.44791257883026,65.99090106847837,79.05197381272774
256.9224112581648,82.02728540052227,65.47606445696202,78.51947843637251
256.4249624440991,86.33921994497567,64.17117384847536,78.09452292168449
256.0069182051161,92.15272569022362,63.517652250490755,77.87269999167441
252.30382255316457,93.39458934957469,65.33333270920951,77.4568902583452
247.60233483509876,95.55007324584884,66.79765753727841,77.91798381375831
240.9933865190738,94.30330515573723,68.0558411871506,78.337058533868
238.71097153796217,91.04994991079025,67.68841015923098,79.53227228914282
237.42789668763965,83.48458875905428,67.08355341875973,81.1397258929688
236.76987056530066,71.23965631006179,66.66561737837301,82.25116900750649
239.5558938218386,62.39839021102185,65.90234438290574,81.32027690443891
242.0825066374215,54.48862305924135,65.22184566900684,80.62097232555362
243.60220849915635,50.74547212422982,66.56053089664795,77.98873533907033
246.26644663724616,55.332623222304406,67.26318493434162,78.61799149253054
249.84630308837103,65.18322935524428,67.79193858101158,78.16371602474649
251.68042723110892,74.45165551952145,67.68594782384082,77.56367323598707
253.5172946489307,79.26586576264678,68.22715544348905,76.61733111124764
253.64248000315493,80.7853059468299,69.13695147545803,74.61007148377192
254.23837368493474,85.36001823355646,68.56445362930103,72.89615277732318
254.1582797912533,88.91498465912723,68.27841598212224,72.20782169849
252.8325215863141,89.60094279038063,67.82234910762257,72.45075142711785
252.960456950263,89.18781847803393,67.90539244627789,73.21429240412999
250.84595317412038,86.12106447975991,67.85524140633899,76.79847588819635
248.67441369059955,82.64468110932984,68.57986091026116,79.40980385876229
247.1829575995775,82.47321516167202,69.04618535808288,80.87938096148304
246.47767302313582,83.30497648645536,67.04852396782961,81.77604445960617
245.84986595288984,86.88449351599843,64.97496740443367,81.34865884564942
243.6409114647032,91.41962849742501,65.82743024242494,81.51389017216394
239.39741548093215,93.37321516139514,67.78446348499148,79.30104515232915
238.34206948416949,94.78082124009966,69.7066623012221,78.36052722309242
239.94371412198012,93.81317622772421,69.80079352730982,79.75968765399412
242.8471894492218,88.15167565164958,69.56455925389943,81.0943045593172
244.62732785603424,78.66515924516074,69.93008896264391,82.1508506321826
246.6362952931167,69.1214599785134,70.09114683673951,82.6473029679675
253.72106135879721,63.08738146475901,67.0047493565626,84.65760725042013
256.284112256649,60.03028154227717,65.79091381528406,83.37425222096364
262.07820317795904,62.19096195620149,65.33094871613324,83.52634825270363
263.2124572332703,69.87628989131277,67.72290012394328,81.58310918393371
264.94947221370427,78.81643799272307,68.846920280568,80.65511591385237
266.29967541882183,89.48023268895771,68.70882695016685,79.07894940346316
266.21513135965677,93.69382505366899,70.3384246071476,75.29539374813729
265.3885000453011,97.90039490167055,71.00333392384339,72.43206636902869
266.90014968508774,98.78827749391984,70.66847401347167,71.57975159489618
266.93557390980703,99.67913492218909,69.77405036538282,71.7093266687013
267.12071018494146,100.08448733275172,69.97820524097534,72.9888048672141
263.2307612183008,97.42124274462188,69.61681823162962,74.96033622448878
260.0632874895527,98.73003156606171,67.71512475895004,77.39031069037378
257.98744154790626,98.25398256069188,66.67802441354421,78.06765161388276
257.2354631072922,98.73578335427507,66.2368820601913,78.54234527188697
255.62110509443784,100.94943070642562,67.13752434589458,78.19463802715009
247.24069335104258,104.08821385762081,68.65010450077591,79.09270134054339
240.82036617340265,108.50989262606744,69.40956874680285,81.5021380693972
236.7285831325126,108.99833322851212,69.04586500741596,82.3496335668165
234.16490299167305,109.29618991800403,68.21465099405114,84.60845099914249
235.60624244142969,102.49943888339727,67.15358624077045,87.26019968090483
237.5917696160414,90.99233180104487,67.07160287924842,89.15172364480398
241.357233762011,81.20789264207184,65.84764995199433,88.3340262638975
246.13506107223924,73.77668065129183,65.07779149700411,88.4269933820542
246.73395553816752,66.72283933501068,66.33137661910263,85.64461940450909
251.26303554605832,63.43859112063022,68.18200909904856,85.46837343977634
253.92424509779863,66.67765597514915,69.31399053496617,83.23939066906246
255.69677244200983,75.07049717215521,70.83388631269972,79.27547703573148
256.56207271882573,83.3338999259662,71.35165926752136,75.6209735834684
258.40209114345623,92.77487653753653,72.06646885762187,74.63380719504454
257.5361220059633,100.9999419268731,73.21926080701954,74.4261557407122
254.75192626097103,104.58816402776148,74.19716720102628,74.19726135888176
253.54445012148778,109.02011236700537,75.31221298775948,77.10527725516204
252.0829937753617,106.22284565199874,75.87421741012946,77.46899861242139
246.6740304753751,101.87512620800666,74.3938432669996,76.18956586496854
243.69012712814373,98.29707226076914,73.61930319785156,78.17189141081076
240.29540634709062,93.54817810221301,72.84664768735644,80.0346256164423
237.9089738347198,92.10590377492274,71.54604831848233,82.11752929011541
235.8890212294643,90.83870460078981,69.72427349817059,82.67166869673088
235.54097365466671,93.1665493529879,68.02350900192226,85.07929506071238
230.70850881653288,95.95165558130014,68.73491027395409,84.50639514986426
225.37827944601258,102.56998607909952,71.17215200449667,83.90286232046425
220.8951528081352,104.35700887415955,71.47552819742666,84.74028428252925
221.9439187583825,101.98677748005291,70.8916341972846,85.46027168316928
225.6602686601285,96.63184921759057,70.54934081163927,88.97514472573312
229.42329254276018,88.85340861104034,67.98462584438006,91.58067763408505
231.4421212146771,81.39486514488728,66.0987054752624,93.07502649113482
232.81754553446962,71.4900762480004,66.40200908596731,92.86890299096325
235.08864649283964,65.53883560831909,67.037658369331,92.47921374572871
237.255514890376,62.81577474762511,68.77592255463546,91.25499302174313
239.24031156887133,67.26345886516381,69.24252123331983,87.65032474546702
241.84590047054357,77.23011274933164,69.91334769099223,88.43369750386475
242.49271685741806,81.07995146690861,70.46268659979178,86.57751782185412
241.3351796801373,85.40110578943649,71.71026978060908,83.57778873230984
241.6182283536334,89.08635271432698,71.79906326890207,80.04294031976946
241.98931007495906,93.67428701814052,71.13177776636905,79.16027792704715
241.15423131860734,94.75678872066354,70.7635172244918,77.9390220424479
239.62801442544315,96.42329321678015,70.54212679588488,78.79440616621199
238.22629710333206,97.94230167835333,68.88139479887172,79.01301489537886
236.77606046047526,98.77084196345626,69.44536958566869,79.34673816294918
235.30369816822213,100.00524464991338,69.15336502512494,79.52288556408281
235.3441051094439,99.69216953469382,67.71993960093336,80.64180783727323
233.57876329540989,100.23385403103357,66.2815785436376,80.64138395300742
232.429699205635,101.33081000102302,67.48463803002635,80.29431287148797
228.1591807651729,104.26335698326662,69.64983520071499,79.44502701246957
223.962082273558,105.73698196554795,70.30793198710639,80.43785173014258
221.9673098184573,102.54620098029457,71.24340952403199,80.88780311639032
220.05212486556752,98.69544515851696,71.20845135630995,82.64356452343432
219.93048052908847,94.03049330348826,70.93092000763878,84.86974852218802
219.75163419687655,85.01624445037874,69.99339551565235,86.40611213416877
221.15607471463693,72.6734965226626,68.14874525596471,87.01922410898581
221.4360494643168,64.03428149563386,66.886564766672,86.31181622664192
219.18011856100767,55.908566151972614,66.64255289317549,86.02503127675739
218.522597643252,50.86035711471982,67.18803904078248,84.74263942236894
217.24585730010384,47.49719700252112,67.06571320470943,83.09331305557981
216.7522516755323,45.92846427692519,67.18507534229545,82.70960502959882
217.23575538339423,47.447096501802335,67.40070287625579,82.7863146742354
217.28345825010172,48.688747577252045,67.17059036252635,82.49697605101542
216.37824328086106,53.654852295710015,68.51025637927,82.67148086275671
216.505423241656,54.853717568974474,69.22412312889901,82.40705968054664
216.14086656351432,58.46761155298742,69.88970150267988,82.50948525927367
216.97552917106216,63.88693165709535,69.59932008851041,82.73304368997383
216.92080112604805,68.94611780928528,69.33601218718275,83.1154104831892
216.79140619651517,74.26483795337366,69.30493181390484,82.53442676086937
217.4696673014359,80.70036527757257,69.36239747904813,82.6778851282186
219.06829542415062,87.21956604481487,68.49795449655811,82.80635943296741
219.99148865577953,91.95690687419795,68.99917588432874,82.52556834579549
221.20457098551856,97.39455713366772,68.76067072688012,81.9667637222417
221.54163895326474,102.37977148087083,69.27470200578139,81.03644752325782
223.0366805342793,106.5202760421552,68.76584600325239,80.65596158641907
222.8665742080915,106.24963327721385,68.70412844265346,80.01529678556753
225.31707613081824,102.65118728408022,67.97557609332418,80.60028224336187
227.3910046281306,97.73340826152878,67.4466477695827,80.31544272071574
230.71383502346663,91.73795389600805,66.79610941161937,80.80280378330016
231.78362416889013,83.66923467925352,67.15250685357566,81.81875459931655
233.52076740596266,77.94593853341688,68.09438287027535,80.63139379650741
232.4350073546173,72.13529829128085,68.82551882341463,81.41914957679998
230.44949267782573,64.6334064663425,70.15138106464734,81.04484427556582
232.17140648934782,58.14795698171599,70.7442637039018,82.30732916706006
233.55017688857734,49.90338200610468,70.98322911958456,82.3942402724575
234.8839638621622,41.9283355525877,71.46239274794584,82.64153433610767
238.161854991567,35.980603543122896,70.76680421853689,83.60695894921452
242.28418645705472,30.917678430197704,70.4009903171025,83.72315226893697
246.8536491690526,26.98965479533736,68.66181894050048,83.67390130562544
243.1154272957088,27.504526819624147,70.94694465206234,83.10644143459359
246.14177721214156,27.642657615963444,71.56554713776981,84.39921203414522
244.55936219196758,30.438861855511,73.04188976757247,84.66092190221808
243.7021226384202,32.909953466684314,74.31161153232863,85.49441826818932
243.77511731453768,35.69499893000944,75.25804895697965,86.98500630043189
247.6233401820188,36.936871160629465,76.90329710019125,88.6711465208935
248.0452067710774,40.349408450992186,77.4196038714912,91.20067475388876
246.97613204813246,46.059390112705195,79.94004731657617,91.61388995066538
248.6200979733996,52.648246387777405,80.21378743831664,90.37897601502291
241.06052815583473,60.5399492959583,84.41077932259192,88.96461927092675
241.56003399403812,62.79439358137683,84.10960613142606,90.10905387361264
236.5995221199741,63.156470613746734,84.42909885080655,90.89917977045883
235.372064886467,56.3289037696169,85.15309586405489,92.71946600846215
231.38963592964993,48.49219018937629,85.63735199012189,94.57367167236134
225.6515308021555,41.18176857836497,86.50950016472746,96.96931519498213
220.6270478090743,31.454783723102082,86.21400852454707,95.57400550182138
214.83761462141342,29.37629237976008,86.27090891933906,95.11838404727003
210.76092705257417,28.362927551140288,85.6449232858383,93.82100605756747
206.59319153432426,28.129492140032497,85.03756042188647,93.12896350583591
203.1346285448384,30.96152064314154,83.32301735636364,92.8252242066796
201.24430981303428,34.10044138303445,82.07739825869254,93.3093532469133
197.90173817625345,35.50669920321809,81.35862946484089,92.83954547893677
194.941733814621,37.86784571984796,80.55335265801547,92.12676677749465
192.20142300521115,39.524544287582,79.90424929743452,90.97262037826314
190.6277482600729,43.6958532342868,78.66599822084696,90.04998205714969
187.19035433970805,46.014626411480656,77.69903448610673,89.03219454713759
184.47509083022214,49.84741275617684,76.51046570277137,87.99426878081042
181.69674690764353,53.65431157684242,75.74130449168473,86.99919357829151
175.0011125760791,56.63369745236457,75.54976656759436,86.10724244873768
174.90121345984244,61.079206791089575,74.57163730601862,88.12465768547224
172.02373550191146,63.220885144890104,74.87265330717716,86.96109010140634
168.06474210673613,68.83172559462758,75.93635342684303,85.27271913845482
162.95324862257644,73.8693996818179,76.89019919795784,84.75150819399364
162.56559342803632,76.18149445502443,77.13578111480527,83.060553577619
165.30912320781613,76.9985167130777,77.79646716452905,83.44353190964173
168.39483235813992,72.44777009529467,78.61419748067227,84.58699968973295
172.8930588010537,63.219142595153926,79.97202792766942,84.58205643256815
177.05071052865216,55.77989768600738,80.0534119801019,84.82865786127384
180.60101863501933,46.76941803715954,80.27931811767886,85.27436081131327
186.36670350139408,38.992540952190694,78.81373570029797,86.480681891041
189.38458571518117,32.69965182691363,79.00764561201824,87.2211852163632
193.62099305131989,29.18973087099259,78.34659136530844,88.18811536978242
197.38430929401264,26.917918996710597,77.58064861533552,88.92923672462388
199.92321901920923,25.7396994481403,77.3613720841013,90.0964208226037
203.26117828585245,25.94747040996082,77.91955866098326,91.10702326045863
205.83480064115327,24.45618109506075,78.61832749637163,92.38201870124816
210.13831113726957,22.427377332694086,79.09679386986167,93.08842946008183
213.9958889696527,21.990344028102804,79.11328665022481,93.2985971840143
218.45691507631912,24.014036343299054,79.44776519861072,93.99165626013425
221.86461450267,25.162702075078563,79.82165686943804,94.12929899014823
221.45328254922043,29.802448672865943,80.8240144454179,95.14913173756663
221.95016059450046,36.19325425841565,81.09549425573672,96.83964466619867
227.18836946845116,38.23414174939644,83.02593113735196,98.80994888498171
226.83100412289033,45.32310526702952,83.65481772895197,102.06161970432981
231.68375581508622,53.25979896120403,84.72642539802698,103.80149258514584
228.75383206476565,61.51009711347177,86.07434100245843,102.78876935800292
226.75278302125292,68.84322247002558,86.89904088468043,100.50773058947539
220.14577249660715,72.86427407008529,88.0398578934446,99.99773140470631
217.16948914544108,76.42627577699533,87.82811127943154,100.80392189194825
208.54196312327994,61.16972557264877,87.83152491127821,101.66654203025561
206.43619814104272,47.757620602364426,87.75323420467109,102.02027009826571
204.01134348442912,34.61388338821508,86.74125347349525,101.6851973769062
198.59777353000402,26.751122691162998,85.96992174080495,101.68872532466027
193.2621659959458,17.337559282971,85.11393229537154,97.78273980583919
188.07375584531445,17.05450680752999,82.95842589833103,95.2436156173932
183.8409873359741,16.889524101107213,80.47862085310791,91.78333335148204
180.4557197558688,20.16686094643886,76.5765962751593,90.58070853472012
180.6577423384631,25.28819240087776,72.73343034047004,90.4015908528931
182.89348172479237,28.018906501519396,69.48499906269981,89.82095193154757
178.05354600639777,31.714276075844865,70.93787121665204,87.31283025649893
177.19914154163004,36.339546552063695,70.88831952187417,84.81085450105223
176.49296554123794,40.203180403190835,70.89462751631069,83.24067174066197
173.24611115347471,43.33809052531852,70.83782397799442,82.30408723706822
170.72347944181502,45.94249849961997,70.722196345253,82.37044972092991
168.56752450606857,48.49146610581962,70.20811649354033,82.76833836869908
164.8248697335831,51.33509737723669,69.75347557235526,83.70522562521185
160.63513384352,56.40265049693394,68.8865007429844,84.68154478559764
158.15138242027817,63.26049711860044,68.46659676344876,84.4615247218911
156.13022344934902,70.01164705300398,68.6202297172852,84.88775554613821
152.7225494546787,75.11217785062915,70.29982884340562,84.43042163490887
149.6195517271416,78.10953890068166,71.79021236381794,83.21540744343423
148.70091645408965,78.5703967911573,73.25902553296494,80.98544385784123
151.24170386101605,73.60841454982322,73.17248159908648,81.68774105077549
153.96453749383244,65.58130854898697,73.304406706348,82.35712734596606
158.1511292875934,52.141409865929376,73.02019997887245,84.13338810624629
162.27878827136576,40.07765395198444,72.62037746420862,85.6142725079887
168.46042403019715,30.489071199088173,71.5507546663334,86.20514193223826
171.6459080592865,24.329351276335302,71.20237962954755,86.0394104596898
174.81805000429978,20.021709351897897,70.84340200249098,86.13396142892594
176.69012300321003,18.357513763778257,71.24398037371955,86.69404754191754
179.57049128435136,16.84176936405349,71.39200388223763,86.95605444401295
182.52717247094063,19.342176479368668,71.28464174175565,87.41720052908694
185.09350865898776,16.837840159277583,71.78480761486792,87.15462196763947
187.37929509664156,16.739996588794952,71.02372773196147,87.28304019313032
190.2568635704174,16.492588872263354,70.69989619288754,85.99294435128354
193.36242276683103,18.302538002247786,70.65691535041431,86.4220177442993
192.48467205254437,21.021213499045544,70.8316816915929,85.85337440756413
194.58096487881525,25.304258451145394,70.86833359550866,85.8847175935744
193.26918816735235,28.503179031787056,70.8719903681201,86.24789280115704
195.20015837627034,33.10665338976915,70.49931253115575,86.12079523570554
194.81718689915516,39.27614012131882,70.74729755958958,87.14700655654175
195.0059377130013,46.47549964960689,70.95064015539664,86.53515559536356
192.7672885547296,52.413777669437735,72.32948137393282,86.79452103397335
192.0584237454274,55.91003164867981,72.72932626124445,86.63975969566742
192.07897312202584,59.10633309781584,72.89144151268337,87.32051247213901
191.22130767979684,62.118391003629156,72.98260102091305,88.32121365041107
190.29697500193703,57.88400449812411,73.66316339697266,89.52740578983912
189.18624181095637,53.02085441428945,74.03235381133602,90.66569421587026
188.3179320013536,46.933308333019895,74.70495684995988,91.5467609572668
187.49114756590131,39.40483625868707,74.79609736564748,93.05753582492659
187.66492069087246,34.15372410763945,75.17702692480248,92.9749307965775
189.32477941779632,29.619883030743253,74.36729920941912,91.52228156761842
187.1214308063887,31.66321347070285,75.32935555737168,90.77927532026759
186.56428873565517,30.322748513525497,75.63458377442316,90.0224930420869
185.34269861581114,31.3117933654689,76.26372347246236,89.37785830474519
183.90479922340245,31.54619010968007,77.06568426175053,89.81245623716407
183.87350117479173,32.401971432655785,77.12068692792765,90.14170822935046
182.82594139314853,30.98394734993704,76.50857091649178,88.41415776197545
182.12061924683906,31.946141181281433,76.23397494040341,87.00581578886948
180.35516306558884,32.152760985473876,75.44785734990091,86.75838669100077
179.51683472698346,34.109673825070786,75.26534657048478,85.58354368926666
178.07855835566457,37.70150540385252,74.55240818420104,86.18406784859772
175.49651584247405,39.043040927454506,74.61106546857769,84.97780999852968
171.62963607019842,45.35317216042556,74.89113829895662,85.45235992577605
166.45109027235605,51.79042351128156,74.92003432274194,87.05034658105868
166.47618336941838,60.84552917733809,76.22831606513309,86.73630262260284
160.35257458488627,70.58520133939334,76.20284286118704,85.97558241348258
158.63419501110536,80.11876663759347,74.90558082192022,87.49256207709207
153.18952704109375,86.75338470342686,75.41604293687021,86.46175978331591
149.61712448260562,94.26151669730706,75.04719143763556,85.57660217220348
146.38393424069977,99.27145824069645,75.02166051016184,86.29668452426748
142.8281568179813,104.16260118241614,73.74065248938786,86.58914954109665
140.38197861711268,107.1048175935611,73.93011992551837,86.57597259344053
