51.5,53.5,87,290
54.633867759687774,55.0577071868737,92.2438869095185,288.72022844088883
57.17101673555861,55.975249237690576,93.8161558256052,284.8350053889072
59.86304561714795,56.289597567019825,93.63211980620093,283.1081184226315
61.83786587630661,56.26431012742887,93.63006606270966,284.3523301960395
64.89062560406069,57.155694777333736,90.9156803924493,282.86713276393414
68.83696752950479,56.63508956123292,90.15537607342144,283.6403913202107
71.95552963068825,58.17043022033084,87.89769732851303,283.70294927127145
75.60371472203038,54.627411239638576,88.6295501835485,285.1188336147971
78.04569990380267,56.8378011967161,88.34324608358423,281.96452472897
80.50291496354446,57.899882560880144,87.65455019795687,280.06333990710743
84.75825755451396,59.3336018694942,88.33578338912578,278.4080348166814
88.00109802882852,54.68229544160209,86.46961499848003,279.38007268314675
92.08576410425516,58.926316386720146,86.31910456393537,279.8611326987334
94.29282288714523,57.21378683745047,86.54235853822479,278.7407616138621
97.08686326662598,59.07906456095117,86.3114965216339,278.2785429397794
99.77280253648951,55.60293217613406,85.66640650271984,277.2365292784749
102.57027270168916,60.939893159773646,86.56801339445796,275.6734729041523
104.35769744776792,58.65397283850035,85.8160484619318,272.9139832473214
107.96680391655153,62.85877592136592,85.89438675193416,272.3931438471848
110.1948889863648,61.795701831345525,85.06860463377674,271.35626235651023
114.28302752371536,64.4223944608193,84.8907592416623,268.66577668710124
116.2240505154531,64.58032955508082,83.65867806760454,271.06623035111727
120.52400887761159,65.2918830845635,83.93711923055562,267.78436961096907
122.7394516968549,65.10223087901696,85.02683200362908,267.30810716281684
125.19492062369284,66.88219087306925,85.33417637270098,266.1189333104239
128.22165052228092,67.02558372091994,86.11071936025385,264.54681457734614
128.2367765956958,67.17612883550882,87.62480353239381,261.4441565552759
127.54821800195299,69.06650856803472,90.07579650475338,258.999779598502
129.7487135133287,70.36795723900818,91.1840990382153,255.74402030377342
133.36773179984448,72.05975300003192,91.0521201090742,255.73795649550158
137.2283008217661,70.59995508623288,90.2365611553493,255.23094852900175
138.08062889572085,69.76712759541329,89.52750761516685,254.949433014654
138.0428880187103,72.65656091277464,91.27852993563236,253.4206278919247
141.00695654432454,72.2307883230425,93.08937270084067,250.36202254343488
140.436951977043,72.00615167539038,95.10788897270234,250.39437362709208
142.48785132563395,69.79290555992995,95.64765798258219,248.35534976761988
144.64110629422862,71.67254067781927,95.08304658207499,249.89350432508465
146.77541740289308,71.12326455611013,95.91484102505487,247.8273109992738
150.6689793396536,72.72179688695772,92.92015470493963,244.61674279727134
153.51601829706019,72.88882297548417,91.47665090206493,244.21032474020592
157.0958883234566,75.39950555320857,89.69558297222744,243.5421333175147
162.73303328150465,75.14082843237472,86.47767046702,243.6872970241139
168.44260175224736,72.82310133645471,83.6541870594701,245.77491252805717
170.79186334604043,73.60791644121917,81.44650335323773,247.63048135035808
171.58850960563728,71.74814599433611,80.50212695934158,251.37660113614658
174.76252410468334,68.64737657246756,79.06859867459787,249.78725262407923
177.2402380744811,74.00928525773753,77.75092159903124,249.77196758691332
180.07833482430456,72.45985929462188,77.2634344973946,248.3315267007972
182.57590195325525,72.15681900746411,76.73358363335305,247.69211624728072
184.0463926451879,73.26010308411978,76.56091446529288,245.07437281315998
184.69832269731467,70.35043931293038,76.04144886367907,244.88587927246994
187.54520037140873,74.23199786252971,75.00624806947653,242.64075562343606
190.30714244432752,69.62293803447831,74.00962375029911,243.17323494445586
191.1952584771837,75.17674906237957,75.3876866522381,240.48459539445167
193.36418383331971,73.39857137782874,75.84556700762359,239.49280260834092
193.68723843673314,75.00956664427909,76.69941536228967,234.2486343792122
194.27020824845772,76.02675037256262,77.78667412407913,233.79453315990406
195.45465725174995,77.34890160278638,78.5450251199513,233.31057410804112
196.03157033512502,75.01656262651892,80.09870370249926,233.19133797137317
196.9715539338813,79.542611749959,80.98730001397414,228.37332337698936
199.72739128438525,80.38690238045562,81.165846145791,226.75889864619754
203.1020119197918,79.36037763575885,79.7697104200218,227.90800477573924
205.78118133456562,79.73187906647463,78.63554847417169,226.2567438338252
206.49158975773392,81.96890811310898,76.87039550556068,225.61046598729112
207.47613571508566,83.13557602057699,76.24619954975765,227.18495278130285
210.11415619321366,85.6712199837902,75.42188646062812,228.7120449436826
210.8588661929823,83.96428107602631,73.7554016697691,229.4091995555513
213.8826259085212,82.50644551790302,72.2284630072765,229.09802731471171
215.14517447576173,83.87869025434242,70.92057318537937,231.29646472553043
215.11600535333696,81.70486780577926,69.72432366072053,230.85643424194996
217.6436601974076,89.59224972227449,69.45648765116812,226.9069935138179
218.6929707219486,87.09197608893227,68.46750183596518,225.84688947816468
220.33476822857347,88.91376385254065,67.83726814321108,222.98653757994572
222.85784315141854,90.84265836250296,67.25768247598772,220.99368503100652
221.81445164599316,84.88133791010864,67.71054565174786,222.5209192127727
222.01143051792656,81.75759766283548,67.61752356371336,223.33639239454436
223.01660032860306,87.28018786785225,67.44453049616283,225.20814885890047
223.9472903353556,83.90988629957386,67.35197184133848,225.48522813071116
224.80440864236482,82.76738020849376,67.36112866756663,225.25056672697963
225.1166865451736,83.9136137941694,67.24040526179418,224.90210933651215
227.42200627774724,84.08023644216468,67.61008863447648,224.25898420110127
228.18870720001001,82.25811522281028,67.71522705789528,223.98344185549306
226.90304476827058,83.29864346769226,67.89736577749905,223.68170131421542
228.82865513398735,89.00593067886476,67.99417146475139,223.02396569039337
229.61221876419376,91.08646343567865,68.1180611167989,222.12732640814986
231.59470361708833,91.06774376929773,68.07005618037317,221.61765744833204
233.78965822319392,89.7989882797878,68.11846474388828,221.27997936141867
236.74818475789348,89.10769663524911,68.16846985625189,221.06717578774123
238.70883783680674,84.05235594032986,68.16686622833261,220.9233215025309
232.9141245705374,89.72131955693418,68.27997058679895,220.7523988545884
238.4284595284191,85.60550727828146,68.29557309382615,220.62527783694264
244.84734978025776,86.37677769447767,68.29698688793935,220.53031650760963
242.92899498016817,88.2945722260349,68.10107939598598,220.07480885967155
243.06382222273348,82.13672124301513,68.03642842574122,219.92566326101382
244.06379716427722,86.92375997579214,67.92109789785549,218.33400957780844
245.44958132027296,84.54012055566106,67.6792973375577,217.48522386957816
247.32131693634338,84.45486234435967,67.58969692641601,216.517464907278
248.57657555350764,83.50871526116285,67.32386844140086,213.46617510837012
248.65950045553652,85.77737712599199,67.10688766826576,210.61795879677214
253.7904427649113,86.55872660295955,67.12902919545127,209.93473001238124
247.08624177417926,91.73797413985913,67.31801551224251,209.3530513066851
251.85150181588295,90.57251866940841,67.35957890204064,208.93326868793994
254.24478168983694,88.95422340419766,67.31663668877013,208.61756854033715
255.02061185902875,93.5814318841691,67.38094684274951,208.11942961841916
256.25501221460314,92.11321209463352,67.36014227112705,207.55621609652292
259.1473804397748,95.28686305060829,67.16398118394295,206.76984443664858
257.9803731678672,100.88090042150552,66.88781821082091,205.3492534060968
257.73859342543676,99.66381106863948,66.61422209847184,205.36016236314114
257.9523235508696,102.39991375800773,66.3468344871907,203.68540252006443
261.3604995978633,102.60584526309702,66.42660103410303,200.8885006571942
260.89878952538646,104.36043279359774,65.7455522373681,200.19308396945326
263.5619286469078,101.71446147012617,66.02995791232468,196.65106226855704
263.303534538219,99.06004214644038,65.75689440460074,196.05687099725796
261.9334690533244,97.43048490626798,65.73886216066013,195.88189295593529
262.01045294049726,99.82767154098663,65.77818451561832,194.9727766921895
263.6328831783554,91.70626386815177,65.78118709417757,194.93684066456822
264.31247850781637,94.69897510624041,65.79185338887659,194.8746717246153
264.9488557323713,94.67948106228853,65.79724043833234,194.8066312387676
265.5838635059261,94.03733445306558,65.80607640031705,194.71994800915442
266.4648195360422,92.90801016248174,65.80401078898305,194.6787394507347
265.59459406938663,93.63118797215515,65.79391884318967,194.62649558389796
265.4203896873437,90.76869802961572,65.75538078010226,194.4661304868296
263.89842423292714,92.49393846745322,65.94333772996632,193.51459150950055
264.51153685862465,92.49422236282426,65.68510585721047,193.42471092693413
264.3980139362477,90.35781033496204,65.64365328124903,193.27365822026843
262.2468068182456,90.50765097338741,65.1648580484117,192.78342953674425
264.5690759518699,89.49206763867616,64.5119727467088,190.824249536016
263.32503853133375,88.30401096641766,64.06790771427639,189.70540114194657
264.2636030699779,85.23009420358245,63.62487604623654,188.60869636042705
266.53829713815156,89.01071674120129,62.73511844692227,185.91756084329484
266.4409347862676,88.36074680374455,61.79497727067772,183.7774284201584
267.5777646704654,86.78984878021123,61.8386075699548,182.9694230222177
268.7536462371974,85.86621136973471,61.57856406387108,182.14971328506527
269.4562322204653,86.49532278613829,61.94519452271983,181.66527187105848
270.59826362344467,85.44064499996884,61.89570794204191,180.89346575363908
271.13715286705144,87.5655801163941,61.11073801734551,180.38367444687498
272.4610112532141,84.53669219691082,60.91245576383429,181.04725759022386
274.1175353759997,85.0693614785919,60.267874324674835,180.60997042704633
274.47687379358877,85.5940258536742,60.37017338919306,180.21274808118625
275.3236719293581,83.56792182323807,59.517645743104524,180.23541035806193
275.9964118822173,82.15549200095484,59.17486032495787,182.76534827664
277.263059235337,79.69583707661909,59.08769303342177,184.27176554527915
277.65655589189527,84.33920156989876,58.97227246515159,185.04225701770417
280.26539229157555,82.87014949199454,58.45841035762453,184.68319744861333
281.5309568224109,80.86473302975324,59.19572106569878,185.4407244610781
282.96207940357147,81.179849677569,58.48105008970268,184.5652877747291
283.1311797604079,83.32732345826102,58.335226347274514,182.96650148348664
282.49730868189164,83.32908380293571,59.269580235359484,182.8909360192473
284.97909180158507,83.61166503586709,59.43391650375466,183.01136250926376
285.311242109934,84.13398408422779,60.321665404688304,181.02288343201258
287.43959927540647,84.8685601139,60.91918910703805,179.0451448467511
287.99289116435057,84.93643308083881,61.8249382454096,179.34452602216265
288.25328128794655,83.83180131312545,61.6331856807605,179.30210131563075
290.4663798938721,85.40914731973768,61.958224430823364,177.98139308135984
291.8983347966269,87.51633678047628,61.76161151175786,176.0677286526805
291.6122664924186,86.44322499647791,62.141628819809085,176.57491055846106
292.98789819518737,87.16639046440602,61.8510516210891,176.3111959756398
294.5420315979215,86.20029535466455,62.53905709345295,177.13377992910102
293.47350253815733,88.06057182329609,63.16678291374879,175.6068469583449
293.2491241805568,89.09955497020646,64.54331775375906,173.3385537950364
293.44941748389834,89.09849593231748,65.8515969088329,171.63544747601608
294.0661699859131,88.75515538093572,66.2610982295714,169.8611865488266
295.2307200085984,87.5112657386122,64.9408698587385,170.1683272817616
294.31350727406027,87.00827863630556,64.0371101605021,171.2388215250392
295.53940918907335,89.85786168448598,63.72931449011348,169.72089741781411
296.1407078213957,87.37823967685213,65.58067349568663,168.49992273648758
296.5294357872074,89.67787996366691,64.47920531435508,167.36284089714147
298.43377431050845,88.70937143852254,62.607450698745055,167.07796582897623
297.6784548357001,89.79718520362049,61.72138402092037,165.77009800337018
297.7956545400224,93.73379440821236,61.65356266670389,163.87650720343936
299.8353944181636,88.88670868167274,60.27314454257781,163.91673464101567
302.99235277810686,88.30842186123354,58.86113288250583,164.29259794234787
304.9073797160865,87.93599028496763,57.5072125915227,165.22696783425766
305.84709728437906,87.36015472253462,56.381725487793574,164.01205751915177
306.47722350754464,88.78477393233979,56.150320378231505,164.42761344921183
305.7593055132526,87.07124907330714,55.969882248392054,163.90356019524648
308.4845263188396,90.00935264316769,54.905360684978206,163.74443889384327
309.4917830498688,88.00696483998134,54.13341011297256,163.00618776681753
311.0659289783669,87.86560883363094,53.614922628763765,164.4690815212328
312.7293134928243,89.11974585630307,53.026761960139545,164.82663384422045
313.3165995500756,89.17107741160001,53.437785453394596,163.83133956049272
312.9172951738078,88.75466623326524,52.522340932729065,161.11713432927164
314.76131319162926,91.16119330416248,52.16096243073186,160.27286904970555
314.9843019002898,91.99900787441146,52.12791255156734,160.09329086307264
314.97514630646884,89.83300881772558,51.90269218427181,157.28235846878448
315.6778076601997,96.11540602843868,51.85946828986708,154.94072288372303
316.51571852093457,90.669736005574,51.81320763502478,154.6161253150115
317.54916341970517,96.97105835523952,52.015758011586385,153.2767614842107
317.2638116831619,91.13222569151469,52.41222235584483,153.36570458265646
318.5827374242522,97.05760255478117,51.879724944327776,151.3334094132524
319.3333159327878,91.73691093942533,51.298800163641914,151.87239472526292
321.0324438593429,91.40369517356342,50.623948241195805,153.43557462095845
322.68277777849124,90.438074145195,50.26806933569936,154.36100331748105
323.4880013560736,92.95516335364533,49.23967965657835,153.03899597830866
324.6609678010032,92.3257356164994,49.84505167928627,152.9266404006596
324.30234120328305,91.8965750955692,50.42071220821984,153.29804928140817
324.9291043638662,92.97839760098947,51.035797461226494,152.42037734261964
325.25744316737115,92.7751400304727,50.40950534844878,151.21753250402367
325.9785145592324,94.64393482163963,50.432758968992594,150.349644784025
326.0272360824589,95.56277248007785,49.54382816914838,148.71057118986585
327.004513031957,95.25888987557863,49.158569676493656,148.4254632904773
327.609333861005,96.62028509501235,48.41650380689569,147.27204896264044
327.8638438546309,94.65008187896936,48.84057128779108,147.31119835660996
330.45872255803584,97.28677965158384,49.95321733099344,147.54531681131996
328.79890488170787,95.0071985399032,49.37903502045663,147.2928831179332
327.9836457833157,97.48857842977637,49.874054097482386,145.8819777102114
327.89685504372267,97.48707023600046,49.50616147274077,144.6917490444719
331.1707727495887,96.85507139463905,50.29641314291793,144.60747631093494
328.5054354138807,95.47026572809496,49.74611447525308,144.61262588827057
332.0936030905745,97.13758139295317,50.566295349587676,144.25940935347603
329.72857920748953,94.97843116721529,50.06166770834798,143.9537259449359
330.858546785652,98.88985564439571,48.91989792582525,141.29665705801892
331.38406037894526,96.35628671632443,47.66614839841648,141.43750201789072
331.7614120283425,95.18669052876903,45.850253540784124,142.21714899524304
332.0302086994259,102.76278442695838,44.242153506684694,140.41013026624717
332.07125831408496,97.4406514221746,43.84492714304337,139.7313038151824
333.34820479955556,95.87683341405635,43.954724500700195,139.3012723375987
333.9969509099677,97.20586764018279,44.14653574953375,137.18027284839667
332.551794289974,99.29942697531285,45.6008270655024,136.01529205846185
333.3491221738532,98.19792172489103,46.26155669660878,135.09324533884651
333.1221232801545,97.9951363555362,47.43698013651009,134.71458858713106
332.9655481738392,99.92195045924889,47.58903750155499,134.85071267233874
333.2231281092927,97.31785493836502,47.251604480561596,135.64594223110478
336.0751720550241,96.71064901722023,46.830864195757684,137.62832028423648
335.53612859976005,97.62523067545882,46.06169635317302,136.7178370991947
335.4301775456636,98.59944279458456,45.1508140852216,136.02482567794456
335.2731383530038,99.95053004036654,45.28963749975215,134.12687746563932
335.42204828807195,100.94600067021724,46.62839416293347,132.4586739593292
335.19866319245205,100.60887718160143,46.744342214194816,131.9056375779869
335.095521069612,100.99177671691422,46.69249260143266,130.79274507421962
335.0396916949317,101.15814207537701,46.39534362607892,130.22026280971903
335.9511540803272,100.33991771582386,45.511600719549506,129.58226337246853
335.968087278702,99.44283822665683,44.516301687015826,129.9843562297012
336.4351249796563,99.34209816555375,43.17175338543184,130.25292722085726
339.43701676713926,98.32880381854497,43.249937164286784,132.0280055331762
338.689807479091,99.7884055281566,42.23295814020932,130.76029554409058
338.64637333036353,99.18974933979104,41.951596661043425,129.69404881780963
337.04655763774315,101.42480199444572,43.10057244287526,128.34384754979055
336.47095273478476,99.97037954045669,43.98106093245448,128.08207893047063
340.1268837795268,101.20830621328491,44.17788538548145,128.78866443521702
338.37259222064364,100.61742277590487,44.12356724477908,128.04416046742492
337.1012887277362,100.72848148617587,43.99807601930557,128.21739690058547
337.01782832767196,99.5903818862045,44.13466118821249,127.99360015364405
338.13341689060456,99.81556892051202,43.452281788978425,126.81488891633546
337.19763261273204,102.71324323844935,43.08552141100763,125.43573662674376
337.62714246242837,100.27169824660487,42.362164013989805,125.88220780550108
336.9534740067708,101.43038630231723,42.80115051722775,124.67716642231731
335.9540481464093,101.37393130099866,43.37599422613273,123.47950010525994
336.59513282655075,102.3510496313341,43.86159277203886,122.29530532758085
336.9755077379647,102.95650803904806,43.52148484831986,121.62443854190758
336.08964304585515,103.1359932460921,43.60292068204759,121.07613655159136
335.77293862061,102.86507399743168,43.3827758797746,121.37081275154415
339.98034990273527,101.9170329212734,42.58259021356481,122.39604291029993
338.7153088938847,103.66796345083422,42.43089356190866,121.48928964498626
337.6585664594936,104.96770480430516,42.85470691427239,120.24593455778775
337.1158926021045,103.8099748459391,42.95957610388881,120.22518589259542
336.12783988441464,104.95672367636337,43.62616129467014,119.19537667683812
339.1527784240116,104.45055046718198,43.97767619850849,119.82544259645783
337.47892098976166,103.98691975219843,43.43066836688929,119.68522048207527
337.78752984219767,105.94292860645355,43.12953972590017,118.5412763323724
337.7218742502101,104.07333741426369,42.90281248442982,118.37850788057048
339.91486094109064,106.00574653199949,43.932236746711666,117.58012665109558
336.81171063322387,105.29175565753283,44.01774735771489,116.84920003287193
336.4226177844883,104.96508889157751,44.24457775285221,115.83840979120774
334.56197286595307,104.71160633319363,45.48859579464991,115.31563350153476
336.9465497135276,105.92054168497313,45.956770628858706,115.55220224728606
336.0561655974783,105.57865366314556,45.19348435274814,114.29789404621312
334.66878156484626,106.02576597592297,45.78835844752268,113.40633055989693
336.68468924597795,106.50569928469,45.70173995224839,113.57008182985982
336.42874879791,106.33336833174378,45.436852700438955,112.01536793943419
335.08147522417187,107.69817920138843,46.1042232293391,110.68100915676416
337.72253787058344,106.74531811936619,45.2499353083422,112.15380356330704
337.36984718572546,107.37723649452195,44.970130637656666,110.99569389697655
339.18357716086206,107.87415944673445,45.214162119573366,111.54427171767972
338.5444378112053,106.49003848642852,44.6167511931469,112.00606875494503
337.97736697078443,107.99541146018439,44.11217188476136,111.16354380428999
340.79728840666394,107.9722435719562,43.61584078515806,111.81756145120687
339.6650550437146,107.79697411787936,42.391157702173075,110.87828231088338
340.1417982855169,108.09415861738769,41.73884839242133,110.0758963649549
341.05946977927016,108.7720120440858,40.5380145511284,108.9725731609079
341.12566912357175,107.23205776072234,39.728772100127415,108.63748438838614
341.11992490730916,108.61173000634926,39.96731572464631,107.3739693601374
340.97033177668004,108.84478965779998,39.058499060985525,106.82494019006847
342.94559127791706,106.92600755451355,39.663461492379824,107.80007406255015
342.1977005758722,110.64133261080865,39.12681558552595,105.63707312369652
340.9302614553654,109.22240602904417,39.06048347078089,105.1092799249208
341.38368957244825,109.15434771165246,38.77102073026748,104.42559987830009
342.5923270033463,109.33373867774338,38.349414041307675,103.94144459752455
342.14595589349744,109.53988011722804,38.735440367259976,103.70775797671868
342.1293968129111,110.181537799612,38.331165369758395,102.99834092738044
341.739997845797,110.1879814968156,38.15195155758006,102.60266207341286
343.6288490099148,109.44242556753183,38.199033985051294,103.71867051792171
342.4683879361865,111.53981315464273,38.520851632690984,102.39227541343257
343.8623268040126,110.99250991712096,38.84694179254669,102.44506279286455
341.02523909122084,109.46054160979845,39.853147991293014,102.3028939368522
342.57010764182195,109.57705596971451,39.86545690296916,102.6135879657765
344.2633913051581,110.30614167878085,39.798345915179354,102.68179041086404
342.06371807431645,110.0631087679351,39.93599508453471,101.96435977640928
343.5258771135375,108.24860615145647,40.322805145588546,102.89368038946299
344.9911517162192,108.67731540178696,40.222146191384866,103.40207275992628
342.0050575400995,110.0898580499684,40.9019146331933,102.44593532714218
343.79541191014386,109.86718438418563,41.245399036949124,102.13516328824723
344.876973148479,110.05476504920469,41.459549643012025,102.45679694493396
341.6886520087445,110.3676609592774,41.382497102076954,101.6533889905026
344.09165390579847,109.92570049670564,40.85022787751865,101.54564735375266
342.08549720107635,109.93680046665796,40.130506126898155,101.33382665078462
344.15824730429813,108.9208319159217,40.045115058943395,101.35513886669804
342.4216530530035,109.70813608470068,39.600952077233856,100.18917004954679
344.1368026924409,110.05858941374301,39.639717272464914,99.6478122999342
341.36605361699253,110.03357274329205,39.786460059897266,98.59196704929863
342.84358860133375,109.32663415881409,39.955596157346505,98.53895126056719
343.5310233883793,110.67754146318484,40.22146244789461,98.36397805387953
340.64551952746217,110.63630629831599,40.60968723363277,97.82019060640316
342.52387823059104,109.70298982682115,40.10073775263743,98.20806712162795
340.0450952124773,111.8128053235797,40.57188125010764,96.78787603518484
341.65741876269766,108.55935766608025,40.33077182361702,98.2758385308173
342.2328212660915,110.29576146989282,40.596389660762526,96.82978887874327
339.5479445041374,111.42219730262329,40.79937224961213,95.7506647528026
340.71961675741613,109.46699603246334,40.902978417111626,96.79541163249323
341.4018277449835,108.74642768424674,41.10148356886132,97.25133695655094
341.9871824869243,109.67150543249835,41.76322673981822,96.2028830653677
339.09347845205497,111.67843849385046,41.94394297224616,95.08926070181874
340.86263873720486,109.49570976929833,41.44254747938477,96.07169155103898
337.58832574767285,110.78041577236196,41.85335607563631,94.77395191296134
339.26057448429987,109.9697190309841,42.33467666421085,95.20127052656119
340.8778990425318,109.2247909054048,42.2566187247337,95.54474301536015
337.3385541685274,111.97373616992874,42.903661648859384,93.91811908978212
340.035515339873,112.41340146215377,41.64378872175661,93.58613855435092
338.71106986283377,111.75149477865381,40.500788816231164,93.3651504477333
340.10457405020094,111.79451513758247,40.31070140859891,92.99477036153264
340.9705740295084,111.32108572214678,40.29730219995345,93.06907459216521
341.4822713848503,112.74214910533136,40.328963584392895,92.2209974941081
337.86480434023565,112.47970381865034,40.35904699994668,91.51237328170355
339.0843629115061,112.67955392315349,40.43255149856486,91.02117014545354
340.15830093260956,113.34870114870867,40.13826773293114,90.3028101340023
341.22893394974665,112.08688026154364,39.71078377072428,90.68306697486068
341.74337966945336,114.6124584665385,39.47764467782646,89.2002739929868
342.34618506712934,114.53992177935356,39.415318441724324,88.95652576548899
342.8699548231412,114.34527925793125,39.282930108537485,88.93778217593119
338.8350269415009,113.83668704658574,40.108946607902034,88.56783550368968
340.86876431199016,114.34987379705866,39.62740245278469,88.53214144562637
341.8613351405662,115.31661335212803,39.515983348885754,87.85975297174099
342.873984484545,116.11302979314421,39.11882677938222,87.95989680288918
340.4243998987148,115.37067288836155,39.29594242321063,86.91328694111355
341.86954973686517,115.22060001378152,39.02988958261851,86.5472791401256
343.03023655331674,115.8639819018003,38.842353172768355,86.23994657603643
344.4307493522242,116.57015032949202,38.58943901370456,85.80076122564643
341.1650994590504,116.55461597657697,38.48179941940647,85.2378773948936
342.66877867757177,115.53219745762642,38.366226127169654,84.88345152767383
343.83439583697185,117.2784915722848,37.70478291077881,83.56712233918958
