302.5,135.5,67,81
298.17374173938686,133.40412910622163,67.74109093071121,81.87534674322994
295.8605841081095,138.04866865061996,69.92671996737474,84.03070658875944
294.60243189810615,142.59415076933854,71.84412567856111,84.61009147241606
297.02871041291496,145.0507561912205,73.19174679530573,84.95831089217145
298.34990406628003,143.9339015841006,74.21336596020959,84.96538631925608
304.23750849625765,143.65599295163943,73.55168058353071,85.16641742657039
305.6797547576639,143.25127079489636,72.88023771091046,85.19109452957298
305.11191571427435,142.80024944949096,74.47530986521548,86.81676508569825
302.7549162416257,143.25123180942813,75.6132156136438,88.11097784842887
305.18020517934764,146.0165130250444,78.27638256928515,89.33645980501373
305.47979366238,145.75764030603636,82.37055973301162,87.70914279643554
311.3156126718962,143.12230654432898,84.87896493449932,88.56842716784226
318.1085615299315,136.3026004608358,84.84309506571879,89.14898332439162
324.4244590711737,130.66100902336657,82.87189301607123,89.81556616270899
326.47508772343076,128.06046653744028,82.18237672985248,88.56784723288919
328.02605748146004,129.05812631240383,81.93990686596973,89.44161728638619
327.4900500259135,127.89095975895188,82.34097619228884,90.41807921847777
324.64712727493446,124.80571397518992,85.20542081343328,91.86807222414255
330.4164122942908,120.88321835055682,86.32201167865131,93.32003139943416
335.8748530473655,116.83412471781284,86.79411676002631,94.13396316031394
341.94771423051714,113.75343605852109,87.49455432872054,92.89917081642186
347.1624557315009,110.08986435940716,88.01205752517834,93.2026831187635
349.9502498890399,111.03670407713277,89.67370237202654,94.61536416648184
359.7557274282686,118.06671858793995,89.56502085313954,97.01524076925713
367.87808831742814,126.3658407559727,91.14781753795518,99.71057553475414
371.7637249336065,128.8878910858293,93.7586482255814,100.09044986588566
366.4026448253323,120.86554208265228,94.3277561121128,101.55334168937836
356.38881085148245,105.6094019955984,91.4374572171611,104.59322692024881
347.1311800692324,91.63805457586724,90.0699615947715,105.38134641181074
340.86565487308434,86.56676030571097,87.22363924536843,103.60268556247483
334.8290935570107,83.08821601314159,84.93008936164657,100.36253713284309
331.9508392592558,83.03976826942124,86.30600227310477,98.88100947785061
332.35101112569475,86.35801164904213,86.91931811282822,98.72802319926072
335.7018275023817,92.86646255421621,87.68111051890871,97.4714010443691
340.3877016731082,105.2197101219261,89.92503524264127,100.70462415540928
345.1650881481893,110.47049413194677,93.90570273742532,100.46700552959402
354.91535612916505,125.04526863735285,95.29565063167507,101.47285202659435
364.93990224739673,130.49323846188946,95.90641519147628,103.8079495174137
363.12726674598787,116.78564776521915,96.43285644804772,108.76563998973381
355.490693398436,96.32044582895824,93.35209269698443,112.58042038813454
354.7581137343725,88.24440108573262,91.67191277454691,110.39035060334555
352.5037132491529,85.17334975169256,89.57113751970533,110.03540632394643
354.212977423075,82.85252027507174,87.54364675521217,110.12136259087825
354.126832030922,87.19159979048882,87.69474350991884,110.409798256089
356.8015487284729,92.88557703932766,88.90547122855611,107.11893829423897
360.95499337022306,105.63343981829485,90.17447343980672,106.01170722788174
363.0314973941081,120.90457582320721,90.82780751697555,106.3328614265531
372.6782237183979,141.24283520801657,91.39420861290284,111.55082050117264
371.36549304790395,143.39691521313108,94.1569954046687,115.53019425101442
364.83497049009753,131.56743206898244,91.53584771785232,122.56921692053729
359.9378838644707,115.07000662474854,88.98442084093224,124.22207638444458
357.5687066572701,103.19790856706798,88.05356148351322,122.14096083903908
352.1358170138817,99.2148910545581,86.6543795276143,119.88257245555056
351.79584054690014,101.9822974098051,86.22353982470615,116.8842718815159
350.9735781449364,108.69746753684011,85.10831926921276,114.43379860895223
351.0492615040275,121.35809541824241,81.80507204832972,114.42373249763688
351.821360645597,135.57280961504,80.78882798596264,111.3031839563366
351.5631789623808,155.3966501097126,81.27127970325725,109.73181217109297
348.3906933919902,167.85891498748933,82.15503582481227,104.4051923429077
341.25217831683165,168.10242966225178,82.39150620645275,101.76343410391746
332.5344292079789,151.74686478515324,82.63402461153613,102.83407809456475
324.3854553100173,132.3117737621552,80.68503751671237,105.97874286761157
318.95118822727994,121.33155090294414,79.43588827154245,103.39874516562357
312.89811526560084,117.75694951015039,77.80601124568192,99.67086131180676
307.6253793338805,117.8242405283815,76.67096686614158,95.25067003004428
304.86047349300725,122.71391995705503,75.01528078711547,92.93358477041448
304.1630754678188,129.712352065456,73.55763290400532,91.20246190187916
302.6955057669276,142.39440266134588,72.91033288318037,90.2319153975994
301.421853764034,156.49402191737607,72.6638260445462,89.54012317460152
300.954430685852,176.86887306967395,71.41281275915296,92.64610705774989
301.43865588643786,190.78957721174467,71.62134046924837,95.82889349101566
296.82649350761557,186.70120874764035,72.68522573562099,97.46908895727972
285.2160254894709,173.9947197308804,72.72424839605581,97.22625758833378
279.4506284841887,149.00507957423002,73.70632300049223,97.84437762331424
273.00525633116575,135.99156406439127,72.7627529602247,98.97361010478375
268.74609068080485,126.54859040643291,73.0350296115935,98.33088806340066
266.02047691392943,123.9507758828444,71.77910477870611,96.70965929578887
263.470358680094,125.52148814896341,70.6979366557703,93.65554325233705
260.2816118556679,133.13142259883222,70.5286025115012,90.8814503383172
259.05995142863515,144.77939616556557,69.30559946534387,91.63152562001164
258.57609023926557,157.51624884083412,68.61073098276262,91.35767988861515
258.5647257710527,174.64978201177672,69.96097695181166,89.03440016782372
254.89141279518188,187.11302343119965,68.77111246318456,92.16854812731772
254.5103303337028,188.77941028509653,67.59893559785083,94.73163461468386
252.40686042459032,181.87029055824914,67.22199928311065,93.05439448463841
245.99346051331196,174.86604063559682,67.97443158247404,88.68523739329756
242.57370498281125,173.5317523738782,68.93477413303845,86.49139669566544
238.2262291989372,180.31816821710328,67.29782701151652,83.33615324316304
237.91744534473207,187.47805457258886,66.69647472747987,82.04447005550728
236.89339021300867,195.88469816523317,67.00516469616505,81.18640404636614
236.24364338085996,204.38418838230467,67.54131562231086,80.14246740494777
296.1003417612229,149.21648628061251,71.01517472095998,83.7537810321602
301.4489433659578,160.43525881852167,72.51647500575294,84.67310660758696
299.49305929117395,170.60190767513453,73.9137728164992,85.20215363618259
303.94769000471086,175.69336672257728,73.96321919887365,85.2074012059699
305.6440623764042,177.80343144705222,73.9742947317474,85.20771786679175
306.14825142560886,180.8126189596535,74.01503181430719,85.20359836527086
353.0352499468124,221.82812573272548,72.72362449357973,84.43620328836515
352.2750921593976,219.04967505316236,72.47796542756312,83.36235351452632
354.6962759458115,212.5689504890226,71.77083936321921,83.02449195860177
351.04944909249923,211.35335451837372,71.77107609291508,82.96505327322103
365.9375524302507,209.90479729383398,68.66936702178222,83.93069315584087
390.1985713386167,246.87758567430225,68.63136851169085,85.43734112634961
354.4291121414374,218.6839121965474,68.44065738944799,84.44015515339251
344.24278785010677,222.4995647425529,66.8321181516747,81.74198414036101
346.2735173642413,229.63373505534443,64.52213111971294,80.5119583341139
340.0843500306678,226.99384386160554,64.91015034954304,81.98406249893542
329.0839770505406,203.51013041691067,64.5881748284742,82.48955243764159
332.894803073757,193.29320371949632,64.43193396825978,82.43563575190387
336.1666177070186,191.83567768918823,64.79470442860418,81.90529925699333
320.6806892736488,191.6144732305208,64.09637429888376,83.0435040083927
317.3269004345072,201.84492993659867,63.1440904125308,85.23161174491854
317.19538143470146,186.68074664885128,62.93599571646733,85.56579954844068
326.78194151423406,175.46400815608604,64.73562908218243,84.2086767109731
322.2821730616633,180.4617313606874,65.45726147682596,83.77930181208538
316.8253329642908,197.11893371560348,66.51943448468126,84.81171030415746
306.88155706940927,197.28776660607767,66.0916805646054,85.52939780709126
310.90150039941716,187.4383125586068,65.43891701249981,87.06587799981128
301.9198526179682,192.5820608464569,65.88682027193093,86.43066699997777
306.7665015038144,198.83213647789344,66.00908474846851,86.40396353678732
283.5776776134388,183.3280224129143,65.91107411247158,86.53026799120852
348.2140295990078,218.57048833756986,64.971698388404,87.9706596282255
347.6035976776031,190.11223118760068,65.6241840807503,87.88589600457989
339.0512587861933,186.90264616131032,66.10068994279358,87.86169142337154
330.8885979628871,175.60288947936561,66.1696620258073,87.87351252651874
317.1370710812222,146.50038477621933,66.35814059382457,87.99411794111211
258.01009569328755,131.43004302529326,66.82588226324854,85.6740394190385
270.2919675256595,136.20060647063787,66.41104530626833,85.60394085629115
277.6755897042015,125.38695702007628,66.00038359078592,85.67787214266824
227.66798066804,47.33403660023332,61.42011216115576,94.14192831438541
228.1821387708717,36.072473383411015,60.11751981814043,95.05182881114037
230.58740859745652,55.90435002892666,59.92970040651737,95.17100398690596
227.85501005531646,56.90796343615944,59.66349086848303,95.46523052441488
230.37668280559203,46.97021355166959,59.65087847645242,95.4751773911729
232.40264866520917,42.98079740465256,59.37835044374159,95.76603857009465
277.69666785544337,139.64027807431893,65.44170213895674,89.51362080986348
277.8912045501455,142.89368303553172,68.2741377293498,85.42978189764602
286.3393684589062,153.5837235021163,65.90036526308576,84.58833240368587
280.42124836066375,154.89543919053824,65.80265026700476,84.39048009788691
278.94624612050643,149.44098213364327,65.54757185394786,84.15354116907429
271.33270271065743,151.77388507587654,64.98477792108238,83.4854889047555
269.1141810584059,151.14315438338144,66.19906817764226,82.13222613050496
269.7710371207718,150.4931385542477,67.35871897557897,79.53237594902022
272.3706993034219,148.32436100786765,67.07849441801804,79.88091927725397
265.82514020375186,150.62597542187933,68.1525275419797,80.9387293248104
266.64952545277936,139.15350825013087,68.06989376172095,78.4030347010222
262.2172183215696,141.32339685809282,67.45444840042232,80.8311093146271
258.8419763198497,140.53136760053275,66.66018886595919,81.79853131508355
246.83535890050177,136.55550271311097,66.21173280194509,80.36131837142122
233.74727635879515,142.659967223315,70.587362683332,77.35115892041014
227.22771240686973,149.742753245049,73.06377028841575,80.61252398021367
223.30159311372455,146.09224665674634,73.13582651310335,82.68552697920668
226.20894607704528,149.90295885565405,68.5604498053263,85.54084627951136
217.85204122018104,138.26778555854415,68.06233019776573,84.929440859571
216.84333645165646,138.14678543259564,69.22625146834682,82.86163285722608
214.45436925408387,142.67949230309998,69.06244821166709,83.80095983124426
212.63847768777936,139.1092938142504,69.40661962132992,83.29869809846363
211.11957248664277,142.59731395318056,70.00798383372276,84.64430164994909
209.5576016294621,146.02366993655102,72.34157058096676,85.07485718122447
209.53399507574008,145.58668471072997,72.84667467580704,83.68429196735448
213.6886275018228,141.06361005929057,73.31938938449363,86.0933949331056
215.9722333082787,144.20927384311048,71.16771202947064,90.7483039758784
221.3260712162508,143.36800254171845,69.87428849471542,90.52400530058625
225.26381023736428,146.69962361197352,70.6688362779889,89.07850607999802
235.01372885548545,152.6277022496629,69.79488977355808,89.4963585092091
232.081955052245,150.76769405932006,69.61970866604972,89.12583543448098
251.880794713028,159.83610257690037,72.59250206176893,89.60892005642481
258.1359080673574,159.48333905134223,75.81095882478985,86.32132572196676
269.4530485932119,169.1973097378625,76.88921172388645,84.526042353687
270.6424355697233,169.3432719765687,75.86574427702053,85.5611586677861
273.7643150785762,170.90453586522742,75.45417386557699,85.92469627819452
279.1245732724862,174.84172695126097,76.18708956088683,84.9520451203791
282.30296457550855,176.6115904086896,76.12730974720057,83.8316280600293
288.46439794510263,178.69428311627723,75.32814562947236,82.831741139956
290.6800234780644,179.50412858984447,75.12819682490135,78.11404704378887
296.1048940656742,181.70191335233613,74.35456267482823,75.18395951534185
299.39134107146486,182.50913005527048,73.25433206580429,72.5222664210958
306.9262339481147,183.9957116159027,71.13907321374967,69.73682589337723
308.60324162744155,185.54893497187416,71.99085886522792,69.36324093871275
304.96915213361393,187.54911330530211,70.71401107370828,69.68088983368548
309.1867116345719,183.31239484261704,71.3272080736845,69.03962167330118
311.59733024577486,179.58123190836065,74.5993451035979,65.11912645874514
317.8168201282222,175.85623292144084,74.72394489802936,64.89805338003347
334.391649586987,175.25259290974924,75.02014016751147,64.7397018230639
337.68247708752006,174.60054405691386,75.16127016247805,61.96140874351738
340.8725780454465,173.29193529334623,76.17545120026895,62.39258777654255
347.32352184739284,185.7304114100792,73.53936788714786,64.81437211534224
355.15196180867486,195.0525216251374,73.1425988196863,65.077631925094
362.0584227563529,207.57748681607353,71.8064873796525,66.50131718958403
352.8537901519298,196.41569538444955,71.47475336669697,66.36360969333494
352.854622064925,180.02252400318434,69.13046535323704,68.58051924358504
350.26974844562346,171.8659693497656,67.44313690061693,71.63731427277361
344.9650366324691,164.8080084975178,67.44743223865672,74.87364212808711
343.95834267751405,161.33132060420562,66.08831877527575,77.96187437719009
340.30510714794536,171.43004185844904,67.74507393399199,78.88669100871786
329.7587573014453,182.04894896655202,69.22120410794909,79.22951949270725
336.2898308614733,203.22549698503502,69.71074327481934,80.00254116204005
347.30866696021747,200.19231837580412,67.82874696539255,81.3474966890651
345.09967354001924,195.06335209983044,67.49746956552423,81.57000977690113
332.44190208789536,178.68301256338452,69.08281456327776,83.50984419952442
339.49205601607696,166.9795440744794,69.05718798895809,83.4277598760651
335.96751614270624,157.2743025005746,72.43961291048885,82.66380263996359
337.5283829380981,149.01009315307562,70.54398536733547,83.45107333996643
336.88437923427307,147.06964294233254,69.41835823633505,84.37207052124876
327.84732157383485,168.78824248940438,69.69891162178665,84.120948545025
328.98885754692,171.4049770961248,70.09869766588136,84.61715510139004
328.7857882705997,183.38708557223646,70.26886074440269,84.57816054601736
321.86891736246577,178.86935234967305,70.54186685815594,84.4270882948551
316.6579509474992,176.3491321737084,70.23125574277654,84.77671748955781
305.6617399136551,166.62675824376885,69.52363890055268,85.57078480744477
302.7905132082467,158.21661575817583,69.69786168240216,80.90746344012979
300.09941835550194,155.6313782113376,69.79148003016468,79.55399224855849
296.9034955083986,159.96676433035879,70.17959018207402,77.08194714140598
295.76532926800195,165.28897793733074,67.90892988408919,76.98498048349231
292.27662518994043,169.0603148788557,66.56543807683335,75.7022357805877
287.7449290061892,181.99262648886346,67.1405120010374,74.99026911574794
291.40928368459737,191.19900565426144,64.4023511595409,75.80746836551839
293.8079271568347,195.12812867240788,63.69413548887002,78.09247374829289
296.3400692193953,189.70121391839928,63.35014393195557,77.83985603646147
297.5504737757126,184.5275006876992,64.08534997702057,73.91344445464875
293.1121028951744,180.83841039715216,65.80849295269651,70.83313084934143
295.1363443602239,174.98200989597487,65.58557059236071,69.53862098438647
298.5158539377335,175.25812970744255,65.02181386943994,69.36115218159195
295.06630402564497,179.88309523544007,63.601682660291786,69.91888599681269
297.96541982079077,186.95149825278025,61.092824229408706,72.02837970578472
298.33364077919447,191.26767277698212,58.500284972017525,72.58420204409971
297.03573838288446,193.40596547341718,57.68553893188913,72.52955192344636
299.8562607850915,186.55086374373818,55.892984365664844,70.93770097759197
294.63867483642525,177.24473676935722,54.3469960991178,70.38578561483047
289.1348076622974,166.41091176720983,54.528224786362784,69.75529986167894
287.5674246626213,163.49186454085333,55.34584639179411,67.1630945554808
287.8776229980734,163.76577971746661,55.105073670417724,64.28831460584921
286.1730641726824,167.4975042628622,55.18399541742152,63.52666204673531
288.07841693753295,172.9184269398364,54.00891072016371,63.35370859952518
291.7228295343872,182.2305947798998,52.445001030910795,61.9613198645888
292.11554552321974,184.70343424269677,52.04122423966042,61.05990048718212
293.18203926520056,186.5981849931582,52.01889230188715,60.3962470411451
291.63565188907114,173.28965211813284,52.85230507180038,59.37811419805621
298.97685175654215,179.02434294910398,51.553352030278745,58.438536765850216
298.54644088133153,185.00627916409394,51.950354157706506,57.45694697442016
300.7698424150866,187.6590296080554,51.711856925920245,56.26446412238588
299.7925126032397,187.32502921909023,52.1412005496294,55.92674845725442
296.91502088520537,175.21298952408307,52.040429610240295,58.276569805886865
294.99987557172284,168.10580469491498,53.039292424628975,57.77576288188662
294.2093085140183,159.66138153915952,52.937950734755574,57.17863392789464
298.1965638046862,152.98657346425907,52.47408745032527,56.56101546618428
301.80250299639596,149.85745522082715,50.327151903667136,55.14006417838992
304.15333500805997,147.21094860026957,47.45765884362654,53.790713394389115
303.0682855520923,151.21967515677116,46.07961722974401,53.306235001387144
304.6917517123587,155.66338872167893,45.12464634071438,52.66022384904968
301.70761773224643,159.51892453223266,46.50495071985381,51.407764193121615
300.1941047598733,158.3238192044006,48.59299125724765,50.194993758240116
300.25135634508484,150.11873762436042,50.67213308728232,49.42103864744642
270.6404365702271,109.25989565826502,45.49640488797429,55.555257003465364
272.704590451067,114.81546808935165,43.44258671980039,56.01526673571348
275.9668810182829,120.75413241073758,41.37180244892452,55.86323792814669
275.4210408064261,123.8904054141164,39.95596863428055,55.565168258821934
305.6835793860165,126.98701512702517,41.21204992236544,53.2132731623806
307.1691823765409,131.481436757643,41.47651522313123,50.48676424791617
303.9373585743477,135.47299295136816,42.559348275210496,49.98661828350053
302.0693068579065,140.21398610711353,42.28035647417563,48.92263410061089
297.9886797444158,141.53595938986385,41.90293634660387,49.431757746520766
296.9262386235698,136.65077687916047,41.68722429660878,49.36513431883081
293.5899817052274,130.647384748971,43.368763230186886,49.38707341777178
293.63275001871824,127.09885068242718,43.078086399967646,48.430381022294966
291.93480524688516,126.35626857802158,43.2024400702207,47.80121446252095
289.6498768514155,128.29786615375946,44.09152193402078,46.527168528650805
287.7987369161803,132.0189499650144,44.683508416124496,46.17310229316483
288.6239237787505,138.5237422415363,44.07303356335959,46.96658971582903
232.86422386040897,107.82939415768223,42.68406242836295,49.197742701164145
230.8950416959413,106.15111641200205,43.567405232868936,49.15794590141733
231.1134473774879,105.47816029641956,42.07484636077308,49.875710172873134
224.76984468674138,110.37267698776947,41.03596798677294,49.633579446728504
217.26254561244838,117.07965692303972,40.64442294688243,49.65777475044338
217.57519244778447,121.8742381362336,41.317309379512196,50.9676763880815
212.17712469718867,132.04432041525075,41.38271673128976,51.73525223226885
208.27698698186163,139.36146548566916,41.68922871513598,51.0735868701796
206.49006386011456,135.13507179508736,42.18632897169161,52.687238127686015
203.70619125142704,126.3615107127483,42.095984074473186,54.78749711792561
202.3995760385155,119.33421576142422,41.90746002565635,54.201821555791085
203.1877727879546,117.95535844537594,39.92542115629473,53.05457126402899
203.23870660564867,117.20059440533977,38.013319331873106,52.698647769775754
201.90518962164563,117.55443895122916,36.54395784547245,54.75962971376358
199.07265076027414,124.78417466918448,37.358061008431484,54.9173371947841
199.77355617241554,133.75061816138683,36.96395515736953,54.80679022197609
199.74405323273197,139.56579400959254,35.8944194479534,52.20662041033028
201.9733474912177,131.22270539242925,34.68213949612171,51.75560396484731
201.44220283548484,125.99496659264769,35.23072569975359,50.72814279793093
201.58050125737924,118.21441617349416,36.20447801997388,49.35541337500753
203.43874651670782,115.10605135793433,36.597675783329635,48.28216688613205
206.35887718733252,115.24035819940632,37.85770331003066,46.42241305216421
207.60487556065632,118.70641697409815,39.20655024090382,47.028246972201934
208.10377168631163,121.46942501671917,41.47457062501499,49.61050534679876
207.6510838346615,129.61364108072004,41.43671522251077,52.49780297038392
209.01809123979592,138.13676818920584,40.12782326933572,54.89725416723071
211.0402787986625,142.36625236499782,39.30726645375712,55.911513316562235
212.69918112816586,133.3784391291512,39.480712071315985,56.852221956834626
213.5473498561948,120.7495818814835,38.2654392626942,56.304360127707135
214.6545535054879,115.16411885915232,38.237270729824544,54.18965213153696
215.94962294185163,114.67691023240165,38.39480870646237,50.95835468243209
217.21935324775637,114.41488202300877,37.98106096620435,49.15902943884906
218.47075405433958,118.55402009975938,37.7430269998275,50.568640477120326
218.44126868423186,122.9177157837554,38.46467234588937,51.66568720422106
218.5628949936323,128.82704548050853,38.200596168296016,54.675791772506784
220.93034440196308,140.57317219281651,37.611825529277255,56.42267218272968
223.50617097054814,144.9971804053556,36.849276758409644,57.77247546742932
224.22541975039394,136.31971860986874,36.03609903724189,59.678776354850804
224.92257583883134,127.83104657663637,36.24212889566073,56.26926434221399
226.95667464879867,125.92987132084394,36.88128868234226,54.007558457314474
228.18279108310355,126.38348829669981,37.487644795360865,53.624764555727864
230.24658189381617,127.1875544927567,38.486329653427866,53.750146472543506
228.53483861015658,132.51236964726695,40.00419361923793,53.041622006113336
227.58226083762918,137.35550505115606,41.53731696896305,52.2094905263381
225.3023816278679,145.16220951553245,43.547199413830484,52.18051706053693
223.097636497473,153.00850909983225,43.94423421121086,50.53603934426891
222.5502527048722,152.8424174036462,42.725825641322075,50.720545926018744
221.43289755768944,147.9903803566749,40.49245827608071,51.768063890505786
221.31813637886728,141.40181932004708,39.51848513125307,51.928528134476785
222.65112428805895,138.78662776468494,39.451211266757724,50.170602815483036
222.62194594609664,137.2537218227357,39.95486650319542,48.53305128080238
221.2175423759095,139.49922693945518,39.85813484619122,47.86391113594074
220.791405115192,144.65626148519647,39.09273179823688,49.5914546695802
218.02878631826616,150.73829742522474,40.33568608596673,50.058275543124765
216.67601582173998,158.60367925584077,41.691457367524585,49.9067526808429
218.1845437741299,161.86242162751608,42.11906427211672,50.087814347099176
218.15346376833847,155.7706402297996,42.4081234903379,51.20534568653849
218.63250097594326,149.36884633611405,41.85077777767348,51.49931852945163
221.70898641717324,145.49751421507892,40.76631885810416,50.77782757437831
222.15675369792874,145.8763008403505,39.53881560166785,50.55833078419663
224.17827846293645,145.02081342554865,38.12640777048973,51.1455140383685
225.13155856462828,145.2715118590385,38.969453699613354,51.219510728937344
224.284471234073,148.47374085488755,39.84538968512958,51.266441573146224
227.54235446827832,152.96571209634584,41.031344884962394,52.083529249226245
225.19448533926172,161.9220802268896,41.27219479918455,51.08719008286526
231.5836132880357,161.5442853194355,44.46242187282796,50.988935731971466
233.8652916224117,158.1785215548717,46.0562908129017,50.37050674864787
228.0518046754416,150.2663356751935,44.907278035394114,51.730815817269416
232.48400116730983,144.78748518936422,44.68285678475093,51.771293812243414
231.2754276173551,152.18868141834687,43.538524077760385,51.92312498709062
265.057784555986,124.57525984775253,41.227762226865714,54.37350175865039
306.41673223902296,121.99192296002313,40.91474356977618,52.441811657766415
309.4989467262355,122.61424597308587,39.980970742354344,50.56032653986312
313.1104099288252,125.08041947515329,38.404365633866796,50.190006036430205
315.1678623575099,128.3485846527841,37.7410687190786,48.63706744294835
316.9250680925288,131.34703064822668,36.930401898927826,47.26013766748679
319.52135804942947,131.39843003048287,36.10027163112266,45.46998123886615
320.46762646086006,131.76457989517633,36.600476965243786,44.74378937158669
321.0681946007506,132.4558600220707,36.952671464538426,44.561358269142204
320.8699710127626,133.0175635891028,37.276144264133904,44.78592865411336
320.7364880144915,135.57548234915564,37.31597887904523,45.9398779687245
318.2798012801305,136.31831085465964,36.61182724705921,46.13481051441052
320.1231086779263,134.62790354743476,35.563934155950605,46.96235216629009
320.2437036628299,137.76493484093336,35.39189576647725,47.04432195081389
311.23014028714107,132.59273090532918,35.35520453994957,47.679961931092066
313.9516650220715,133.18435760932408,34.91041699864707,48.26632834560441
325.95649483880976,94.96936056923687,33.53599791998011,51.26195047753663
323.94626860405907,94.3148252852193,33.25417950019927,52.03825178278109
300.7739756871871,106.04523125968038,33.9098882282303,53.617902327755424
301.66859158711986,100.1640863013266,34.76826947691828,53.59463640492439
301.5269154474667,97.81370861378494,36.11332829919333,52.85468743430458
298.19672943519134,97.22496043450121,36.68012627665541,53.74867275027712
292.41699842879547,97.08329554321654,38.270338564105415,53.82804418540674
236.24366522374999,150.15973349488092,42.268349273512754,51.39360547690215
231.93805853514868,149.92767089404677,42.5737059460034,50.58913021470328
234.575662649501,151.48391895170946,42.31375412217549,50.28291733492786
235.7298363183262,156.3163213293303,41.95462255429288,51.34028150211051
234.01472271456754,158.71702067140043,42.8715271700286,52.580813970313955
241.69113823475539,158.88675837841797,43.59436255726521,54.30417639540549
239.43280771313468,166.31335260545012,43.20210808079225,54.18945134313558
214.91526531205886,170.26967385444115,43.53545643274859,54.49613009606908
214.06675665811176,168.68931356222797,42.25987137324166,54.65752111353987
218.80739564156454,156.0177128385037,41.65460334743713,57.048673305617285
228.61910061191918,149.94413600568453,42.836456926014975,56.40555235119949
231.7911722693161,153.61250669742392,44.3202216503142,56.37087777069924
235.15107584735654,157.714193631786,44.93703625555534,58.377152034299286
225.5375755367429,162.1938901438726,46.99702561579625,59.3768721311588
225.75582294486767,170.96887131208396,47.243692713895314,60.02252365582009
233.2553476518465,179.45896707333765,48.47554692542592,56.91894479658177
238.9159807331502,182.26801301433372,48.26117048754999,58.08207430436009
241.2465034007227,182.0569862895964,45.30698438340015,60.579241527180656
245.5542297793313,179.07157122662494,44.41730639119758,61.933778222795226
229.11712726046073,187.75462821071693,47.762933624373346,57.668590653842195
278.5324891713289,167.43237881671794,49.24996645546898,57.55859191376402
280.2183562138817,177.47773016461727,50.82860554312343,57.76812305890773
277.51184416287964,187.57769941098735,52.39223746945309,57.976093959478106
263.1264168841326,131.61772926257277,48.7577766277773,65.96742250093624
265.0896155105635,128.516055822141,45.781892380172124,74.41345565346722
266.9306719983481,131.72183411834823,44.2557430638895,81.29290419563529
266.52437490313537,129.40694060044217,43.71232264497802,85.34893525190942
266.2065050971755,131.78187056985433,44.538019294465784,87.18802213239053
265.2303105395377,136.48552936914058,45.06956528535184,89.41322616315156
