282.5,104.5,67,84
286.5706910720622,106.64165221879797,69.44386871036787,84.03368593792285
294.12475800050106,109.9425377791191,70.80807639096565,83.93091250557404
299.07381975245323,112.15550124140293,71.00310397959062,84.0802080732244
305.51986974506764,114.48082306786722,70.7872763866347,83.10819691808331
312.1284597291912,115.74653912267377,69.80962221337055,81.58332334595342
314.9460236083032,115.26506322982988,68.8703882196423,79.63173412555295
315.71084116716946,112.4506491198841,69.08675887545414,78.94849292939836
309.5610876136277,108.97904476949333,70.8373520268492,78.78746979576829
298.98123733570077,104.58734790521328,73.1648477639775,80.23804120148291
288.0633315864324,99.34280483136601,74.81380966839804,82.59960869530782
274.1273690757852,94.01914785800855,76.42553418920407,85.19506850841678
260.54179592718873,89.40888057215312,78.36366351862362,87.90679255995553
251.4164680763153,80.53453658530134,78.2950233371918,89.2274028359052
242.2358842208034,80.15222838715802,79.97496050317164,90.87592941133002
231.01777493724572,81.22493111343313,80.01314402084853,93.3232244401946
219.76972970079595,75.52886831726093,81.27543932773241,94.47782027790032
209.71530181347276,73.93013867380152,80.90456831099695,95.2339422177885
208.86792616877588,75.84276186012406,80.47168769769604,93.5264689011737
212.9460704134792,80.2448938679992,76.78753284476403,93.76597758287215
224.85785878734654,92.58479378381463,75.12710306968557,92.82497780006942
236.67170546522956,96.1900935916479,75.70784667986192,92.46192333134502
249.62427732541258,104.02553789288419,76.58853059621464,91.1985559767362
264.53078910604006,106.27421164127897,75.85473257512076,91.42106474215367
275.81723325659584,108.38221209551453,73.45388330599172,91.81370259711028
285.71596783664313,116.61670384759472,72.61259090370956,88.98940293084051
293.6739497764665,113.62818614398009,71.89192140425087,86.22595886877048
299.41827601750134,113.19423051648423,72.35510646185399,83.08036657227905
301.52701173869184,109.78397824827934,72.75606611078155,84.40224439970444
299.7458157959139,110.76735461848801,73.71902815052745,84.28481338227141
294.9636376874188,112.17288437199652,74.6503992524665,84.75620192861439
290.3778303376017,113.56602549503111,76.12770948585303,84.4314239035077
284.8749191097145,113.52363976564003,78.23852290079509,85.22995436735962
277.1459804820111,108.3637321540757,80.47357605952206,87.9621741276892
264.7678699917577,102.78656276957942,80.9801003084615,91.17376768794153
251.86996471304752,96.50279998447425,83.6027217026739,92.19232875772462
251.23546579818947,92.87909425479936,91.27226369895496,93.35183671747113
240.45217352359037,93.32193441602087,97.15984643998664,94.18755141074469
241.26412792655782,89.12748860346721,99.94001564079608,95.95461591030266
247.23647921712143,65.30396488495079,101.25426424680268,99.00714659318513
263.5610030578215,64.17867508399132,96.63882595566128,101.6644348528456
292.98295371192876,67.0977032762772,90.19193926536678,104.21255839228508
316.1468511850212,70.6392458891131,86.34150790560764,101.33789248958081
332.2949611787184,74.02528336823966,86.52064115918006,99.66908710835405
343.7126808433263,78.22708317338174,82.53655833631187,97.6640160739671
347.0184798434348,81.57370803509568,78.44327636659719,94.00713591268827
341.85894935262655,86.56863482753023,75.94449486469321,90.42111333291561
329.25388503489137,93.3070239060479,73.80045556193116,87.82271404398331
311.3685731713949,99.23302417930002,72.44275287290833,86.90467441209088
288.7974186003505,106.12277614921554,72.36536215537811,87.44643092453035
262.9679173714662,109.17270574175453,72.9584161268185,87.12928658320237
241.18023724085782,107.96207248634408,74.15203963266424,85.30355001556258
214.3068620924504,114.13187570496777,76.27398829373695,80.41982851178687
195.10391534294746,122.01757439620162,77.37429783888534,79.85010368333528
185.8832152812112,110.20747398770771,84.5709250512861,76.16146851704673
178.44853365121986,108.31157003099216,89.72753787639326,71.90537432323907
171.7555502093976,101.3559662819157,89.2867082283606,69.90213308329386
171.44882403674592,93.49736142491099,84.95260741585754,69.6590928964854
185.16501152140424,79.8800936199995,85.46150136743931,70.14543667281228
204.1202900203446,65.38754901956342,83.306838076834,76.59515790798619
226.79364091252333,53.56124222373879,81.95812976171483,82.37270092773605
251.24429031316433,52.577748234782554,85.23810155979805,83.74046851056032
274.03314917629285,49.613123567901425,87.1476808916465,86.84139901001777
296.2919226091564,47.7892389263936,88.02779714237445,91.08609927371579
302.8452597096929,49.90292300851289,85.5984224408131,94.63233359513394
298.3153100467812,50.07337709883568,87.19872942425994,97.13812727491623
295.6089165911019,53.77899600677432,88.27162299455398,102.12899288311121
300.23936131527427,57.867647413215224,90.51241964240067,105.72129379947745
314.72460391332083,68.9491382915511,94.4703630962099,106.30019055232721
329.92372717403157,74.32486765873288,93.1279961676839,103.82557298159887
350.5686145116702,66.16946709808045,91.76633733713321,104.25312577374115
366.0329146380515,62.63228479197362,93.38728618715382,106.08568101782126
376.9692702267514,54.07126058052857,95.024455075672,107.77719507791838
379.26087372035147,45.4534739255473,95.93774953424219,109.54876863965094
368.27491843435115,40.336029147885924,100.01049781376233,111.82777516885065
354.8392475178206,36.34320586228426,105.12800015402564,114.15830708932766
327.252679891638,37.70952383624875,108.8952287291446,118.4083905627854
299.9058671214479,43.63989756885014,113.88862462474947,118.35079899663047
276.59396827373934,48.05431640242044,116.0592629878912,118.90436374953381
262.0572757474436,52.73424189458795,124.84834437532153,120.0510873959361
248.04806402241493,60.492975401343365,125.32900422979782,121.74895241367527
229.2968784154836,60.47851305397582,125.97941621514488,122.57400633509494
213.7765552980166,66.20569683473076,125.75524616589914,122.96934733071397
196.56647918846846,66.20963684057591,125.47001508421422,122.15498852063422
183.65757152177014,66.1989414630987,124.32435042188334,120.08978397872889
173.78775407935427,69.00041704659499,123.16523500153926,118.65085430374072
162.89967775444077,60.093210229921425,123.93488549987701,116.24895552864058
151.62707087628425,57.37495692009461,124.23483901754258,116.04522434006667
123.91257954877443,46.000255112825045,120.91284129536496,112.79800586903451
102.39577593609707,51.46735532958084,118.30051346212595,110.32687153659714
98.33817311313419,50.066260623283945,115.59805019325678,109.43742700944789
98.89898781851886,57.7845144179434,111.78853859750514,106.79082687557332
108.90311462914154,66.30101288120775,107.80739030768066,104.07821588196697
120.80664318942482,70.55924991042328,102.5765451164354,102.28139876781083
133.7315063149393,72.80042911094992,99.39189988957632,97.91386735146109
148.16628675636517,77.08978610109583,96.79224028235939,91.58237817890853
163.48904665494646,80.19979942825009,96.78490598629543,86.35167907453439
174.76209412109625,89.35021380017727,96.4269347569988,84.72822230943977
175.86562055330398,94.38003183137602,94.13579968400947,82.95591973550667
176.39777312274094,97.31274701476985,91.79891690174111,81.13485763577832
177.20942064851099,99.14570708592984,91.39855216235769,78.56090114225441
174.42183899919382,102.03872247531984,91.53902164766802,76.85738226532987
174.59621702840587,102.27014463051589,89.92796342898089,76.75419479550062
181.81853153757828,101.4036327838581,89.670990813224,73.4810577527322
190.03333613407548,102.23852023574045,86.98852727300056,72.36770865882772
205.53997016418197,102.98244285976546,81.84050312453073,79.56279435712781
224.57151254787817,102.74120602357178,76.82248900533173,83.05842754298868
242.82304643994118,102.31041870713227,73.94006483692833,82.85405643135323
265.1064397549699,104.89953528735225,73.00369126229077,84.25207000934711
284.938991776592,105.99137136790438,72.8449005430213,85.05638751232061
298.10608479587177,102.88852821769072,77.41433617804574,85.91251545932386
317.23239255379093,100.44712661520492,79.35472145566439,85.56856209157206
327.0781869333355,98.58574089703274,84.24902060551086,84.8764522985158
333.6402842450802,96.65540578222718,88.01844551937498,83.2175559921772
341.5240783135959,96.62146450888793,89.0102625184519,81.70478367931288
350.73158805485,96.41773909464762,84.91055542150278,81.17688790439993
352.3148965571528,97.49050042617614,81.14200696414602,79.51026901178965
353.4210128986875,101.66673080023709,76.15937113433287,78.20323749340409
354.50130166291666,103.74472691317263,72.07263505847315,77.64998269429083
356.5537107400538,103.87232503777112,70.00785882772172,76.77097788233826
358.8288171403399,100.6208712779567,70.65514911705444,77.796822222951
362.9790654824116,94.08418384385767,72.61262610387044,79.47699335579748
365.2468246952576,86.27416376294045,74.8732035262619,80.76375104692879
354.4027232777628,78.521024943741,78.99030994096341,84.07709560274714
343.0519331629795,70.08057262177965,83.52920668359158,87.50223547616201
326.8616314339821,67.48313501071199,88.81832225706492,90.662498996332
306.51485992800184,66.37522984103978,92.08715594895708,96.05029353138565
278.0031431675487,66.16511518097474,95.08123918910152,98.53662464099023
252.35850627619521,65.20592749860488,96.42887783997264,97.74898251152828
238.01887266790865,66.6417492441432,96.61381560403112,98.31163991995726
240.55152173402485,75.06389595885113,100.87623906756289,102.46099120489686
219.01208788364488,81.5135153206694,105.29430201978764,105.2888366411114
194.37727838962496,89.48564876935475,107.92204097242708,105.4675822864653
181.3955804627059,114.52153743523988,108.52863293222225,103.93664510362083
164.6313864277807,77.98717297681516,107.70858655383046,100.90886217964996
143.46443894496335,80.986803352731,104.67565641570543,95.75200734307859
131.0488661856125,82.35555611981674,98.68481668965615,92.99518462712618
124.21770231364363,81.97557397205378,95.23922092590345,93.12562814876446
109.24625894468323,84.16975374953739,91.68042919702735,95.81241908360437
103.65921454383812,85.72179577657333,88.2686682367547,97.01314936821657
103.18230914010181,85.58082990639562,85.38880509021732,95.7306164202709
107.26889802349152,85.3345737404243,85.8172308314335,95.07606156299693
117.97287525458015,86.25536429874919,85.33543336693691,95.78259331560987
135.5952429915265,82.32830356781247,86.75432170285868,94.36458381129677
153.3217471327666,81.67188532350674,87.8391933642261,91.26915852393776
175.65324800604006,77.9712782305038,90.27564077539404,87.5773579928416
198.29046563518025,83.72696866636156,89.5543671382074,88.0148372895831
223.22548442612782,82.77015162917088,87.22139315494505,92.62595776456871
241.8064415698593,78.75372281845019,86.80363856596846,93.9970026037225
261.70737560068926,68.99257637910301,87.82194567520698,93.2031200216014
283.6108589168398,60.19234726026964,88.24824396600164,95.19626987151182
305.78613556492445,52.46369402910831,86.87772454434399,97.94661756308253
321.0296980322919,46.894719507491914,86.55674874901348,99.64563418749208
327.22258398525736,43.88602833021824,87.64508840008929,98.9482290588241
324.85666655527393,41.20439136196569,89.78379267152462,98.64144474490195
320.86940909592556,42.013706897135464,93.56158889744187,100.00110089456362
309.8444468246114,42.32344656581253,95.77790862744817,104.23091765019655
298.33546411260187,40.00824366949929,98.86402743281488,108.56308558262025
285.7593999155639,48.38007296599692,103.75330220445424,106.40693709857273
270.17910920037986,52.5304424949263,103.49997372271295,107.41602679895372
256.35094551441455,57.669381200864095,102.46242101346682,108.38076794786915
254.49121531218827,64.35014068628095,107.53832816093083,111.9851951745452
242.26570732627007,73.55279800910972,110.69524051033075,116.66339951082126
232.33699228182286,73.20034465815083,110.79543411851228,119.46016650708108
224.49149993927588,76.69850364450522,108.50071819630642,122.16661590650365
195.46050704351075,76.90673552166993,109.86138333964335,122.0214590543444
163.15696941506823,67.9809401318245,111.20443195468266,115.44434080388392
151.4114865670386,66.81388405602985,111.72176102354467,105.37331017135456
144.72181947460788,70.62322039527024,104.77862549710238,99.46139038918267
142.91943946442058,71.40894217455897,102.79811845052144,97.88179749916962
142.90552581251046,75.02579046463967,101.51147629766898,97.37346798825263
150.5369650013205,75.4035026909097,98.34688359509772,94.24314176416715
173.52156866738972,74.91321473339069,96.51756121168978,88.00867318076158
197.53598502356175,80.23010848749283,92.72102067463865,88.05390369318718
227.13161625971296,74.52979726616405,89.50108693768784,87.9098360037036
250.76603310553617,69.17261456881053,85.73288648578749,89.57964001230225
257.3309337716387,59.44817768062849,84.78189336586269,91.59593856283627
247.44811044550534,50.820688935099795,85.54269344525346,95.32252993786582
230.83256283812554,55.35950049895784,84.63327810093101,94.08377971969563
218.28012867678996,54.2883367428437,84.25590383937364,91.54572736437021
214.96109522639568,48.58871107675729,83.12545515330918,91.68715189142827
229.3209346914474,43.951559418855126,85.68769951727313,93.20951257265008
247.11381615283523,40.20039894107257,83.03471399928263,96.6877480065172
257.0737905735956,40.16925618999435,82.5992336178449,100.39436710967156
264.26266425222883,47.74150036934316,82.7935344478343,107.03429304235578
265.2862145939858,75.687134419359,83.62968328557591,101.74089863006824
259.97860119596146,87.0905791613082,81.9658668839927,98.37164456792277
260.03681277061406,96.17376953335162,76.74814301828731,94.74453231748828
262.7425750965389,97.30914931982501,75.12111801167077,91.7422508996776
270.3080457710388,95.15421376773749,76.27713344978037,89.01749981146983
279.3810641373674,89.7853419953365,78.06939589620035,89.60948758844954
284.0191733974875,81.64956109319428,78.52449489610177,90.04670834353963
276.6353417999454,71.82665182511802,78.61532303106634,92.49836260356912
269.1565988887645,69.13157928046957,81.18985807065226,93.82777914290875
264.57046121800613,61.056783037409275,84.16225328903059,95.49883216217142
262.78963144776293,53.21249386937257,87.0093757454143,96.46517386494405
248.60962823560897,48.98441974393623,93.9471390514361,93.964370020785
227.51869974525533,49.40577940942682,97.79731191959456,92.43046157952473
217.24317887497727,56.633903791750264,95.68635491137141,93.81825559289298
220.97101976499783,77.67594394886319,94.18324118552951,95.00796373081556
227.13499208930978,81.11328399704963,91.13078348301156,95.44333602930962
238.4645050488607,72.8713537335253,84.8059918015806,98.45137887599942
244.3068650976797,62.711680119132595,81.46536216567361,95.46819963078579
240.705432184402,61.12576402741752,78.74768718259762,90.70540332758264
235.48961517637443,61.11908429258217,76.97453108329631,85.80829755677482
222.10290858617225,65.46286135566724,76.66885223794387,80.17944995259259
215.33558561641058,69.93696764112474,79.4465878533705,78.37563416359899
197.07753979687806,84.08940325610202,80.91050969263087,72.85500365630068
198.00044764582046,98.8146484045409,80.85960227988704,69.64824008976959
236.42148298858933,123.35030465259453,82.3574974146618,72.51486628384788
242.79856637487146,116.36560257444076,84.45234301697548,77.11386047464029
262.10276325918767,97.70191628973711,84.65835659697582,86.83324087180637
278.43798191597625,78.09058641720092,85.2061886315432,91.37865833782601
293.75800469736294,61.40631732388227,89.27701953361364,95.92972978862348
306.7541576136339,52.82635817715699,90.96098895436765,100.57511885386359
318.86299736463,47.53579375208133,91.49082799180403,103.95051297424806
327.8659446255655,49.370133011086224,87.90805206124179,104.8096970050664
317.2957082925005,59.96173315976783,86.86634432270864,105.33733502557428
299.4524365265362,76.14440004019391,93.65910047060405,103.63715476814009
277.72540317725145,86.47742022666505,99.8133815551598,100.21555256658453
259.60491068018666,91.21680056653433,103.52434488180896,100.3081467528738
243.26753236812954,93.55709219769686,101.97693735187043,101.20081855265201
242.99505888099452,79.6708610651301,96.7261580268546,108.94920626334218
249.29020164033176,75.10645040527346,90.98996033776996,109.01271805851931
263.17464526160177,73.82028165515909,83.72154802503947,105.54644033200245
267.8903483984495,78.1531013782709,81.50728957849252,106.48132197342531
264.91677943643793,83.34175876989497,81.7367522934702,105.30757850975726
247.54143885851823,85.80521142369975,84.95895864157032,105.20089844094775
228.33969879163692,90.2458365820515,89.90139827850679,99.67257628586535
201.01633802134575,102.9876427544674,96.12605408422584,96.6442137274105
178.648148248238,95.56781691407917,97.75397034308784,93.2061935942221
176.137980093652,99.66430594761256,99.81701671810153,91.16353701076739
185.75985225438887,91.99976867213765,99.60395019203796,90.99331632703704
211.2567681155219,83.44487431353105,93.75674780326796,96.07215640533423
237.19493295604423,78.25881563497092,88.03062182705733,97.04281597589443
262.3375615656312,73.60663090855358,83.34853691012945,95.06486254512313
277.55790519427717,73.67476599526925,82.9936097694146,97.06651084398183
292.9897945780779,80.71190101988442,83.43457381492348,98.61853493079886
306.70930200790406,86.57219313670613,78.34040949543243,96.22091250440641
305.7063440819326,89.6597129294586,75.11728329415253,92.94073056393627
291.5929974450684,98.09731337373546,73.35318715442888,91.05227646340744
270.205531635095,105.76204572360936,71.70278765865311,91.4743433646118
250.6508498094094,111.93288468751781,69.26217877584452,87.64458731942429
241.1492516299072,115.70484242580176,66.82432746639188,84.02600701169489
229.49452041644864,116.86979814319227,66.91326224438323,80.29235862794688
222.4685919883985,108.44791479503502,65.67228767958514,82.39240145493766
218.94856418922356,100.96186758562938,67.1992278718986,84.053457856476
225.12264731020025,96.03677146309201,69.40589218109264,85.69758587730757
242.24752718368094,89.61465563062019,72.57458565068401,85.15732752912865
266.61791095332427,77.71645783392229,76.75110403058682,81.85093991939945
288.71928723979516,70.17970874991322,76.82538240246924,84.6961379928131
299.42113324417517,61.85188103540358,76.63662569644363,87.90623964223033
295.29055140277455,58.216413767748435,76.459883113986,88.72444924391635
288.88772488178495,59.82478801772204,75.40027221706147,88.38284307986086
288.9111890003293,64.12954414836128,75.17685856069949,87.25692714350305
297.47716588316786,69.66194232056034,73.84686955484895,87.69291948776457
308.5482326538772,72.52434691724285,74.08868529321535,89.5024025154689
319.27651784772,67.74060590525966,74.42941333692629,89.97719597894945
323.63047456130437,55.73561568216415,76.45993088662524,92.12206221310433
325.1125163053048,43.670448303748756,76.16839044748309,92.29909267916364
324.84405967690793,39.05474041197793,76.39590547038617,90.09752315691915
325.9095080071392,43.43085767118602,74.19831002032706,90.03751981678667
328.86541646631537,51.01828377127482,72.53574446763643,89.58479267001483
331.2192386536021,56.219191996814104,71.29608691519124,89.78193995642405
327.38833832901304,63.86481377584087,71.13980856961838,86.21487948095108
319.9852119057141,67.89536498927384,70.17329625660936,84.67034905268132
318.6258739027137,68.85197687544814,69.61497660373561,83.0264409701349
317.7831960349687,64.65285885186478,70.30372926753606,83.5956145554486
318.8701840099876,53.21227625071535,71.77250119652653,87.84009724737149
322.5588334882599,40.87295800962745,75.35168226622702,90.18835805816056
327.3539424097317,28.860905198949936,78.19346362982643,89.80047256013083
328.11298463353387,17.49243377828263,80.70625963342451,89.47125329209044
320.6477749553975,4.080437908214563,83.77547102766101,90.57587705126954
315.6636082899712,-0.23026531286071616,84.00706138518606,89.73172353400848
304.3797836551174,3.5643484055950623,86.77867679564068,90.97259424925757
297.9319113508468,11.709266807938093,85.81572255927225,95.98869807262327
294.7942703799056,21.804900887745177,83.85051358776354,98.57729899259894
290.07493235479933,34.70353275400312,83.69047385581052,99.361900570752
285.90449024715736,65.24171711026358,82.8007729728279,99.3279665506139
283.00968191003483,71.64616120478638,80.47846070725356,100.05809699254974
280.48897613693345,74.23161979124639,77.83016163639097,100.64317223219686
273.61665319721345,84.97271020703229,77.06963097164143,99.13316509142095
262.63171574174896,89.60678390115505,77.51173679382535,97.01927738487709
249.40490170007678,92.66824980466438,79.49856990951831,97.1664428335652
236.43098626910066,92.60410751682075,81.65532983336021,96.27023001945909
218.81229098649482,94.41375426886466,86.87220114198013,95.69296780351823
192.77561773662055,76.95489367462166,87.76388794324231,90.40500814483627
193.75023694392598,68.83278795431067,91.73482126630232,88.06267364124437
200.0438948945776,64.56686661354853,91.55663927613196,85.85237650648449
215.6328828050503,59.375741959382985,91.54381314390723,86.08722972716909
224.0838369867281,57.435151284204245,93.42622942654774,86.63123523142671
235.52119377326025,56.05112080392483,93.40626171835157,89.94215801125281
262.35790298852294,109.98971830399192,90.81782711350985,91.47652306971239
267.5224559069875,113.3133055449145,85.96587839251697,92.10987474906109
275.00419611820706,109.0136863754942,79.11736150157199,93.82963797117193
274.44261067607323,106.05946706443852,74.66119478894636,93.73119392574179
251.4934940892893,125.46738331192984,78.96521638414504,85.66570093881579
239.03437848847673,126.91277088122997,83.49274819917349,79.58196434582405
231.78173227159846,45.291214917979715,87.67947335692904,86.83017270787144
226.18728946086466,42.20365613442647,90.32447756207586,90.15556693589713
212.08741381625202,43.18420214484463,94.85081462095448,89.62590191701392
189.48675421865065,46.16097326508266,100.17031313744627,90.65286991137063
172.86516032077526,57.22980981232778,101.62426295712285,90.22797109361379
151.1546935858811,73.18948890756658,100.56354893545607,89.88432892181295
165.7045991488622,78.50040284695159,99.71035989506515,87.72140340205172
248.86797152322094,117.21070249630995,91.7371155125586,89.98451229425297
270.64406327077353,111.80939088426197,84.63751151574441,92.79231015518975
257.5958834013358,99.65794405180128,96.02416494816234,92.20971721732792
273.1327283138434,98.60668243551419,93.16964473984635,94.39032354038626
288.2435424139021,96.46246870011137,84.15969027630129,95.49667002707628
284.02353882893357,99.24160935719898,78.20340189875296,93.91152299215216
269.32274834085,107.17502509528606,75.92865612321117,91.73686642747703
252.38050293525697,118.22223544834758,72.42648540485621,87.25110546561669
239.93001439785695,134.23897290132908,72.25933961588672,79.5618993584818
235.7993157857306,141.2865844395712,71.55696883476828,76.2592397204131
244.63428850883307,133.33728890719635,70.86019271534559,78.00058610285075
258.69490540221307,111.87367997410176,74.48607501745278,81.37386414970402
279.3719391846539,79.12198069236292,78.74125275286411,86.69208967851372
299.54777326678413,58.128204280561974,80.08829598386725,90.83496934537735
304.5513155177506,35.79806767288704,81.91642609680247,92.46654077850064
291.3792013705042,21.519019835022398,86.48762887860008,96.49293441260396
265.0058251779038,26.269978921557012,88.09827286536336,96.89100155295026
244.3604678811788,37.710367286708596,87.471186555493,96.28142881739807
238.23772517250703,37.85175694888441,85.26665213641077,96.4010066242892
245.7425424645088,34.319463387081896,83.30083221152586,96.68213503817742
252.89603808324756,36.80853906629065,84.09850482292526,98.17579449747842
246.8361017352063,55.852348420881825,85.34703295266259,96.95396710909685
238.5021507665884,75.09665099716125,85.35536419592873,95.3305734433544
233.0276611475113,94.66587720778097,83.5190212447518,92.55333470619699
236.07153836941228,99.7192937016779,78.4507717056969,90.7774667605174
246.7035097519609,98.37186240483817,77.04239878007718,88.20110723963388
258.7668494463423,96.94236801488233,77.78507936140718,85.04039883021449
270.09712113987865,95.05461363762115,76.5094370210874,82.505258666585
259.3567587527543,85.41730485487852,79.5823687502922,77.52285528175287
230.43885067475492,78.52289128828554,80.75546136503112,75.06365461342517
195.3673650542427,81.75008169601386,87.47093474228603,73.10133875081885
173.0680758732958,90.65075766855061,88.47276856682629,73.06212707979321
160.37658635510905,105.52670330399897,88.44331779362946,70.05130560259768
160.60059137474187,123.19259345101838,86.98228330501541,70.63590714449636
173.9413140804341,130.16026925499767,91.23120059504694,70.1980483267599
185.36331821921652,134.4256148370521,92.82371766233078,71.19525118273161
191.8230498680235,131.15545369900167,92.4475664374707,71.40280025021434
200.38762852230795,127.82250182234087,87.2486612040971,72.23751246377154
194.23927446117747,124.16261695335442,85.60453146625065,72.21457742879522
186.98297652259456,122.17548623587496,87.54882900357273,71.87141313590989
168.8655578131576,102.8338439442217,86.2959764505228,73.05242415964611
161.6611212829936,93.49392966173299,79.24089649266233,74.02024520204051
156.1431749841211,81.18335168129366,75.56970920301721,74.37639032917895
140.4520421834257,72.04371310069837,76.90611451388062,75.2866012519662
