139.5,90.5,45,59
138.8438014686658,88.72252111396577,46.929974973091674,58.618116522602534
137.8666214639624,88.7202220416549,48.346300960644115,57.80371549596722
137.36187394412977,88.07369458483033,49.206056854076756,57.38654613879575
135.3158014645578,86.11182137961885,49.853232397555985,57.50837499627074
134.56706939665708,84.35811795284278,50.176085799371535,57.9249496163939
132.11613155551782,80.5226483616274,50.19337800844449,59.36400145827899
132.39365765770143,78.29653053096247,50.00333090981117,59.14176001923656
132.23469533511977,79.32743028313,50.54374331754484,58.829885174630505
127.9502781294162,81.56170324620956,51.287555985177576,59.10530010586274
128.51933851261916,81.96391778689737,51.49736708064912,59.34959913289319
126.61366676127332,85.83384292397717,51.95661164153779,58.2931289856867
122.46785123787868,83.95708943670624,52.21604378238226,59.75001439917817
117.04708822902408,81.73238276167017,52.64456969327992,60.72749676856793
117.22106490921426,80.042446679463,52.19845298893355,61.863924251814666
117.60616165357285,77.90764696244416,51.66089775497807,62.06679223291044
118.92336092465791,80.18704109571134,50.97189515931064,61.26138283447913
121.12755897198747,84.75234702122505,50.54408320924382,60.55751544451127
123.68414991769505,88.33537561905801,50.087408809894065,60.44797632669568
126.36135516558628,87.88046902926109,50.2543620493106,61.86464052376466
130.11954408128534,86.02799192589643,50.82767538002185,63.02912436878437
133.51934316101153,84.40671822741311,51.0573860164984,63.52035497993863
136.58250443532071,81.69498291528937,51.46180325212076,63.69070089028841
139.170337581586,79.1482258766409,51.866629456080645,64.10134314904289
138.8569056961473,77.83737375845227,52.48780069653469,64.04403437158041
136.61519093917192,77.70919348764689,53.28840631407735,64.86509724521099
136.44232489812066,80.58854837800547,53.65178220922369,64.4375132007304
137.6062802914842,80.8152652812638,54.12350087234094,65.448856148593
137.54006106964204,83.13373514777473,56.13867647575433,67.0006137536754
137.50735838729918,82.77485259798854,57.961249179765005,69.1057760233146
137.3907196690415,83.18789956031651,60.487291518395224,70.93253129604638
135.75824203068782,81.00709712888667,63.83715654711389,73.23671852775675
134.74346109591008,76.94219852107798,66.99980426357031,76.90089093410897
135.04893832131307,69.00424846591747,70.30131776930725,81.09293121929574
131.5643695006193,64.58474857488493,74.27490954658961,85.27850578468602
132.6104284292923,64.63323584724907,78.50879142602945,90.38264017245285
135.45360451195242,68.86185597004,81.8426123335242,94.8283721482455
138.1121250056721,69.45985483858995,85.61105012873864,98.61605942777769
140.24584633316124,74.38359915590884,88.9357610229547,101.10468376921412
144.07393590064942,75.52031864532663,91.66076837326888,105.92132600528332
143.64219640043956,84.09981490854557,92.98255511676109,107.3733278178347
137.68679062852635,87.68541768464024,95.2445667643473,111.13095527345786
131.85109281925884,86.66067416841999,97.08455578955954,113.5879037405011
129.80880079169452,73.31772219735322,97.22399686029794,121.81711784803991
130.35375584326846,68.36481586087568,94.7345764927534,121.19140395544323
131.7139747612734,62.567026565742225,91.09943105567311,119.44994164452606
130.9483380944007,65.98638607698085,88.11159657081501,114.69667637075182
129.5715977841636,71.59849121998772,84.07910841077162,110.4840317700103
128.94374972197497,75.3008719890203,80.03193998360467,105.87660347245416
128.35711193118772,82.08791559712472,76.11308681151704,102.3819821223342
129.04034369164117,86.44785700092682,73.2150545249699,97.2733041773246
128.6236630446558,90.23438646356826,70.82773272110127,93.19585644283762
129.69990914387506,93.8334629795454,69.67378289107481,88.36575637032547
131.48174934355694,94.4701737259998,67.91289301428638,85.62200380460936
134.67825703823058,93.9784886710188,65.76688785595721,83.22019105705795
136.39181879613037,97.07566820243741,63.708444936509224,79.14915257374952
139.6822197998215,95.09498275243065,61.57276421742654,76.94607711985068
143.6093708671894,88.02581009799094,58.478063198871126,76.11216195357142
145.65608598171303,78.73112577904385,55.69609263035397,75.66348852298417
148.0115921234412,78.63125366532836,54.37982831938606,73.08262266588146
155.4169002790673,80.91705008774017,55.03332810463043,71.87067232670357
162.82706195862366,80.49038453657383,56.84069792178724,73.03920781097901
172.2290953216054,82.18702712806895,59.0703664710923,72.27684542233081
181.4632942782414,87.45447350724051,60.60792330025198,72.25150085124355
183.6667046152893,88.09905805429777,61.92822397930557,73.4347452970155
179.12351557431867,87.2359907182384,63.97551762673753,74.05946540786258
170.0645032741507,87.14876391802028,65.66636861257157,74.85857622198671
163.6024406224827,81.8805254623646,67.65557741963067,76.70201705389132
158.65662769003143,78.01167530385942,68.89130805137894,79.00146587554036
157.94031073016885,77.74451368449922,69.83433207396737,80.08296362760073
162.45892706310053,73.5877338826685,71.64199381728369,82.51714491247557
168.64807283474278,71.53264025488974,73.21745479169941,85.4552781156802
171.16823002498666,68.30355920109687,75.92753952391305,89.11115812831049
177.13818410237326,63.187048554705065,77.93483023693773,93.12281826081578
185.40330499346487,60.60107693120354,78.8832681117369,95.53161105425131
188.16153551122045,56.97180823467316,80.91687974620866,100.01500148609992
190.28735386379407,59.26288590367684,86.2684840078583,105.00115211733085
195.56515468358097,59.033344543388395,90.14125856609945,108.73989172496218
191.99758976389717,57.53384148052147,95.57805359234908,114.81093697804589
187.98554893453647,59.71501281358033,99.50733573248526,120.8554804126972
179.37911424043102,58.821402971209004,101.98749332870396,123.1027449582797
166.09860481436579,60.63113580079367,101.91700239995066,123.54613835749049
151.55644624904312,58.50068525918287,99.49987948237825,121.54988688333904
140.3350041119991,64.99779906120884,96.19355339880026,118.05804251140381
129.27757695746817,64.17938391741703,92.78988544528886,116.19668549544434
123.35825863127202,67.84107463972738,89.05382841787159,112.77378312911648
120.02808572378588,71.62494485069567,84.76053043401575,107.43466371319185
118.51790339555288,72.50917854513001,80.48053011932086,102.897125699018
117.37865658739628,70.29331373899092,76.51387841474171,99.42496756257793
113.37328604695793,70.0169414196731,73.48485699867017,95.74092297468158
109.79456384404358,73.16606732255295,71.71040710213072,91.22922550546974
102.89608350994966,73.83425892289793,71.30841128075556,89.42506740696597
97.45457156661556,70.57332787165777,71.49682266437202,89.59059005479543
93.44469275245294,73.03875130648332,71.5197331399873,87.77269708643522
90.90206284228361,74.16507661857852,72.4000545486133,86.44058309955102
85.74880052476335,77.90481001175009,73.82450768859766,85.28557538913563
76.41445543797927,81.80555198146297,74.99834388877716,85.2247521171293
68.50319079009543,85.29586406832111,75.65795318637589,84.61855478514886
59.98336524051289,87.78609765754337,76.87046824580709,85.13367638615381
55.18072490480533,89.84470211467345,77.29501523649711,87.11850919323764
50.878841719602185,91.54971080867574,78.08735353683504,89.05975294414907
48.04303222908635,92.35393812086679,80.37717043580494,91.78678044028089
45.08362968874373,91.6008034457852,81.5408495170395,95.82920644480195
40.6694823469642,90.27293479479394,83.56989169052775,100.05953395293075
39.36724431324284,85.76811536895207,87.61375496023335,104.35020250584739
41.476568591506215,81.27632598015123,91.27471837270075,109.97390727336301
45.76386013810189,79.6213634475972,95.93502717098889,114.49656143488372
53.648009267712666,80.08216858268295,101.34369271791968,119.47279500245025
58.37428202168004,80.47042387521286,104.98331792531697,125.43310654568634
59.73226141725286,81.87220902246982,110.94712102076801,131.120640377149
63.47555590295674,81.38992126398512,115.98376450938221,137.3638566411887
70.81273457726923,79.3339004521365,118.43750088023965,143.30434131527045
77.58948884860044,82.04380479896852,119.30802740990391,142.75888841460568
83.40857288725039,81.48283413472441,118.00333635286768,141.33276408070986
88.8902607386542,81.3950766698787,114.93144777164208,139.1337978092294
92.99219663491958,81.38857026675443,110.40462966906799,135.67708286088506
97.18278607823201,78.62610600800937,106.06116335644825,132.7709715681945
98.79208216869752,80.75419035693209,102.09488085550228,126.10555308778683
99.301311351746,75.69359535774895,98.37584570717877,121.22181068258865
102.25170082189354,69.81910888075188,93.85717998519117,116.9016288972029
106.31638776165141,66.5145282074644,90.69795419222328,111.66736449304547
110.20866679756844,62.5694330474161,87.57976651223494,107.43355331015132
113.24290327828389,60.431807139261636,84.66062774308003,103.70072369030302
114.62132808750883,56.99113929153086,83.05442481118409,101.0595469498515
111.45352562563784,51.87975516525904,81.69720680172907,99.48427099768321
106.32239837189914,48.88600605393136,80.98150072265861,97.12672126959394
100.20956169616545,47.362368787873876,79.89770580477783,94.7654927461364
94.01329003638958,47.51060586665034,78.47207762316992,93.01235641054393
90.76562051226676,45.40307050943138,77.51946010937333,93.3334337472963
91.21952521532165,46.85523348135197,76.51624826879525,91.80876244937491
88.91486907238342,50.451929390052726,76.45469358842416,90.52273595408644
87.15086734487754,51.37353251673805,77.66516808034694,90.56754175229813
84.73170782133909,52.00049018542082,79.42612768948135,91.93817294279513
80.92969821367791,51.44128065233152,82.53188259205956,94.90376415004887
80.63346807336643,55.639479645472434,84.55817563730807,95.45140646222896
82.27689539641625,57.18423606692998,87.30750577895867,97.93312355400626
83.69880262286651,56.726087439221196,88.3263262232902,101.4526069399475
80.25914167254889,61.97779432035803,90.63160771102261,105.58522146746876
79.49127134376766,66.88004065957725,93.51572464269397,108.64140269344927
81.5362392073284,64.57059990668543,96.04755643647701,113.70414189886554
88.26975558907756,65.6080440700231,95.69087046710713,114.72152490016262
95.71450050028417,61.33625372629194,93.71700335587553,115.26003013291302
101.72020514525308,56.19612820393547,92.0500688584182,113.83069789515525
109.86950349103083,53.44292291951881,91.11624782451652,113.8121374556878
117.65387542515515,58.89668575107946,89.13619662136794,111.27936955929013
121.93015611449877,54.40431241149578,87.45572224448125,111.4703979004448
122.56565759269196,58.63870481173279,86.36825405929886,107.91774459640023
123.20104067431797,60.909702429230435,85.36108580168269,105.22849799383596
125.58791403098292,67.47609512569998,84.17849890890943,100.8693093645077
126.70773117089107,72.56023029988422,82.50066516858669,97.56599968661041
128.35585465095932,82.15527846536745,82.9049775861205,94.07180999474309
129.50025217488826,89.66901705550696,83.87568399547695,91.21714432264278
131.73332800099692,91.39198647570606,85.13830116879063,91.45798116660126
134.70940701086272,96.16904684178482,87.63487266413469,90.41748367205362
138.06388353932527,102.06745894544316,90.27851112179701,90.86390268220518
137.58857025928307,106.24934991210074,94.41566064254422,90.60501824797451
143.60946231828098,101.87190660447281,96.55763907490243,92.57938060938514
138.76781175725995,100.08600954927688,98.83543740077144,94.90770619675149
136.16640202098284,95.27383623646898,101.40793799324446,95.30670434977208
129.5590898247577,96.74883927613884,103.75498006452771,96.13931870042504
125.19182856208765,92.10897755194736,105.62928454177214,97.67370990774964
120.5250000008204,96.36730880718596,106.87642909869383,99.47916424907908
115.73931102324137,101.43113827405804,108.66242525987607,99.8337746024443
114.18384396637431,102.85533870675442,110.23318715433376,100.8056285397554
111.95753908167681,104.776739722867,111.71892947682935,101.1297357253647
112.84133420461887,96.21291064393766,115.2554154257084,104.99597935533032
115.08532556079834,105.10839403075633,117.83729460223498,103.88143470083361
115.55687124854899,98.28006039573151,119.3795271326785,104.42987424108587
111.89997750363898,92.91674913565255,119.06833608017064,104.92646097938345
109.89329936082451,90.46939741412164,119.12270918289246,104.36516552489277
106.64096456170454,87.1172580487727,119.3314121559188,104.38931997275374
105.89729872255519,86.27633706882456,120.20373941393703,105.33220422953647
104.63819410287846,87.11858659118859,121.29773083312296,105.82824813067023
98.73753790413153,88.35268239593194,121.93445525606849,105.9825769679609
97.81058879008442,88.20682135000786,123.98268648613393,106.73267561644396
96.04428155882177,89.72578107436534,126.28488870386249,107.87283768018014
111.04289232799292,90.96439004912116,127.31167305541278,109.23255978079361
111.22493509710216,92.97847066777102,128.30760624735785,110.7232431479861
108.33289988010067,94.45446460685538,132.40104588778937,112.99108339863207
116.64474088565504,100.08607197002124,134.4609728854697,116.48095094769099
119.50612251551296,98.96525577849171,137.77119817403266,118.9771057437654
122.37439941182419,100.68137950586978,138.83016564071806,120.8491175892412
115.71823006880712,94.68951436741852,142.32834588711597,122.07458809288931
114.04999058180137,88.02594137596444,141.7999893604103,122.85680743242591
112.95960984508257,89.84065349588663,138.7600205291299,122.26921444754063
117.43299516892345,88.59633804101514,136.5843704296964,121.67581291519069
123.30522939364174,85.46775293766004,133.55349546323103,120.32783385279693
135.5847791627403,88.80128298367958,131.9833905234226,120.85632992454566
155.71100198425884,91.21969966220757,133.8120758618308,121.4299136474152
161.2580977227654,87.07719757948826,135.39677652043784,122.52808347752669
184.8760589424298,98.63084913622492,133.3114430703668,129.68514079190982
204.96046730819404,94.60039704819923,122.24762969577196,136.4069165929078
202.1582515083468,85.8040294142206,118.40042879577157,140.6573400017342
210.1627736387038,89.18742780399849,112.94863646529437,141.07554364179512
209.313792451359,92.43957803471895,111.27364709399708,140.05853833111104
211.08918839503437,84.96823532864516,110.48534905544699,139.3281862142669
211.64819721225447,84.95286667293881,108.64522746764528,137.21533617483428
216.7413517525057,94.92989585987897,106.74248963042893,134.74987185612974
214.34979521414243,87.67028056012563,105.76166094232396,134.07343709613934
118.452845625816,44.94696588727574,108.22609234553933,128.30735892230788
104.95092389214231,48.20719239152734,106.64992444508883,124.68934240863194
105.7967210771111,46.28585404903528,105.61377445877247,123.14322800932652
104.60998427372004,59.00060555765816,104.84231531866736,120.2008694622956
102.09795331789742,63.79462712500395,105.0067480761073,115.79097268990871
100.87512450567804,66.21671678736948,104.43835307107523,113.0368590828748
105.63663853446366,67.74577360363611,104.96606048713682,111.97771536287053
108.70212391802808,71.9443807894551,106.14361480545719,110.67283287752406
115.19541983559378,76.27891899085306,110.390015142567,110.50025267528966
124.55656596405248,80.53425317512792,115.66447848562517,112.15490088846602
133.96149116392667,85.70489584379467,120.34345865228306,114.78704618467742
143.31168025686713,82.93878536506787,120.32463144601637,116.28818498881071
158.17923247509592,77.04267794808486,121.34852778775706,119.32922489601893
172.05091980601173,66.65179650434953,121.504439396067,121.87081062894858
176.41466769424346,60.26745801506573,119.85874789511627,123.59478603128326
168.87781665794162,57.3574965111395,120.9432303021926,124.47354454557492
163.09119510200722,57.98413639427967,122.36745512640273,124.31106828328475
155.0974831274985,60.268823361287886,123.09177368296409,123.89151133916701
152.06823411943262,64.12452191135449,120.48218469348063,122.96750971632872
148.40585850248323,67.41931775329368,119.79163231562401,122.91606595878092
150.43706837940687,78.42633575308408,117.8675175105835,122.1712522187216
152.89567193567828,82.06542971420359,113.92781572431176,119.65282706045963
158.01409454861093,81.29201765032235,110.12615974557781,117.4004637664234
164.56075000868287,72.93744016749451,107.48606347081966,116.10528905068259
167.58408068656638,66.70172319294844,102.35079683036176,114.0947054826849
170.63626477817016,61.064541538974055,99.42452613365019,112.06977527256726
174.2409200112946,55.5827633180367,95.25931261411762,110.73002132015486
177.85455313960492,53.42985271927238,91.86273602615239,110.04133615858315
177.48119745110125,57.46193246696626,89.57882110616262,107.56321429899862
174.70305999697024,61.3797964765944,86.96528095094811,103.57146015478811
173.9667556396253,61.30133368013291,84.61460098651507,103.0135573161048
173.15599510325717,59.574913659598934,82.79851882400655,103.5480333091686
169.6799064622243,63.06593405760273,83.64601175319756,101.35096947238952
170.77976825577602,61.755193441051816,83.29176944260627,101.66230771156435
167.1235572538492,58.61896163054078,84.3356935025817,104.12372115596594
164.09410032715215,57.74744518681406,84.8801019696233,106.56570129426242
165.6197750457672,60.52419915854372,84.97538019695922,104.9672886419408
163.29222275717356,56.9703717057925,87.02922601941628,109.12054563064942
160.71780555959242,54.23339284857469,91.8171487770339,113.40004104573812
158.82866006924326,54.527661161014976,96.97750851097479,118.76853996239197
156.456305560409,54.25074524560192,102.15301939708202,123.8773134474234
153.43068973015016,53.36701311160405,106.3635549611794,129.1573936345323
150.68472447894231,52.044256600805284,111.19286295220819,132.21314042197037
146.68150444053492,46.11900920052085,114.5028084497078,137.24272476874285
155.36254873448723,42.524705441265695,116.07082507115379,140.63893407291295
159.18820877465564,42.63518152247542,118.24454199338044,143.7348978994156
163.28806520692856,39.12946560301134,115.68630194530185,147.7069074647079
148.8189037940458,45.254556108864236,121.66583113093067,146.18622531622233
150.03341334374315,46.29044007957536,123.34929505613313,145.76030576824033
145.51469427774208,46.339579290003954,123.01378644893853,143.18704222470248
142.99052969478632,49.429769088963766,120.17273849769303,138.92879988721987
137.85511844443056,53.32359597796156,117.26063958879763,132.91889505159946
134.12532960181005,57.52263728056744,112.82007174333798,127.57322853258461
130.5128326299136,57.64623054737358,108.35076026720901,123.86523229133073
127.1725891487269,63.19258714860868,105.03812322140368,116.70851442920781
124.78618748319232,61.36716003148133,101.49148761814666,111.61148868146788
124.04094253108455,59.97739075715815,97.42639023064467,106.79305340656688
123.04992667506578,59.37802379027535,93.72678656289096,102.29166546075484
118.6994438557185,60.315301483787245,90.96386212590191,98.37443863169919
114.18414631851323,66.53198262799563,87.53710074737057,94.68736178182
111.19159362049459,72.90766422373125,85.72387297537807,91.22422853267057
107.9787970336933,72.92829745093172,83.20943223632196,92.50730230253566
103.14128994532571,77.15363727076341,81.71762874795704,91.24247995886228
103.05739982493996,79.2909030900561,80.31442545963765,89.19818127430216
101.33488118895632,80.52404469469565,78.99058045697726,87.4656249241158
102.1203550868805,79.5049203583589,78.3383884308585,85.91985560476962
97.91517948255097,82.98404876080897,79.25498143791845,84.36636822049326
92.70653962337045,85.36794550513187,83.39326659603779,85.37013492395563
86.11966619273262,83.13162143090432,86.53421373654928,88.50417683404557
71.68301421279624,81.23430140917296,91.69078567127556,91.03173335185062
58.375635399546,78.62500481176458,96.43097054386979,94.00636211299732
52.63470579671968,78.53793950235941,100.0907047914841,96.47676000284955
