130.5,132.5,31,115
129.10138937933777,134.02863482651253,36.905484733908686,110.16585997706375
128.66281123807275,136.80574518026287,40.26367577214553,107.00102282402167
127.92282659741164,137.28668819851848,42.082648675999636,105.50348558054024
125.88167969185204,136.99870639913942,44.35428379380524,105.06634426367947
123.63332146661438,135.20255596308863,45.6647147485225,104.87396715345074
123.8649917686746,135.25318473448732,45.80551746591618,104.26222688217206
123.20943694538249,132.79370531754665,46.57361681806297,104.20598601665154
121.9229623096681,131.70526018722782,47.151841100554414,104.7027894261692
121.2283251084352,130.4147732718015,47.522763709731,105.01272067164894
120.57792581125979,129.5296332246374,47.769081632199196,105.01420146101498
120.18259714672544,130.74769237325808,48.53963147963924,105.05925739434915
119.3591449261659,130.56144056088485,49.01206323112973,105.29640819893764
117.66764338949164,131.14651391905426,49.078814788136086,105.33896256482839
117.37879578080998,130.91721263970078,49.08670205881743,105.60544384131552
114.87248769533271,128.78577435468725,49.45893689355981,104.91059107174296
113.00753437420074,129.06283992494804,50.339281367702405,104.56019915708575
113.22958767796152,127.70248580261985,49.55548967774523,104.24731732338827
113.42785069710459,127.95428375070172,49.56481574865292,104.18607697059954
115.2567547962879,126.48619424746764,48.72524604706669,103.14210790005662
117.0387513908572,126.67022532856944,47.682697893862525,103.01035696493621
118.33366353958218,127.10777769176298,46.84581973479452,102.55867436651123
120.02847002161586,127.33259141291109,45.74008700449181,101.89304720173425
120.38933165709372,127.12556167801557,45.257465828901616,100.52775591392641
120.52336626368144,126.81344199231856,44.47400908063097,100.00938020544068
119.829702309472,126.57767198083484,44.833330077772075,99.39281955663992
118.79614022157784,127.28186074343671,45.57179984510549,98.02886146163246
116.8088288326533,126.39207381910802,46.41061892346116,97.75825892822502
116.63924112856482,125.1857648462754,46.50164663538149,97.92867363826403
115.58923930749137,123.79425832892686,46.896255771073925,98.23799520949066
114.68439555295996,122.59397646853006,47.23870246974248,99.22754508865525
114.01671001514981,121.8568557946148,47.24723982038715,98.73758033697555
113.88201647142614,122.73436683462148,47.367687208899966,97.95127708373298
112.57767140808284,122.28887878163471,48.39343937973024,98.08900169672938
112.18221409118775,122.55609237627833,49.11963947744958,98.16730834838452
111.60836730106432,123.579891000921,49.65288129168234,97.89408093495277
110.35523614021778,122.40841678676699,49.881208585299234,98.60000853692105
109.90603882279254,120.75158093642983,49.5903216373174,98.8725830734413
110.27781002347916,119.68818340523768,48.70592426632345,98.34746306243085
109.48186468787941,118.73057570989101,49.25782403557595,98.54357654730144
111.1979938429526,118.59083904351405,48.461043029888174,98.53978169658559
113.80256184619117,117.90516346387676,47.46552911661172,98.86634711786883
114.59620221678598,117.79378676880104,46.52579097128543,98.76807689480577
116.5493739820308,118.18840064528628,44.976390332870366,97.9867226546398
118.13685262514062,117.33292706422547,43.40497012932285,97.53734309747736
120.34039808950423,117.23354091398687,41.92638104500177,96.48619443371352
119.57557801490934,117.70555077629896,41.90203953239498,95.74180648947532
119.04840296988314,117.24354525710113,42.18772323584305,95.62908163557515
118.31862329368121,117.85259944491705,42.84756861901626,94.9902859420951
116.66413507196837,117.43599493923023,43.67053522624505,94.63982490952344
116.02706267926067,115.86443296007762,44.10428688564957,95.42368234828214
115.1515343664626,114.07117321576752,44.344752957962015,96.07080545552417
114.50428904214071,113.49330379483797,45.0052827039149,97.02331947450443
112.71238982931344,112.1685310078825,46.00035985423987,97.54234112835616
112.65845899305558,113.83880616910292,47.32234131874014,96.11168968305918
111.57937417574428,113.74128364438556,47.94578004210787,96.31595183829978
111.3731685113315,113.93540803185248,48.35865700369895,96.3643725918503
110.14450066916005,113.71140810625658,48.428510760170155,96.39492866095094
110.3044759964875,113.12711770605648,47.7271858655937,96.169994232126
110.27400678361633,112.55253031876009,46.88833954755019,96.19802650011934
110.42702185129744,111.08352998984185,46.05329559964598,95.82329803770132
111.26087565401747,110.97554331630971,45.799353782284236,95.87532459228224
112.24477515410192,110.41993644229707,44.735013675414464,95.63196580574638
113.81591196679642,109.92741375685281,42.89710067815348,96.15576516299353
115.29249282804606,109.22688098648497,41.97017787395864,96.0182304973541
116.41065526744228,108.98480505523388,41.74965919328632,94.16641195809237
117.14172526827124,109.37764562926684,41.267610525017695,93.51127478704862
118.05030999043481,110.10094818539409,40.84120412504784,93.02801830188457
117.73345149482748,110.31604023568653,40.642309793859575,92.93990078731728
117.62360860596623,109.8423655216682,40.75008840235924,93.68019017631053
116.86469521153722,109.22657661777068,41.329604210420435,93.03625454969549
115.33250338901834,108.21674591309838,41.63960786774152,93.64562190310136
115.13480421139128,106.91341314305642,41.873915387066724,94.23640304377122
114.0211511747401,106.17185245504305,41.57796420481489,93.88277200509458
113.97460538457211,106.04722808087463,41.64880479569886,93.27898560147295
113.88139353121173,105.34264059416044,42.620872676041756,93.08740357207083
112.95674817346332,106.1969917610817,43.13681559414475,93.25982394654893
112.35529657708011,105.14078238460488,43.56278261347218,92.97714615905153
112.53008388706358,106.0394369685405,43.71391806363844,93.22810292517076
111.42051861101595,105.75101788453694,43.95618105916175,93.69116003587969
111.31346221449604,105.27396911426393,43.35321401011096,94.6251325673062
111.3231963462594,103.5901524741506,43.10663610574753,93.93008941778433
111.00181451926184,103.35730412358865,43.0197902703017,93.09236390630754
110.449099372646,102.83679540140743,42.9245529438282,92.85956035438548
111.76126993677849,102.6745142212203,41.843580035892494,92.56955847478093
112.28338849585343,102.52126882250401,41.46676783496368,92.55689569512421
112.86943553360427,103.00839447875558,40.72464873266374,91.05405060401085
114.19176985987883,103.19944598179521,40.18940681694629,90.15473180956718
115.05246626431025,103.6318234157678,39.806096560039634,89.13505651263068
115.59398662488857,103.98762311977194,39.47303599053629,88.56771593159345
114.63428823578425,103.12168336913355,39.987927635116066,88.14253337918981
114.13218540224855,103.73605037928225,40.107930047010925,88.77005143313406
113.4417648117132,101.68606964138344,40.85649743486113,89.02474608993143
113.41688209564063,101.0095396359402,41.10993150607011,89.52193203923343
112.99840816094773,100.23307082449753,40.989656556127585,89.94043651182733
112.06714293293841,99.26575792689073,41.2078032240374,90.33756013743186
112.12296865833565,99.32942004405633,41.02722210845229,90.13155341340749
111.91145885209843,99.54719236863362,41.27894895399807,89.76686410610463
111.73101243714925,98.76120473043296,41.10333930338953,90.06909784731917
112.9453143585015,98.96730253415875,40.84000149767232,89.93637694532529
112.08637441085162,98.84631035866315,41.513683833615396,89.47200638022076
111.55797979663265,98.09011573451649,41.43164549972117,89.09375751549223
110.9777009409197,98.21398964957864,41.83746452267816,88.89784370240628
110.91790167997775,97.28232829555255,41.75216257120581,87.86807759286202
111.23219816551727,96.33421763526866,41.077653337112665,87.00140380616051
110.77752111428006,97.05014581705004,40.707865655872794,87.46557417313517
111.29941957748606,96.8591476127753,40.18950679975806,87.70683851684144
112.44307039773724,96.76296095259146,39.79460458953065,87.45421738759367
114.03293546191301,96.81171606396519,38.73469219494376,87.23722607811524
114.12167020475604,96.55283210164876,38.53382685427796,86.24432584421692
114.65971969633001,96.91961005380239,37.769065222929015,85.72270352293083
114.9610173907178,96.76373567244597,37.06259489745358,85.93661401050909
114.90410161218645,96.50283098948111,36.858471914263596,86.36945121770879
114.66787104904482,96.51890586513571,36.8780861856217,86.01618489974156
113.86307154323995,95.89411467809497,36.96202074849334,85.86903995029095
113.20385337547498,95.34726313250533,37.16214341386488,86.20709252114551
112.43001604241898,94.43704816729688,37.668763354329904,86.14988470761253
111.91697884610254,93.70969510355849,37.688370285376806,87.00237745236838
111.26421841004549,93.1659607543193,38.21711961208074,86.91954340216662
110.9963477933388,93.24439130395666,38.365541846918916,86.63979510873526
110.66345463887268,93.2485686135629,38.72685746774651,86.40879417859732
110.25761424998737,93.56862436670292,39.37244887467041,85.72188799330138
109.02241086160421,93.76305311868904,39.936227400360956,85.78251185739401
108.86181247214472,93.58399886517043,39.59916454907669,84.8992169039286
107.85425688337574,92.74651138592111,39.7447455256564,84.01652556069995
107.54924996912945,92.39918613846223,39.51789339259734,84.14527018661062
107.36406243352623,91.403948692025,39.26189052362585,84.13843515631308
107.95152533388847,91.13504173576467,39.27991675975896,84.53633314058912
108.45585635644667,90.69064570962226,38.95371114841562,84.49476088213252
109.88421935612519,91.36479805803383,38.09069149461675,84.57669169041347
110.85301385080682,91.482968210017,37.68870054488056,83.31243352450863
110.69329327119546,91.20986574930757,37.01920718719654,82.64779118735972
110.79866296616865,91.70328132422951,36.574328325003975,81.56678062330312
111.47408961530172,92.0405880216801,35.6850775357596,81.23691858643416
110.71875827251074,91.61152234499376,35.74810671647403,81.0398152691678
110.66342566661937,90.6992159399068,35.58068115324377,81.04648295662292
109.59208356158882,89.95154448116091,35.93470996302868,80.06968031671113
108.37713324956874,89.74542404136676,36.70967606157906,80.54490488054121
107.84372747239593,89.42318673856084,36.650977638583996,81.47845742375603
107.896469338424,88.75777180093735,36.554910608731305,82.13882016071263
107.27268183001767,88.46819020682928,36.71525840024029,82.48407439764625
105.94484113866314,88.20818006124219,37.50872438320724,82.65956440441568
106.06866134015988,87.68034614510009,37.24104459316647,82.14539216311438
105.1485636608075,87.89114530209403,38.00706149461111,82.02678297437826
104.66101640060094,88.75284783847293,38.419425345048914,81.95769504219967
103.55583761663878,88.23040502845207,38.788632390741185,82.1083688931374
102.18967000957332,88.25208426802516,38.97744906162872,81.926242471205
102.14230514142007,88.00897101481104,38.550835924361905,82.23330164736818
102.09091187976762,87.25784269898504,38.602911438015376,81.61056638525187
102.31765763194755,86.47836934327636,38.58823305378225,82.42574565635019
102.9090141163586,85.37994996750105,38.06706416950907,82.8271971398344
104.08526716190593,85.5345632337439,37.59284229434154,82.36147606439235
104.96782063856699,86.1031721966124,36.802009439892586,81.01918114614358
105.84497466009292,86.24815052839784,36.054087915319116,80.41897989252867
107.40132671324295,86.24180461127746,34.716664403844774,80.0761873305502
107.04640381177781,86.17479020615465,34.51466488035143,79.61594650750266
106.96026078974499,86.5587758501587,34.380634608289284,79.7563434493606
105.98670377271316,86.04778019808941,34.72922931709661,79.49374760864747
105.65013881959005,85.19857151807014,34.89425233600227,79.56348223610394
105.05693230153791,84.63169363130729,35.036107085439674,80.09798149412671
103.8141503994526,83.352509677687,35.582349014038094,79.65232823361217
103.3132777104106,83.35530299215009,35.75784896499043,79.94183919417878
103.22464298219504,82.66978604594567,35.924611527913456,79.95657976593178
103.31268587876565,82.51774682701648,36.02991002403691,80.54106342715977
103.24431769301648,83.30911750169744,36.104686968685144,79.7872730193605
103.021063486974,83.10765267118094,36.0128409243454,79.87812974767333
101.77547803553962,83.10350683504427,36.10607572148601,79.0358286279125
100.94807774928896,82.74006003433013,36.29921710094841,79.20635209021879
99.5803610665127,82.3172032277491,36.88742913967293,79.74618351768329
98.799438575978,81.1858185155782,36.91711264651438,79.78592499746026
99.46930737137791,81.19973951346323,36.68040061132524,79.95987108440906
100.2851606550468,80.20844442256822,36.25548067652531,80.41199208704563
100.58154406498886,79.85963557228808,36.29627242797983,80.28307033076157
101.68912068451331,79.79135668019134,36.06127894845241,79.44455263163293
102.22235193885135,79.43839196329043,35.68719490113726,78.98400653099566
101.94393611519853,80.13347718376113,35.50885815101631,79.20867421337577
102.74414359212474,80.70314641509427,35.08206044093065,78.51803257263752
102.58838823200801,80.84790789119188,34.85795136584169,78.40722315074434
102.20439982447539,80.7733265223167,34.47298707315702,78.53422036279011
102.50478428380266,79.77583934216076,34.32335575683172,78.84954846951615
101.53924569011217,79.27172865755249,34.060627011214045,79.58833750264071
101.71351745378827,77.607154477427,34.07387402169601,78.89266267410994
101.97165291632807,76.77890467565197,33.68227515931144,79.08651126333199
102.89020730450056,76.04492198012645,32.71905600803893,79.14134601339948
102.79943501297024,76.54407554205953,32.14147351065907,80.39320530570151
103.1587174650179,75.72151460286727,31.977014484440012,80.2964605954935
103.539887751951,77.47400434427166,31.504803452924605,81.157301043715
104.66091678872304,76.12230500622815,30.40914392369202,80.76377350749124
104.58597122427324,77.20554074265574,29.653970767790163,80.71736510111859
103.84935799926171,76.1141610526756,29.359933566919047,80.94318573748755
102.77409559180772,75.07342134839783,29.433280142004623,81.1429652263425
101.63931722223606,76.67474368495171,30.594156990515344,80.35724193041673
100.72049552307053,74.74427877362763,31.322102808508866,79.87305323042085
90.23167551454246,83.67500731459877,35.94466126733747,78.89827484415727
85.06029399470833,90.88889878180646,38.21174166693004,83.27225162959054
86.39324707725295,87.81108136969283,40.18052387922117,87.60576483363957
87.48290427194584,89.54171926693587,41.255162231458314,93.5046450984186
89.3180246755415,88.25240438812725,41.09344584214421,98.98696424049632
90.37061260810643,89.24281566745334,40.316406182687544,104.499594707662
91.62807014457482,86.18374430483982,38.97725483598521,109.31796588557154
93.7493370354411,84.56971364370092,37.524443020042455,114.41140379953177
93.29480742898573,82.25234334774247,36.81612244836914,117.24761595860261
95.5775595842977,80.58219609282537,35.783754505543044,121.05635132894668
97.06658938809645,81.30402806919159,35.64715655642334,121.92465141124843
98.50634415893035,80.37566016070687,35.019062029022514,123.66046373143507
98.58067535232118,78.78545831854252,34.94449877316935,126.1521816409606
99.70744711559085,79.55009872072105,34.89305385464698,126.18906032337418
99.74130117808978,80.56102633064484,35.63201633578544,126.39807582725098
101.08591355033826,79.19576482309701,35.69563354075136,127.6364915701985
101.56427962139702,78.20250067076039,36.495339773153205,128.69049465733863
101.34242872950298,77.10665368757518,36.97463764451623,130.1750695760673
102.41954594427918,80.85051499797467,38.706067201169915,127.92480089279883
102.13905965401298,81.33647548549277,40.13681680549456,128.72167207016741
102.50907394329995,78.91991941206346,41.31285558875229,128.12817756190518
102.27044191285911,82.03318166679706,43.26420569585284,126.38246464835473
101.93442000179739,78.5872270992613,44.31799226361417,126.98396612580298
103.41484335490412,84.42814517954066,45.450333843228364,125.29429266971201
104.05871531950163,85.01291206780706,46.21703208131545,123.94911448054245
104.78090416186785,88.42517230977525,46.48649571566715,124.00146605928919
104.22080817389799,89.90911453079065,46.86407139579236,123.52263987340768
104.76602308370562,90.08000798140972,46.94350289285801,123.62801780571523
104.34498809831007,90.35252184473546,46.4724240074861,123.07262099987624
104.4606669319362,90.84271007285255,46.24136896011669,122.62909714183235
103.54437536375447,91.53953138758006,46.3127063689411,121.57274649812754
103.12916914818182,93.16125924747526,45.996150673789394,121.4913629600388
103.26844612730032,93.17417006422792,45.3002632318564,122.05185010386577
104.0726011070337,92.84744873736285,44.56836482958721,123.60020154341592
104.44600416048607,90.77471707312007,43.95398705584573,124.88441852447411
105.81946930410118,94.43610442416052,43.52953768559245,124.69310448904972
106.38407165433807,94.08446794507299,43.25282591362361,124.41618323621863
106.85763487218517,94.56052793086567,42.85844195916111,123.42022130286199
107.24078367690822,95.48898440114658,42.78140292515444,123.0864031355927
107.31559803231426,95.87635597938407,42.893829462364465,123.34471671511017
109.59293895356062,98.18427543277497,42.35928683724845,123.3151104705293
111.19338561158835,98.84299912422782,41.46197309005588,124.24850565888215
112.3719015800482,99.00674088413619,40.82071437796682,124.64426924990906
113.49809994297578,100.13145869733046,40.8335955146605,123.47546273385684
113.35595491882852,100.11672298531634,41.3347230734216,122.05940803483819
112.62933026274439,100.3568726990701,41.999701316063195,121.7278833206085
112.87123482390145,101.0631651345561,42.49776373906385,121.24805922472576
112.91468773199536,100.26205244433496,42.770556337678585,121.28992286219473
113.3709589671935,102.93766034999516,43.0882431258196,122.95560806710968
113.88712755969685,102.826190359169,43.96924913195974,121.1804255950724
114.69977897009571,106.06770527082193,43.952057931111355,120.89267298581684
114.96783365963054,107.01825438047929,43.9246473731095,120.9958496116254
115.08940867059107,106.99827247602077,43.97318737294176,120.85108290565844
115.35499564881988,108.88107077121663,43.53563971449449,119.80381431438171
117.42599190061655,111.92449690318594,42.10293771535671,117.94021577740233
117.3901872027627,112.72851785362124,41.50450513270519,117.22696428752721
118.45148522381672,111.41896598408513,39.87556828888132,118.37571561532928
119.12731632392752,111.56786751466973,39.15443668443912,118.16477415712211
120.14338568247624,109.43701145292088,38.439516390231404,119.9474299222824
120.71642452995209,109.44908072054811,38.15565779050981,120.24824565834447
121.31328245565207,108.26423198935402,37.681344371551546,120.90181822849786
121.67489675025888,109.28292409571789,38.38936635454253,122.00645304920212
121.73919086460849,108.98250140285127,38.59650960238863,122.35367450233534
123.07809330760315,110.32389971462915,38.72191902799902,122.96249408018033
125.17605184930635,111.09175594570542,38.25590015893285,123.40365060511125
126.45562314448443,111.37929688974037,38.31830836699284,123.26381530384094
126.95601741303274,111.86447633697631,38.7309436065228,123.72961971560534
127.50178737399347,110.22883196205976,38.8310260610433,123.09064969544943
129.45900090302612,111.90720916279068,37.82464095701852,122.77631925753433
130.43462110523387,111.54697404544149,37.08593509945511,122.74707940922491
130.39955062900228,111.88303065465328,36.233873047558134,122.97715777014321
131.15435495960486,111.59629116947025,35.28853643244213,122.86741391021373
131.95682219461844,112.12699480562605,34.67082785257459,122.89623865255817
131.99848903969982,112.28909297609876,34.00777771839633,123.28225829738776
132.89935104967145,111.68735321635572,33.40925475397978,123.45885516840582
133.78771981482024,111.91887733322969,32.99411440404871,124.34268868190367
133.54742779133323,109.92270205853474,33.49215043210528,124.6784807176522
133.213779063483,109.22382578474794,33.797906199363545,124.52691089851132
133.96287564980074,112.6224732051061,33.506311666216256,126.09293926946492
133.66437683687062,109.88413927046341,32.739007610557984,125.68087375175689
133.5342072247982,110.78452503229252,32.50758443502932,127.20913631814078
134.79317645383838,108.97375426035609,32.449253578114735,126.9631646822346
133.7746410027974,110.52633429163059,32.50044696631117,126.37454633912225
134.68415693241084,108.83282886119726,32.58313527329066,126.17949376348074
135.3622395848937,110.89621542826896,32.575631271845175,124.93961127913286
135.71057441529325,110.18844760118658,32.77801721121236,125.15220849583577
136.13366240117958,111.17185715637018,32.762762472140096,125.50918994928084
135.8375554143881,112.48970563374667,32.787104577112636,126.04425553343776
137.3278500442559,111.06125938829857,32.88332233947175,125.27399534298327
138.62146565269808,111.65237848039499,32.566078944166385,124.57741115525799
139.96556081682377,112.51219021717873,32.191146548578004,124.65887220012313
140.3503899471384,111.75291357223671,31.986558559440724,124.15777979908921
140.2898653808144,111.9563507728027,31.68941602071726,124.2232295904812
141.51901761199744,111.94073945712456,30.664112838182106,124.65277286693137
141.97938158874516,111.86705805313989,29.6140495259478,125.18174532336684
143.03712256695746,110.77518066796078,29.05238889482529,125.87950480106147
143.4567909129307,111.8230732729974,28.654115547357442,125.37458639511115
143.43111062851438,112.58862238448086,28.951823454151278,125.26516898021156
142.82167787100792,111.01009978112313,29.143784147768336,124.39159170462722
143.01104552540744,110.33437785834516,29.219035155888577,123.87755238539586
142.2095733140248,109.37431567156213,29.875288661638834,123.97177703876997
141.84800701872058,108.79422935407119,30.529886900361923,123.45523608789827
142.555297786949,107.65553823985701,30.945464789640546,123.11882327428867
141.9964817500786,108.2947224854324,31.64096455012985,122.27221557110174
140.46447576421156,110.18986671329439,32.711905681028384,121.4077012128204
140.81167173435162,112.1116910433543,33.775579798907145,119.5976571745878
140.68846102514462,112.38075095221353,33.97289168016668,118.68521065093671
142.51754004700769,111.615728576531,33.7477349162715,118.381375693058
142.9162853347774,111.45495144058495,32.667324665620306,118.19716285794021
143.13551844518585,109.68571902750597,31.9438527561361,118.04785040329068
141.172856642782,107.86640234631236,33.20101782975486,115.48107662303875
140.05346015488547,108.35474201955158,34.93640648626153,115.02714383951806
139.72501422402448,110.06329885954162,36.0691937229969,114.69301675278444
137.2577424075194,108.86512680175225,38.39126553708307,114.50758329573134
135.6875921871004,107.73330591825024,40.769613041271796,112.99794563425331
133.3751356607528,106.26611588325214,42.13303384161712,112.9298227860061
133.91050685722803,106.776366285067,43.01442426974972,112.98068376254301
133.5061306500339,106.03316820139493,43.591561289784124,112.14623194175849
133.50434235255435,105.2220782886887,43.851880838997374,113.04581345288565
134.49570158872922,104.91939804695433,43.46101538922299,112.12943028114964
134.56609441784937,105.23518371074653,42.85706951417439,111.55681092748036
135.72562574764385,104.74344723832769,42.40526242308974,111.3712611929891
135.75727892314768,105.93719817084632,41.251390271415275,111.41390125376361
136.40134753218484,105.58880967484299,40.49527237049105,111.31338678811721
137.92993465429245,104.65484715511064,39.950910979135365,111.29437575904706
138.4445604746442,104.31911867868853,39.754319536643564,111.49192270799077
140.0701738933906,102.86465210449566,39.24496024141756,112.06390579267105
140.68142118873538,102.39152790795713,38.96394062488344,113.45706942484381
141.90321870150916,100.40337089567711,38.73503318516654,113.3291883314534
141.92959942881808,100.26047309791579,38.707356533429625,113.6502222078684
143.74927251267133,100.42061729875634,37.99432328915452,113.93904392314593
143.93861565417302,100.23978178512724,37.77782875477024,114.20028022988792
144.50466556422506,98.82455114222881,37.95675777282378,112.84768182330198
145.11202609583128,98.85702828632635,38.12319553834671,112.09624415192818
145.05894763849014,99.80500563469008,37.88498447207195,111.62687715604453
145.56531679193992,98.99251351892903,37.80454077233486,111.57617443211467
146.4162573909597,99.74976538762549,37.60486756875636,111.57575527228218
145.7332996830098,99.69946897755344,37.419599403303934,112.2514229439392
146.23484128972677,99.36028730369435,37.23847890406524,112.17396625572292
146.04433349171492,98.23361348284448,37.262000831294316,110.47992763262165
145.29617285796652,99.05086648846213,37.152539709150275,110.01066810805015
145.97627221236394,97.30219408309577,36.66650707177041,109.82004609520499
145.52792499870426,97.40107412140767,36.707287204370076,110.45401048347452
145.9586542038567,97.64161432070044,36.49003084761208,109.94725871456151
145.60554047203635,96.34683739868558,36.548734788875805,109.57582236808527
145.08372562771032,96.44208746010794,36.827517735374684,108.55391773808034
144.9934299154592,96.26620029844061,36.90273986767734,106.67712255381613
144.17622375296068,96.47107561934902,37.03600361116954,106.52485545396479
144.11473996508022,96.70111045291785,36.976501088792574,105.44911445017628
143.91850408915494,97.14713113586531,37.169459137058496,104.84875166194288
143.49200777742183,97.23051422470203,37.03316503977199,105.0209478007825
143.6829808481824,97.01917122916976,37.07449731941436,104.40674364273055
143.32857123594425,96.58256388238308,36.86049168427158,104.60870268816774
143.7043173244453,96.65819349947938,36.89346750243622,104.32821016819042
143.91990161028056,96.5211981294129,36.527713851214976,104.2888782450162
143.6870657622859,95.64950155024951,35.662711137337936,105.84927486208132
143.19586377966294,94.70702308225367,35.319711889082924,106.68130156221025
143.22167366512815,92.74108296856471,35.04009086633572,106.77227302379532
142.0780962970491,92.67258767355926,34.938223013764,106.5949901670079
141.00032588569812,92.6323312792525,34.80636692865955,107.13639551371925
140.44140597816613,91.23453716270954,34.2560662131373,106.6519256012821
139.55317192761922,92.89878647356872,33.904576016501615,107.14959456302934
139.0524912699386,92.65868356518138,34.05874242181339,107.295353144935
138.5685542935658,92.39479925754632,34.17748294264754,107.48790926130184
135.67718303751016,92.61300407317722,34.94295298237721,106.37353142601859
133.9422827800676,93.83396805870822,35.7677575694517,104.95398869455772
132.0394979925987,93.32071848277126,35.852507194285685,104.87749376207344
130.00775069455807,92.90456905861919,34.8354406293257,105.03331184026649
129.63451494185978,91.24555733382721,34.467694972590024,105.09652066506408
124.84269165121034,89.13561392859185,33.52214290734351,105.60207298761974
122.02067856817597,89.19376586611858,33.28729810936195,103.77480610177832
119.48863212824696,88.85490841768333,33.83608451644165,105.03408625953597
116.34438165738032,89.64793173759608,34.93034870280383,105.42276713111642
112.67589198926179,91.42553863790046,37.06247736536537,105.61013207539597
109.31282618205096,90.543938254409,39.65479321440617,105.9545150838187
106.8234823659225,90.69751351283334,41.42087346293505,105.9608472091438
102.78937628076093,92.5632625233339,44.025580365161254,105.29158239775265
100.3819008528681,90.03149978363781,44.15240942529263,108.28013834703924
100.79550048815382,87.43266208502155,44.639453232953,109.47862865897514
97.15743114506121,82.1968178614687,41.36706515522221,112.22634049398977
95.89548739256679,76.0247355865956,37.43450219786975,117.57212867425964
91.14707851905672,77.9037206444191,35.54236482861792,119.1558533904608
92.04696241784218,65.04130156892452,32.41345553343498,124.79619981171362
92.61392909998104,60.84970810794593,30.530344832464458,129.20743954052506
86.39026326722214,69.55022408808354,32.11018286852671,128.41756976591878
79.94009544257658,83.30805425777115,38.18254372152265,120.57471521267638
73.81687560741328,90.93613169644685,43.69292754086657,111.75849649636623
70.61249371756068,97.58315381615228,47.07887513938893,105.66879414538312
67.95144614177599,102.53574115016808,48.88683445340335,103.7506504603227
65.47104501847119,95.35198312130315,48.88705635104448,105.6610332249007
60.85804245507866,93.91533915599305,46.593936493088314,109.67057582375668
56.03737596431674,87.47060873077065,42.239595341311365,116.23875619477033
56.33945580613638,101.97283224824261,37.90282280939023,126.24696632535375
57.48139859584273,100.67399861761008,35.267389124499246,133.61511803409806
48.934400328800905,118.92794551493503,33.97941239198133,139.27204967890128
47.32730682621483,100.19391027859884,33.52601402422867,141.28606436544086
46.04631274571776,95.23353366271785,33.411055783626736,141.73213192825753
46.51315199110543,96.50595347206733,32.56341498825927,145.69990179137008
47.01253391198128,108.35484826664423,32.04840941724808,147.94136887030712
48.52377241540924,121.61193098350873,31.74374399486482,148.62736632415135
49.10709580223818,128.55700863972106,31.563959046196253,148.09469678290588
50.36661051812044,131.2782187584795,31.950667491323834,145.74019458852558
52.50781795923296,130.97055453025672,32.06980385574185,145.29621642341965
53.42575470828878,134.3328116670639,32.24819851749654,144.78916564315244
55.037991343870374,132.2476037279585,32.299588178538556,144.77902760824676
56.368073963362676,130.33241024016482,32.42290525271008,144.71146584192132
56.42547751322002,123.66662353274559,32.49604825747041,144.66804402513137
55.79603473320639,113.0031038112815,32.508253080955924,144.6805235315361
55.485732982776604,102.69333070382301,32.51159737742783,144.6750525803154
55.63254193420356,103.66513637418356,32.516229136496385,144.68805573391802
55.37401721743993,101.49724393171294,32.514452144948116,144.71751184536072
54.984491482288206,102.45137336237498,32.51772013603783,144.75982738207742
55.042888281980886,103.56783326709984,32.52126195910874,144.7944706772572
55.22474105295588,105.07537516449602,32.519398334196715,144.8524550244021
55.636401845377435,106.59020649177162,32.52538788178464,144.89113958550337
56.14964724843256,109.04929264542021,32.526327729246475,144.9216143004535
56.301836811839664,113.34908303718841,32.52335984372521,144.93574010566223
56.10812168138936,102.90147109864098,32.53383516168415,144.98746384542798
56.28691818619676,107.23033890234287,32.53995222768619,144.9799262208123
56.24368206785404,108.56383775083857,32.59226223730727,145.01695641497994
55.889523959306246,112.0286266196281,32.59634474840538,145.0532194938987
55.68802326107205,114.18239734069105,32.60975689478605,145.0853139007718
56.10484324961945,106.5927194963176,32.61960251148701,145.13958948087614
56.45925364522362,105.41684383378278,32.626189091799674,145.15568344777623
56.53656873819865,108.42737175755657,32.65100841940417,145.16001393369422
56.00114655104642,109.4198549681911,32.649800314918366,145.2121792987716
56.25966078800646,106.45043073669973,32.649295321413625,145.28139551764423
56.15880914335098,108.28315922907264,32.66830657469192,145.33686720187424
56.55722583738466,108.42836125455806,32.67180191816142,145.3659789156167
56.57323770175941,109.86334892846122,32.66553799068049,145.4557074900821
56.21867634976033,110.58148985469312,32.667967641433115,145.48083389510273
56.0656499034298,113.42193327003753,32.675122582252804,145.50644473363388
55.38695149148437,113.48053848520023,32.668771928612244,145.526614620162
54.7081928650775,113.53917403840147,32.662459926321915,145.5467320709552
55.50264693797673,118.40330783711815,32.68081665688912,145.5358879125477
55.8162814274346,108.85514014507098,32.6673533296381,145.6102296595571
55.616980416186806,107.32534119147853,32.67235134179015,145.62876020491032
56.169114350716555,105.44756749255049,32.67665369081689,145.70287535560453
56.08230488906958,105.45101011752553,32.68648924266232,145.7089288304852
56.01252748394449,106.38211870571477,32.69369311638049,145.77932860318813
55.98191815956211,108.81199801476195,32.69897686658996,145.8555340926072
55.74694666033362,112.57130810182332,32.69970959798,145.9419101228607
55.84898804170541,112.48133941630263,32.71001440108762,146.0047145098003
55.95105570238703,112.39135482368523,32.720353072310516,146.0675034891535
56.01357063639351,110.77967420890512,32.73372733523323,146.06598926857944
56.33196461324318,110.91744709899595,32.75382339614036,146.08881006483097
56.72286829416772,115.94192847407344,32.755187449620266,146.0778178575837
56.78659699478233,114.47864731773488,32.77301748761815,146.1107925809969
56.75897654827777,112.8119260332147,32.78233227912151,146.14955264729068
56.58072782050803,111.10731181675239,32.8052295712012,146.19311540600572
56.9131271122265,115.53351891242241,32.82117426483718,146.22861110388686
57.17976557217519,115.44887180421847,32.83188670527228,146.27349493689144
56.70823855451099,114.5436383051041,32.83860744191752,146.26594206817683
56.208665500991984,112.53557846534537,32.84105320248566,146.27899759211567
56.46023987123518,113.07521291640334,32.85379494108709,146.3590248449756
56.214914583027465,114.9254522290859,32.85378884359429,146.402103672766
56.244606912246134,115.35776207644217,32.86646175269378,146.4588280198778
55.99816264024401,103.67054187226535,32.88393393441241,146.47328689136623
55.505205219640246,102.36592575093967,32.87753664230771,146.52668317172206
55.52295636097317,104.06764912699457,32.88224756456217,146.55538678353437
56.051868109014,104.13401969365901,32.906121294051175,146.5286684924339
56.13147582071019,101.65968288008287,32.90366508804026,146.55073403395386
56.11210545107509,102.09906551108496,32.906474880841174,146.58919854356375
56.35286169440166,102.12442900878423,32.919163517902476,146.63455402692688
56.51019613436522,102.64041287956113,32.91634825540508,146.66238726784837
56.643767760977084,106.18050731140896,32.919606509797404,146.6972673166588
56.00814624200723,107.90529198467561,32.90421832119751,146.77518596336586
55.90206825423337,108.27238015537719,32.906866324743184,146.8436903527824
56.24095705575713,110.44855474470955,32.903228280964626,146.91092592524683
56.31345219188968,110.22864387184957,32.911207085929014,146.97262596710365
56.68625635277905,109.09184096949994,32.91613514634862,147.05210063586236
56.91752373300798,107.46621454164745,32.92452348183229,147.17699927403805
56.81005180177121,106.69344710003975,32.92354451181682,147.264356948353
56.171304842174266,108.12020107186781,32.92347712405728,147.31119909853842
56.2931044913283,109.3517506647822,32.92581345952779,147.38649531752532
56.126580259994654,110.64835489272079,32.944587998559605,147.46445995735127
56.3379859648278,111.71072898017833,32.949038686490425,147.53965556333523
56.62902754359186,101.71045925130686,32.95979429315299,147.55928758089263
56.32470612508017,103.90833381863186,32.9551462242239,147.58530854206782
56.63513166766475,104.70460816533647,32.970148787240475,147.642163778369
56.519285018485604,107.25806360949517,32.976406605123344,147.6963947624576
55.820541013279886,103.52270894848358,32.96330027139568,147.78606827973223
55.55893891277927,101.06031503698897,32.95601943840796,147.83795513989187
55.08665807104494,102.26679502755466,32.96022743029872,147.87522981032603
55.57276842344638,102.6099107284353,32.96531714457848,147.88379675889894
55.59044453284012,103.47658030896305,32.968994307960244,147.9077147017634
55.73412723926119,102.6900586551958,32.97758321197257,147.9217800477577
55.43434155037018,101.29516420353953,32.975423945051695,147.9476534122824
55.61992978816916,102.14668551437076,32.983981896190556,147.99042475641735
55.344946272987066,101.66510328792118,32.98474868975741,147.99832660794092
55.53207779187419,100.34463074516356,32.98729206015006,148.01480670474768
55.446262777115805,101.04505282107542,32.99279990646311,148.03709592618446
54.889651547794806,100.83272995052872,32.995584256660905,148.07365519929652
55.07412298631317,100.78654161857999,33.000877575903694,148.1180833388381
54.82842096540281,99.84052617121262,33.00121563872052,148.17214481123244
55.44232195166295,100.9650644322639,33.0124267420288,148.18670392450585
55.33889550088457,100.36812187043971,33.016077425768245,148.216190497167
55.649531023677916,100.34500537117603,33.024384076504944,148.2203373228454
55.96020919784321,100.32186266194313,33.0326560884458,148.2245331821734
56.17639547468269,101.18091734818482,33.03902146363419,148.24557397620154
55.43607852767085,102.80525915746252,33.03428507929941,148.29404359212796
55.860495819461896,102.45334759231947,33.03807222985962,148.31317177660182
56.46417008629791,102.74429067931672,33.045010977223974,148.3321281381031
56.68977416716939,104.00728845601003,33.05016115884382,148.35774114718595
56.02764666917538,103.36148964291448,33.054083985299066,148.37200420249235
55.7560235933524,102.97804162720124,33.05644743030287,148.3680774108712
55.960524971548466,106.17558939789197,33.056366928949956,148.44692462614256
