162,188,34,84
162,188,34,84
161,188,34,84
161,188,34,84
161,187,34,84
161,186,34,84
160,186,34,84
159,184,34,86
159,184,34,86
159,183,34,86
158,182,35,88
157,180,36,90
158,180,36,90
158,180,36,90
158,181,36,90
158,180,36,90
158,182,36,90
158,183,36,90
159,185,36,90
159,185,36,90
159,188,36,90
160,188,36,90
160,185,36,90
160,188,36,90
161,185,35,88
161,186,35,88
160,191,35,88
164,189,35,88
166,191,35,88
167,190,35,88
166,190,35,88
165,188,35,88
167,187,35,88
166,187,35,88
164,188,35,88
163,187,35,86
163,189,35,86
163,187,35,86
164,186,35,86
164,187,35,86
163,188,35,86
160,189,34,84
159,191,33,82
157,191,33,82
156,191,32,80
156,190,32,80
156,191,32,80
154,191,32,80
153,191,32,80
153,192,32,80
155,191,32,80
153,192,32,79
151,194,31,77
151,194,31,77
152,193,32,79
152,192,32,79
149,193,32,79
147,194,32,79
147,195,32,79
141,192,32,81
144,193,32,81
144,191,32,81
144,191,32,81
145,192,32,81
142,190,33,83
140,190,34,85
144,191,34,85
144,192,34,85
138,191,35,87
137,189,36,89
131,192,36,89
132,190,37,91
132,189,38,94
127,187,39,96
128,184,40,98
130,187,40,98
147,175,40,98
151,175,41,101
149,177,41,101
151,180,41,101
161,178,41,101
162,173,41,101
167,179,41,101
169,178,41,101
172,180,41,101
175,180,41,101
180,180,41,101
184,179,41,101
186,177,41,101
191,177,41,101
195,178,41,101
195,178,41,101
196,178,41,101
197,180,41,101
197,180,41,101
196,180,41,101
195,181,41,101
193,181,41,101
196,182,41,101
195,182,41,101
197,181,41,101
196,181,41,101
197,180,41,101
196,179,41,101
197,179,41,101
199,177,41,101
199,177,41,101
203,176,41,101
203,176,41,101
205,174,41,101
205,173,41,101
208,172,41,101
210,171,41,101
211,170,41,101
212,169,41,101
213,168,41,101
215,166,41,101
217,166,41,101
218,164,42,103
218,161,43,106
220,161,43,106
221,161,43,106
222,160,43,106
222,160,43,106
222,160,43,106
221,159,43,106
222,159,43,106
223,159,43,106
223,159,43,106
222,156,44,109
223,158,44,109
221,155,45,111
220,154,46,114
220,152,46,114
220,152,46,114
221,151,46,114
221,152,46,114
220,152,46,114
220,152,46,114
220,151,46,114
220,152,46,114
220,153,46,114
220,152,47,117
219,152,48,120
220,153,48,120
219,152,48,120
222,152,48,120
221,153,48,120
220,154,48,120
222,154,48,120
222,154,48,120
221,154,48,120
220,155,48,120
222,155,48,120
220,157,48,120
219,158,48,120
221,160,47,117
220,162,46,115
222,162,46,115
220,161,46,115
223,161,46,115
221,161,45,112
222,161,45,112
222,160,45,112
221,160,45,112
219,160,45,112
217,161,45,112
217,160,45,112
217,158,45,112
214,158,45,112
213,159,45,112
214,157,45,112
213,160,45,112
235,162,45,112
240,164,45,112
259,169,44,110
273,171,43,107
277,170,44,110
279,167,45,113
285,163,46,115
294,160,48,118
303,162,48,118
301,158,49,121
288,161,49,121
291,158,49,121
295,161,49,121
297,160,50,124
212,150,51,127
205,150,51,127
203,150,51,127
203,151,51,127
200,153,51,127
195,154,51,127
191,159,51,127
195,157,51,127
194,157,51,127
191,159,51,127
188,160,51,127
190,159,51,127
188,161,51,127
187,159,50,125
185,157,50,125
187,156,50,125
187,152,49,122
187,153,49,122
187,154,49,122
190,154,48,119
189,153,48,119
182,158,48,119
183,157,48,119
179,158,48,119
172,162,48,119
170,167,48,119
172,163,48,119
175,157,49,122
177,157,49,122
178,155,49,122
180,156,49,122
180,154,50,125
180,153,50,125
180,152,50,125
180,151,50,125
180,151,50,125
180,151,50,125
181,150,50,125
182,150,50,125
184,149,50,125
178,149,50,125
180,147,50,125
183,146,50,125
180,145,50,125
184,144,50,125
182,145,50,125
181,143,50,125
179,142,50,125
178,142,50,125
178,142,50,125
183,146,50,125
183,144,50,125
187,144,50,125
184,144,50,125
182,144,50,125
182,144,50,125
183,144,50,125
185,144,50,125
196,144,50,125
192,143,49,122
193,142,48,120
195,145,47,117
196,146,46,115
196,145,45,112
196,144,44,110
195,144,43,107
194,143,43,107
192,141,43,107
189,141,43,107
189,141,43,107
185,134,43,107
188,148,43,107
188,146,44,110
188,147,44,110
184,141,45,113
193,147,45,113
195,146,45,113
194,145,45,113
191,143,45,113
187,129,45,113
189,130,45,113
188,135,45,113
202,150,45,113
206,150,45,113
205,145,45,113
207,145,45,113
211,143,46,115
214,146,46,115
214,148,46,115
221,152,45,113
224,152,45,113
221,151,45,113
231,148,45,113
233,145,45,113
237,141,45,113
244,165,44,111
245,170,44,111
246,174,44,111
243,159,43,108
244,158,43,108
242,155,43,108
244,156,43,106
246,154,43,106
246,158,43,106
247,157,43,106
245,162,42,103
249,161,42,103
250,161,42,103
248,163,42,103
247,162,42,103
245,162,42,103
246,159,42,103
244,157,42,103
243,155,42,103
233,154,41,101
234,158,41,101
224,159,41,101
217,166,41,101
214,164,41,101
213,165,41,101
217,164,41,101
211,162,41,101
212,160,41,101
212,159,41,101
206,159,41,101
223,156,41,101
225,157,41,101
230,158,41,101
239,156,40,99
250,158,40,99
252,162,40,99
248,167,40,99
238,170,40,99
243,177,39,97
236,172,40,99
232,166,40,99
230,159,40,99
228,159,40,99
227,160,40,99
229,167,39,97
232,168,39,97
229,168,39,97
226,168,40,99
231,172,40,99
232,167,40,99
232,169,40,99
232,163,41,102
237,163,41,102
237,166,41,102
240,164,41,102
239,164,41,102
231,163,41,102
230,165,41,102
234,165,41,102
236,165,41,102
236,162,41,102
237,164,41,102
235,165,41,102
235,167,41,102
238,168,41,102
243,167,41,102
249,167,41,102
252,166,41,102
248,166,41,102
253,165,41,102
252,165,41,102
261,140,41,102
259,134,41,102
248,125,41,102
251,124,41,102
249,135,41,102
248,148,42,104
247,156,42,104
243,157,41,102
246,160,40,100
259,167,39,98
258,168,39,98
257,170,39,98
258,172,39,98
261,185,39,98
260,176,39,98
259,175,40,100
267,174,40,100
271,175,40,100
270,149,40,100
270,145,40,100
267,151,39,98
275,163,39,98
281,168,39,98
283,174,39,98
286,172,40,100
287,175,40,100
296,201,40,100
296,204,40,100
297,201,40,100
312,201,40,100
320,202,39,98
321,202,39,96
321,203,39,96
324,202,39,96
325,201,39,96
337,208,39,96
342,209,39,96
346,216,39,96
347,230,39,96
351,231,39,96
352,232,39,96
349,234,39,96
348,234,39,96
352,231,39,96
350,231,39,96
355,229,39,96
354,231,38,94
