163,44,47,164
164,39,47,164
165,37,47,164
165,35,48,168
165,35,48,168
166,31,49,172
167,37,49,172
167,41,49,172
168,45,49,172
170,48,49,172
167,47,49,172
168,55,49,172
169,36,49,172
171,33,49,172
172,30,49,172
164,13,49,172
163,5,49,172
163,7,49,172
163,9,49,172
162,14,49,172
162,22,49,172
163,24,49,172
164,26,49,172
165,30,49,172
174,50,49,172
179,54,49,172
174,50,49,172
164,59,49,172
170,56,49,172
162,49,49,172
157,52,49,172
154,51,50,176
149,53,50,176
153,47,50,176
142,26,50,176
141,18,51,180
141,20,51,180
142,23,51,180
147,17,53,185
154,19,54,189
154,26,54,189
154,27,54,189
154,27,54,189
153,33,54,189
153,39,54,189
153,37,54,189
154,40,54,189
150,44,54,189
149,41,54,189
150,43,54,189
146,46,54,189
150,49,54,189
144,51,54,189
148,54,54,189
143,55,54,189
140,59,54,189
142,60,54,189
134,64,54,189
141,66,54,189
134,64,54,189
126,63,54,189
117,60,54,189
114,61,54,189
112,62,54,189
109,63,54,189
106,59,54,189
105,60,54,189
104,60,54,189
105,60,54,189
107,64,53,185
102,64,53,185
105,61,53,185
108,57,53,185
110,55,53,185
111,57,53,185
112,52,53,185
111,48,53,185
115,45,53,185
116,42,53,185
115,42,52,181
115,45,52,181
116,47,50,177
118,51,50,177
122,49,50,177
125,55,50,177
127,55,50,177
128,55,49,173
130,55,49,173
134,54,49,173
138,55,48,170
141,57,48,170
144,53,48,170
145,59,48,170
145,50,48,170
144,43,48,170
148,61,47,166
148,81,46,162
148,86,46,162
151,84,46,162
155,82,46,162
159,84,46,162
164,81,46,162
164,80,46,162
168,76,46,162
169,70,46,162
170,63,46,162
170,57,46,162
168,53,46,162
163,47,45,159
165,48,45,159
164,51,44,155
167,56,44,155
168,74,44,155
169,79,44,155
172,83,44,155
169,81,44,155
161,78,44,155
160,73,44,155
163,77,44,155
155,71,44,155
151,68,44,155
146,65,44,155
149,62,44,155
144,58,44,155
144,59,44,155
143,54,43,152
146,56,43,152
152,58,43,152
152,52,43,152
155,54,43,152
156,55,43,152
156,51,42,149
156,48,42,149
158,52,42,149
163,54,42,149
162,54,42,149
165,56,42,149
167,58,42,149
170,66,42,149
174,70,42,149
171,72,42,149
167,73,42,149
157,68,42,149
148,66,42,149
139,64,42,149
129,65,42,149
120,62,42,149
113,64,42,149
110,69,42,149
107,68,42,149
107,64,42,149
107,66,42,149
109,72,42,149
110,79,42,149
111,83,42,149
113,86,42,149
115,88,42,149
118,89,42,149
121,90,42,149
124,87,42,149
127,85,42,149
134,81,42,149
136,80,42,149
137,79,42,149
135,79,42,149
138,70,42,149
135,72,42,149
132,71,42,149
131,72,42,149
128,65,41,145
123,68,41,145
122,70,41,145
119,73,41,145
116,74,41,145
115,74,41,145
114,76,41,145
112,78,41,145
111,81,40,142
115,82,40,142
112,87,40,142
112,89,40,142
110,88,40,142
109,89,40,142
105,85,40,142
108,92,40,142
105,90,40,142
105,89,40,142
103,84,40,142
101,87,40,142
97,82,40,142
93,81,40,142
90,80,40,142
87,83,40,142
83,80,40,142
77,75,41,146
72,68,42,149
70,67,44,153
75,63,44,153
76,58,44,153
77,61,44,153
83,67,44,153
79,72,44,153
84,70,44,153
81,72,44,153
77,73,44,153
84,70,44,153
79,74,44,153
88,72,44,153
85,77,44,153
92,83,44,153
96,77,45,157
103,82,45,157
107,81,44,154
113,78,44,154
113,81,44,154
113,84,44,154
114,83,44,154
113,81,44,154
113,84,44,154
111,88,44,154
111,86,44,154
108,86,44,154
106,87,44,154
104,89,44,154
104,86,44,154
104,88,44,154
105,89,44,154
111,91,44,154
114,93,44,154
118,93,44,154
121,93,44,154
123,93,44,154
130,90,44,154
134,88,44,154
140,85,44,154
138,84,44,154
134,88,44,154
140,85,44,154
144,82,44,154
137,86,44,154
137,89,44,154
139,90,43,150
152,79,44,154
154,72,45,158
156,78,45,158
159,81,45,158
161,83,45,158
155,85,45,158
153,85,45,158
150,86,45,158
153,82,45,158
159,83,45,158
153,80,45,158
148,78,45,158
143,65,45,158
142,47,45,158
141,57,45,158
147,58,45,158
149,62,45,158
159,70,45,158
161,69,45,158
164,66,45,158
167,67,45,158
172,64,45,158
174,62,45,158
169,60,45,158
164,63,45,158
167,64,45,158
167,65,45,158
169,71,44,154
174,75,44,154
169,72,45,158
142,68,45,158
130,67,46,162
124,66,46,162
118,65,46,162
109,62,46,162
109,65,46,162
109,63,46,162
111,64,46,162
115,67,46,162
119,71,46,162
122,74,46,162
124,73,47,166
124,85,46,162
124,90,46,162
122,89,45,159
125,78,45,159
134,61,45,159
141,43,46,163
147,35,46,163
147,37,46,163
147,36,46,163
148,36,46,163
150,37,46,163
148,40,46,163
146,44,46,163
144,48,46,163
142,52,46,163
142,52,46,163
139,53,46,163
130,67,47,167
131,67,47,167
131,65,47,167
132,65,47,167
133,61,47,167
133,63,47,167
134,59,47,167
134,59,47,167
134,61,47,167
136,62,49,171
138,62,50,175
142,67,50,175
144,67,50,175
147,68,50,175
147,64,50,175
144,60,50,175
140,61,50,175
140,61,50,175
137,59,50,175
132,56,50,175
131,53,50,175
131,56,50,175
131,59,50,175
132,59,50,175
134,62,50,175
136,68,50,175
142,73,50,175
144,72,50,175
146,72,50,175
142,76,50,175
141,73,50,175
138,70,50,175
135,68,50,175
130,62,50,175
123,56,50,175
124,56,50,175
118,50,50,175
115,43,50,175
113,38,50,175
109,45,51,180
104,44,51,180
104,49,51,180
104,47,51,180
106,46,51,180
108,49,51,180
111,48,51,180
112,50,51,180
111,49,51,180
110,48,51,180
108,48,51,180
108,49,51,180
107,49,51,180
109,51,51,180
107,52,51,180
115,59,50,176
115,62,50,176
117,61,50,176
121,64,50,176
126,67,50,176
129,73,50,176
132,70,50,176
134,72,50,176
136,71,50,176
139,72,50,176
141,71,50,176
144,70,50,176
146,69,50,176
148,70,50,176
149,69,50,176
150,67,50,176
153,65,50,176
153,64,50,176
149,79,49,172
150,79,49,172
142,82,49,172
133,82,49,172
129,80,49,172
128,84,49,172
123,89,49,172
126,94,49,172
124,95,49,172
121,96,48,168
120,97,47,164
121,104,46,161
121,103,45,157
124,98,45,157
126,97,45,157
134,94,45,157
140,90,45,157
144,90,45,157
143,90,45,157
149,86,45,157
153,82,45,157
162,81,45,157
167,78,45,157
172,80,45,157
175,81,45,157
178,84,45,157
180,104,44,154
192,86,44,154
195,80,44,154
198,81,44,154
202,81,44,154
205,81,44,154
209,84,44,154
206,84,44,154
211,98,44,154
216,105,44,154
224,96,44,154
225,84,45,158
221,75,45,158
220,77,45,158
226,80,45,158
226,83,45,158
221,85,45,158
221,76,45,158
222,76,45,158
219,69,45,158
211,64,45,158
204,64,44,154
200,40,44,154
202,39,44,154
202,37,44,154
202,45,44,154
200,39,44,154
198,37,44,154
199,36,44,154
195,32,44,154
189,30,44,154
187,33,44,154
185,35,44,154
192,69,44,154
194,76,44,154
188,75,45,158
