142,125,91,40
138,124,91,40
133,125,91,40
127,124,91,40
124,125,91,40
120,124,91,40
114,123,91,40
109,123,91,40
105,122,91,40
100,122,91,40
95,120,91,40
91,120,91,40
86,119,91,40
81,119,91,40
75,118,91,40
71,117,91,40
67,117,91,40
61,116,91,40
55,116,91,40
49,115,91,40
43,115,91,40
39,115,91,40
32,114,91,40
26,114,91,40
21,114,91,40
14,114,91,40
11,115,91,40
4,116,91,40
1,118,91,40
1,120,91,40
1,120,91,40
1,122,91,40
1,123,91,40
1,123,91,40
1,124,91,40
1,125,91,40
1,125,91,40
1,126,89,39
1,126,89,39
1,126,89,39
1,126,89,39
1,125,87,38
1,124,85,37
1,124,85,37
1,123,85,37
1,122,85,37
1,121,85,37
1,120,85,37
1,120,85,37
1,118,85,37
1,118,85,37
1,117,85,37
1,115,85,37
1,114,87,38
1,111,87,38
1,111,87,38
1,110,89,39
6,108,89,39
11,107,89,39
16,106,89,39
22,105,89,39
26,104,89,39
32,104,89,39
36,103,89,39
42,103,89,39
48,103,89,39
52,104,89,39
57,104,89,39
56,106,89,39
56,107,89,39
57,109,89,39
57,110,89,39
57,111,89,39
58,112,89,39
58,115,89,39
58,115,89,39
58,117,89,39
58,117,89,39
58,119,89,39
58,119,89,39
59,120,89,39
60,121,89,39
59,121,89,39
59,124,89,39
59,124,89,39
59,124,89,39
58,126,89,39
58,126,89,39
58,127,89,39
58,128,89,39
58,128,89,39
58,130,89,39
57,131,89,39
57,131,89,39
57,132,89,39
57,133,89,39
57,133,89,39
58,135,89,39
59,136,89,39
63,137,89,39
64,139,89,39
67,139,89,39
68,140,89,39
69,140,89,39
71,141,89,39
76,144,89,39
79,144,89,39
85,146,89,39
86,146,89,39
93,147,89,39
95,149,89,39
101,149,89,39
105,150,89,39
106,152,89,39
112,152,89,39
116,153,89,39
120,153,89,39
125,154,89,39
128,155,89,39
132,156,89,39
137,157,89,39
140,158,89,39
145,158,89,39
148,159,89,39
153,160,89,39
156,160,89,39
160,161,89,39
165,161,89,39
169,162,89,39
174,163,89,39
175,163,89,39
181,164,89,39
183,165,89,39
188,165,89,39
192,166,89,39
194,168,89,39
197,169,89,39
203,169,89,39
203,170,89,39
206,171,89,39
205,173,89,39
207,172,89,39
208,173,89,39
208,174,89,39
211,174,89,39
211,175,89,39
213,176,89,39
213,177,89,39
213,178,89,39
213,179,89,39
212,181,89,39
211,181,89,39
210,182,89,39
209,184,89,39
208,186,89,39
206,187,89,39
206,187,89,39
204,189,89,39
203,191,89,39
202,191,89,39
201,193,89,39
201,193,89,39
200,195,89,39
200,195,89,39
200,196,89,39
198,196,89,39
196,196,89,39
194,196,89,39
191,196,89,39
191,195,89,39
191,194,89,39
190,194,89,39
189,193,89,39
188,193,89,39
187,191,89,39
186,190,89,39
186,188,89,39
184,187,89,39
184,186,89,39
183,185,89,39
180,184,89,39
181,182,89,39
179,181,89,39
179,179,89,39
177,178,89,39
175,178,89,39
174,176,89,39
173,175,89,39
172,174,89,39
172,172,89,39
170,171,89,39
169,170,89,39
165,167,91,40
164,167,91,40
164,166,91,40
164,165,91,40
162,164,91,40
160,163,91,40
159,163,91,40
157,161,91,40
154,161,91,40
153,159,91,40
152,158,91,40
150,157,91,40
146,154,91,40
146,154,91,40
144,153,91,40
143,153,91,40
141,152,91,40
140,151,91,40
139,150,91,40
139,149,91,40
137,149,91,40
135,147,91,40
134,147,91,40
131,147,91,40
130,146,91,40
127,146,91,40
124,144,91,40
125,144,91,40
123,144,91,40
122,143,91,40
122,143,91,40
119,143,91,40
119,142,91,40
117,142,91,40
116,142,91,40
115,142,91,40
115,141,91,40
111,140,91,40
111,140,91,40
107,140,91,40
105,139,91,40
103,140,91,40
101,140,91,40
100,140,91,40
97,140,91,40
94,140,91,40
92,141,91,40
92,141,91,40
94,140,91,40
94,141,91,40
96,140,91,40
99,140,91,40
102,139,91,40
107,138,91,40
109,137,91,40
114,136,91,40
117,136,91,40
122,134,91,40
124,133,91,40
129,132,91,40
132,130,91,40
134,129,91,40
140,128,91,40
143,128,91,40
143,127,91,40
150,126,91,40
149,125,91,40
156,124,91,40
158,124,91,40
161,123,91,40
166,122,91,40
167,122,91,40
173,122,91,40
174,121,91,40
175,120,91,40
176,120,91,40
176,119,91,40
178,120,91,40
179,121,91,40
180,120,91,40
180,122,91,40
179,121,91,40
177,123,91,40
175,124,91,40
173,125,91,40
171,128,91,40
168,129,91,40
167,133,91,40
161,133,91,40
161,134,91,40
157,138,91,40
156,139,91,40
150,143,91,40
150,144,91,40
146,144,91,40
144,146,91,40
143,146,91,40
141,147,91,40
140,147,91,40
139,147,91,40
135,146,91,40
134,145,91,40
132,144,91,40
130,143,91,40
129,141,91,40
125,140,91,40
122,138,91,40
122,137,91,40
116,135,91,40
116,133,91,40
115,133,91,40
113,131,91,40
112,130,91,40
110,129,91,40
108,129,91,40
106,129,91,40
106,129,91,40
107,129,91,40
107,130,91,40
109,130,91,40
110,130,91,40
111,130,91,40
111,130,91,40
112,130,91,40
118,129,91,40
118,130,91,40
123,129,91,40
127,129,91,40
128,129,91,40
133,127,91,40
135,127,91,40
140,126,91,40
143,124,91,40
144,122,91,40
148,118,91,40
148,116,93,41
151,114,93,41
152,109,93,41
154,108,93,41
155,106,93,41
156,105,93,41
156,105,93,41
157,105,93,41
157,106,93,41
158,106,93,41
158,107,93,41
159,108,93,41
160,109,93,41
160,109,93,41
160,111,93,41
160,112,93,41
161,112,93,41
162,113,93,41
164,115,93,41
165,115,93,41
165,116,93,41
167,116,93,41
166,118,93,41
164,119,93,41
164,120,93,41
167,120,93,41
166,120,93,41
166,121,93,41
167,121,93,41
167,121,93,41
168,122,93,41
168,122,93,41
168,122,93,41
169,123,93,41
170,123,93,41
170,123,93,41
171,123,93,41
171,123,93,41
171,124,93,41
172,124,93,41
172,124,93,41
172,125,93,41
170,124,93,41
169,124,93,41
167,124,93,41
164,125,93,41
163,125,93,41
160,125,93,41
157,126,93,41
154,125,93,41
152,126,93,41
152,126,93,41
150,126,93,41
148,126,93,41
146,126,93,41
144,126,93,41
142,126,93,41
140,126,93,41
136,125,93,41
134,127,93,41
132,126,93,41
129,126,93,41
127,126,93,41
125,127,93,41
123,127,93,41
121,127,93,41
117,127,93,41
115,129,93,41
113,128,93,41
111,129,93,41
108,128,93,41
107,129,93,41
102,129,93,41
100,128,93,41
96,130,93,41
93,129,93,41
92,129,93,41
89,129,93,41
88,129,93,41
84,129,93,41
83,129,93,41
79,131,93,41
76,130,93,41
74,130,93,41
71,130,93,41
70,130,93,41
67,131,93,41
64,131,93,41
62,131,93,41
56,131,93,41
55,131,93,41
53,131,93,41
51,131,93,41
49,131,93,41
46,132,93,41
44,131,93,41
41,132,93,41
37,132,93,41
37,132,93,41
36,132,93,41
34,131,93,41
32,131,93,41
29,131,93,41
26,131,93,41
25,130,93,41
23,130,93,41
21,129,93,41
18,129,93,41
16,129,93,41
14,128,93,41
13,127,93,41
10,126,93,41
8,125,93,41
8,124,93,41
8,122,93,41
8,121,93,41
9,120,93,41
12,117,93,41
12,116,93,41
12,114,93,41
13,113,93,41
15,111,93,41
15,110,93,41
17,107,93,41
17,106,93,41
17,106,93,41
18,105,93,41
17,106,93,41
18,105,93,41
19,106,93,41
19,105,93,41
20,106,93,41
20,106,93,41
20,106,93,41
21,109,93,41
21,109,93,41
23,110,93,41
23,111,93,41
23,112,93,41
26,115,93,41
26,115,93,41
29,118,93,41
28,118,93,41
28,119,93,41
29,122,93,41
30,122,93,41
34,123,93,41
33,123,93,41
34,126,93,41
34,127,93,41
33,127,96,42
35,128,96,42
36,131,96,42
37,131,96,42
39,132,96,42
39,133,96,42
40,135,96,42
41,136,96,42
43,136,96,42
46,138,96,42
46,138,96,42
47,140,96,42
48,141,96,42
49,142,96,42
50,142,96,42
52,143,96,42
53,144,96,42
55,145,96,42
57,145,96,42
57,146,96,42
58,148,96,42
58,149,96,42
58,151,96,42
59,152,96,42
60,153,96,42
64,154,96,42
64,156,96,42
65,155,96,42
68,157,96,42
69,157,96,42
67,158,96,42
70,160,96,42
72,159,96,42
75,161,96,42
76,159,96,42
78,161,96,42
83,160,96,42
84,159,96,42
82,155,96,42
84,154,96,42
80,157,96,42
86,158,98,43
94,161,101,44
102,159,101,44
89,155,98,43
83,160,96,42
81,165,96,42
86,164,96,42
88,167,96,42
88,169,99,43
88,169,101,44
89,169,101,44
90,165,101,44
92,164,101,44
102,167,104,45
103,165,106,46
113,166,109,48
135,167,111,49
147,166,114,50
156,166,117,51
165,166,120,52
170,162,123,54
180,162,126,55
187,161,129,56
190,160,132,58
199,160,132,58
196,158,136,59
204,154,136,59
181,152,139,61
178,150,142,62
187,149,142,62
191,151,142,62
197,155,142,62
204,157,142,62
207,162,142,62
171,148,146,64
169,143,146,64
176,144,146,64
185,146,146,64
177,141,146,64
175,144,150,65
178,147,150,65
182,142,150,65
185,137,150,65
188,141,150,65
190,146,150,65
194,152,150,65
198,147,150,65
196,142,150,65
202,146,153,67
200,150,157,69
173,132,157,69
144,135,161,70
139,127,157,69
42,132,154,67
48,134,154,67
52,130,151,66
51,130,147,64
49,129,144,63
54,129,141,62
53,129,138,60
52,129,135,59
53,128,132,58
52,126,129,56
53,128,126,55
53,128,124,54
54,127,121,53
55,127,118,52
50,127,118,52
52,127,116,51
52,127,113,49
50,127,113,49
48,127,113,49
48,126,113,49
47,126,113,49
46,126,113,49
44,124,113,49
43,124,113,49
39,124,113,49
40,124,113,49
36,124,113,49
36,124,113,49
33,124,113,49
32,123,113,49
32,121,113,49
30,122,113,49
29,120,113,49
29,120,111,48
28,119,108,47
28,118,108,47
28,117,106,46
36,117,104,45
35,118,104,45
41,117,104,45
44,119,104,45
47,119,104,45
53,119,104,45
55,119,104,45
60,119,104,45
65,118,104,45
70,118,104,45
71,117,104,45
78,117,104,45
82,117,104,45
87,115,104,45
88,114,104,45
89,113,104,45
91,113,104,45
93,112,104,45
96,111,104,45
97,111,104,45
99,111,104,45
101,111,104,45
102,111,104,45
104,111,104,45
105,111,104,45
110,111,104,45
111,111,104,45
115,111,104,45
116,111,104,45
117,111,104,45
121,111,104,45
121,112,104,45
123,111,104,45
124,111,104,45
125,111,104,45
128,111,104,45
130,111,104,45
136,110,104,45
136,110,104,45
136,110,104,45
136,110,104,45
133,110,104,45
129,110,104,45
121,110,104,45
114,108,104,45
110,108,104,45
104,107,104,45
102,107,104,45
95,106,104,45
88,105,104,45
80,106,104,45
80,106,104,45
88,105,101,44
94,105,101,44
109,104,101,44
123,103,101,44
136,102,101,44
152,101,101,44
166,100,101,44
178,99,101,44
186,99,101,44
188,98,101,44
196,98,101,44
199,98,101,44
208,97,99,43
208,96,99,43
212,95,97,42
214,92,97,42
210,86,97,42
215,80,95,41
224,81,95,41
229,79,93,41
239,78,91,40
240,77,91,40
234,63,93,41
234,58,93,41
238,56,93,41
242,56,93,41
247,54,93,41
255,56,93,41
202,95,93,41
201,98,93,41
203,97,93,41
203,97,93,41
202,97,93,41
202,97,93,41
201,97,93,41
201,97,93,41
201,97,93,41
201,96,93,41
201,96,93,41
201,96,93,41
200,97,93,41
200,96,93,41
200,96,93,41
198,96,93,41
198,95,93,41
197,96,93,41
196,95,93,41
197,95,93,41
197,94,93,41
197,94,93,41
197,94,93,41
196,93,93,41
192,94,93,41
189,94,93,41
187,94,93,41
183,95,93,41
181,95,93,41
178,95,93,41
173,95,93,41
171,96,93,41
167,98,93,41
167,98,93,41
160,98,93,41
154,98,93,41
149,99,93,41
141,100,93,41
134,100,93,41
127,102,93,41
120,103,93,41
117,103,93,41
109,105,93,41
101,106,93,41
95,107,93,41
86,109,93,41
80,109,93,41
77,111,93,41
75,111,93,41
74,112,93,41
74,113,93,41
75,113,93,41
77,113,93,41
78,113,93,41
82,113,93,41
82,114,93,41
83,114,93,41
84,114,93,41
86,114,93,41
88,114,93,41
90,113,93,41
92,113,93,41
93,114,93,41
96,114,93,41
98,115,93,41
100,114,93,41
102,116,93,41
102,116,93,41
104,117,93,41
104,117,93,41
109,117,93,41
109,118,93,41
111,119,93,41
115,119,93,41
115,119,93,41
117,120,93,41
120,120,93,41
123,120,93,41
125,120,93,41
128,120,93,41
129,120,93,41
132,120,93,41
136,120,93,41
137,121,93,41
145,122,91,40
145,121,91,40
149,119,89,39
151,116,89,39
154,112,89,39
159,107,89,39
147,102,89,39
150,99,89,39
154,97,89,39
161,98,89,39
167,98,89,39
175,98,89,39
180,98,89,39
182,95,89,39
187,93,89,39
188,94,91,40
169,100,94,41
113,116,94,41
108,116,94,41
107,116,94,41
104,115,94,41
101,115,94,41
98,115,94,41
93,115,94,41
92,114,94,41
88,115,94,41
86,114,94,41
83,115,94,41
80,115,94,41
78,115,94,41
78,114,94,41
77,113,94,41
76,113,94,41
76,113,94,41
76,113,94,41
75,113,94,41
76,112,94,41
76,113,94,41
74,113,94,41
74,113,94,41
72,113,94,41
73,113,94,41
73,113,94,41
74,113,94,41
74,112,94,41
74,111,94,41
72,111,94,41
63,112,94,41
62,111,94,41
57,112,94,41
56,112,94,41
55,112,94,41
52,112,94,41
50,112,94,41
46,112,94,41
41,112,94,41
42,112,94,41
42,112,94,41
42,112,94,41
42,112,94,41
42,112,94,41
42,112,94,41
41,112,94,41
42,112,94,41
42,112,94,41
41,112,94,41
42,112,94,41
40,112,94,41
41,112,94,41
39,113,94,41
40,113,94,41
40,112,94,41
40,112,94,41
40,112,94,41
40,112,94,41
40,112,94,41
41,112,94,41
39,113,94,41
40,112,94,41
40,113,94,41
39,112,94,41
39,112,94,41
38,112,94,41
39,112,94,41
38,113,94,41
36,112,94,41
37,112,94,41
34,112,94,41
35,113,94,41
34,112,94,41
34,112,94,41
33,112,94,41
32,112,94,41
33,112,94,41
30,114,94,41
30,113,94,41
30,113,94,41
28,114,94,41
28,113,94,41
26,114,94,41
26,114,94,41
26,114,94,41
23,115,94,41
26,114,94,41
27,115,94,41
29,115,94,41
31,116,94,41
33,116,94,41
34,116,94,41
36,116,94,41
38,116,94,41
39,116,94,41
42,116,94,41
44,116,94,41
46,116,94,41
49,116,94,41
48,116,94,41
52,115,94,41
52,116,94,41
53,116,94,41
55,116,94,41
56,117,94,41
58,116,94,41
59,117,94,41
60,117,94,41
62,117,94,41
64,117,94,41
66,117,94,41
68,117,94,41
69,117,94,41
71,117,94,41
71,117,94,41
75,117,94,41
74,117,94,41
76,117,94,41
78,118,94,41
78,117,94,41
81,118,94,41
81,118,94,41
84,118,94,41
83,119,94,41
85,119,94,41
87,119,94,41
87,119,94,41
90,118,94,41
90,119,94,41
91,119,94,41
95,119,94,41
95,120,94,41
96,120,94,41
98,120,94,41
99,120,94,41
101,121,94,41
103,121,94,41
103,121,94,41
105,121,94,41
106,122,94,41
108,122,94,41
109,122,94,41
110,122,94,41
111,123,94,41
113,124,94,41
112,124,94,41
115,125,94,41
115,125,94,41
118,125,94,41
120,125,94,41
120,127,94,41
122,126,94,41
123,128,94,41
123,127,94,41
126,128,94,41
127,128,94,41
