198.5,214.5,34,81
194.97588793426718,213.43867617436453,35.77985207259722,79.8475538574019
193.20052324203786,213.52493692813937,37.18502548400287,79.06244775894035
190.8764544290282,214.3785006882475,38.05427846074549,78.11558469499623
189.33320945625093,215.13287452065532,38.247065899281,76.51091803205841
187.54586985879644,217.7283700425106,38.09225362194569,74.49872804807075
185.13424906533922,222.77406749975512,38.760999492765144,71.43274855411393
183.2158723579378,228.62271585740677,38.06060061722378,70.73263373120564
181.31800558838592,230.5915960882046,39.986702627473164,67.52976772408917
182.57419449869516,232.68040620951845,40.6298545443272,66.45304312469574
184.86217312679668,232.6691295007243,40.596702959816085,65.48625021688659
188.57518125962363,234.34409492100443,40.37610337354449,66.37991449961733
190.80664895941203,232.9294804012367,40.06670810839761,66.1787454087359
190.8871197841967,234.43578291080343,39.46534592064124,67.47018702046185
189.15165612742027,231.74389301430364,39.64050831109839,67.91437111415112
181.1471112238064,225.98436716458195,43.69191741611667,63.214157829463616
212.43705423178875,214.58242467855104,46.48848098511293,61.1490318762325
214.09265339434708,214.34573608609048,47.13468298195668,61.525485709865734
211.60228901932442,213.6279351785976,46.538893196387995,63.80254721637602
207.47655808565648,213.4832005967025,46.98202977304396,64.98791507992667
206.30276341195494,214.19187753256546,48.712655674306724,63.64031021333959
209.0264936726542,216.91067165199823,50.35195853486624,62.502972027879835
208.9824292130847,219.89093541044804,52.37453617302987,62.046226783319085
211.72949076061883,227.48049803938738,52.50440838206933,63.82840523637789
220.95016135714633,230.42219301058464,52.858633747852195,65.77732883158106
221.91081778065592,231.6817196680311,52.54213721839133,67.34137297457386
221.90640623633695,233.3379691986741,48.10672498216961,72.50814103364918
223.767650590096,232.19821602791603,46.10724514573002,74.39451060563214
232.50619436337698,231.58364262624082,44.26690019102597,77.16684419277315
235.83150227130932,229.55162860502924,43.848476414651046,77.94246920098615
243.13441542038518,227.80350981541744,43.29106434684597,79.25715007854959
245.59461820118702,226.64884189153543,44.63099089278625,79.42961864153881
251.12939383408786,225.41585444650104,45.55611430960177,81.61181006598375
252.90075443997506,224.89274830086674,46.721197777697995,81.61933572414227
256.6030912366908,224.48274011280972,47.84983412079002,82.97349262750467
259.8713761796556,225.20939806455496,48.88078342278749,85.07405598503107
262.789325052581,224.58225404699175,49.96018556936237,85.75449422290868
266.4191083299458,226.25777276786195,50.77464798344374,85.40549835946109
269.6535619419284,228.19615442324644,51.30981390248398,83.86911190263498
273.74739877874333,230.09361430183287,52.30373889218412,82.0799926310731
278.7288625254984,230.71603350987434,52.320862439323335,80.26863251079324
282.7083947238186,233.1146327262971,51.565442795185376,78.77705117198765
286.3261437934707,233.9767093983915,50.084231421933545,78.11660053032107
287.4868433903196,233.6712444043767,48.966440264276926,77.52667836266528
288.54078906252767,233.53116060605097,48.02596024722285,76.66867655147216
287.21708936534276,232.83842286200368,46.932178029577905,76.29775276569437
286.7151928647938,233.50500568040252,45.6624150366421,76.82150439097407
286.97466121977413,232.01888576977987,45.51450081932852,75.98793185336314
286.4858683866412,232.05171572529875,45.14914889690277,76.79350659770564
285.5251915342143,231.16077021102475,45.10970994104332,77.36595846781397
285.2643484451262,230.20619138102654,45.31700706921264,78.64609448321812
284.8617231990199,227.3150991444859,46.237114549616884,80.18191436279352
282.1684255295682,227.14329232690167,46.65568086630347,81.28629289483166
280.84177177887494,225.6705699237807,46.87379578269845,81.57811698116394
278.8039494794427,225.1515978279674,47.64347042802599,81.31568928749081
277.3820621744358,225.2500059351498,47.24031396198998,81.76599974777815
276.5698660684251,226.0453649952322,46.517678156967314,82.54393945499066
274.71073265264056,228.12205963148944,44.9020960352893,84.14831118406309
274.18609557522166,229.34308265590613,45.02862019394189,85.19487182659017
272.6539350052204,231.5980024061157,46.60656159132201,84.26819868702611
270.0153123371857,233.6820712397893,48.3789062334979,82.23682721497616
261.5324393817107,234.18842391100753,50.63107201291723,80.07108313238163
257.80002423194225,237.84021162748672,54.3630992061461,76.4478611025147
251.5570650675041,238.24441838621746,57.64118901329383,73.26299585432507
243.72409534052866,239.36093008192933,59.2704072376915,70.8273906102269
237.6414986741018,239.57511887697774,59.34340315233236,69.71306709203324
233.32898547283997,240.56257241510326,58.782928456223175,69.19593155547034
229.41411926251544,247.37148146124693,57.67875813639375,69.17806806828554
220.55935988749985,245.67130614341224,57.811824631175924,68.71939107982469
217.84630587631992,245.666456422269,57.757120580781894,69.16305194336243
212.45453767821098,244.4187093568844,57.37029068976832,69.25412236044761
207.69347988321732,243.1494986347475,57.038290793610614,69.85573855646086
203.3208124048358,241.85371943665345,57.127242235969334,69.47337088529666
197.969968184768,241.85204805840164,57.79867154371969,68.18277107111393
188.69311196982937,238.9876502249556,58.992591264246386,68.88296366107126
178.97367949680057,238.0434426834171,58.98057615964479,69.87081782867806
173.9641370042772,234.1508033578118,57.686524090248135,70.43867876290868
165.94444660908363,234.04268341665576,55.440374790303295,71.52018651803114
162.5380707243208,236.20468701009636,55.07495206413191,71.36895841440192
159.18595083630169,238.76269665687434,56.20644460964034,70.579521075802
157.34222218871867,239.87171385510462,58.081513365492114,69.92363465430942
154.99457086641465,239.50048060722875,61.37607324085884,69.16883235409402
142.83125666661192,236.14069570176423,58.895343852378375,72.51056188449027
138.9522460014145,231.14488289867444,55.567174959079374,77.20030570050871
132.59051886063622,227.57611157883935,53.33405956900506,80.17245927920473
131.46652220993775,224.01128676090465,52.570212526926646,80.95201555035855
128.36531702070096,221.39763447098375,51.6075147015123,81.13315800175192
126.09037174519304,219.48629719093526,49.72897517211432,81.11791881024672
123.71856704208346,221.13847064128322,47.037118288813176,82.58435151923096
120.02864614358798,221.66538853569722,44.59268030064791,85.3721595406752
115.74049301400329,222.268497157339,44.01963257879921,85.67469476263972
113.24324133169306,220.4206714282469,43.73754511929249,84.6490627850024
110.82707306171977,220.66422833115382,43.78663132736041,85.89165991573483
109.68532192144706,216.76094680487094,45.03025190166803,85.98635182114486
108.93612716375907,215.01646119330235,46.789097979086236,85.78352054260355
108.50907496113615,212.8822365564757,48.906021316865356,84.10452585415972
107.01903351990066,211.4603124864899,49.526196333812024,82.18193980147387
105.38813886959517,210.1491597252276,48.4258306737907,81.26580271230408
103.01198954512274,209.89398901907353,47.353127606121774,79.66256461296977
101.7065046088511,210.31591263807087,46.069984176434204,79.532908930952
102.25007137750983,208.73974974692078,46.50304195095302,79.64181416004475
104.00271526475512,207.308109130015,47.3384719689734,80.36393466730907
106.29113848154552,204.45702832882057,47.847405202293245,79.86067434510686
108.0312324652322,201.82882754820218,48.38853662426315,80.76968000943205
110.87690350396659,201.2871703501621,48.22670313749262,83.98148699927745
114.22232577448418,199.3956874979919,47.71415754665275,85.47302890601043
118.90133127546073,197.24521648311048,46.872221678976985,87.14507541460932
122.00639975124594,195.5229242841741,46.122234015584084,87.05593407395665
124.10359070818501,195.56451701528778,45.19811911144102,88.22200558022759
127.1091895115197,197.0426263516114,44.119640258586344,91.66519572487158
130.7701693547782,196.56294269557264,42.656231597459964,95.62891417601772
135.65577409700194,194.19128582857934,40.98851008145729,97.47033357902595
139.56056138118194,190.44522588135092,40.554675087529674,96.06886350003305
143.75539766443978,188.23031564320456,39.922724421953966,95.66865258136724
146.85046277655664,185.9020993656037,39.9378301558196,97.64748022285741
154.39732234511197,182.6933612307544,41.48173766665816,96.3787954512963
155.0127287723815,181.98673215562047,41.12894021109829,96.82398661118862
156.62566371196672,181.59052122629328,40.741239906665385,96.65700072305114
159.26468681963962,181.87229255301563,40.56102207953367,97.12147761706895
161.26039640110625,181.56258647255294,40.15435452258801,97.73913302980972
164.15845080202408,181.85164447448685,40.458581318744265,98.63591369532976
171.49440465879644,181.23439756292336,40.42913061356134,100.25872200400664
173.93521704074402,177.5498101441139,41.771854871577844,99.09872394428666
176.30113246902974,174.14238804093083,42.98634073406156,95.80262149537944
178.84452405919237,173.01517791963417,43.512113534418674,97.67437664025924
181.42570069876044,173.47986298647638,44.01752444214169,99.81474060310194
184.018676319279,173.0776969843135,44.76064748851908,102.86492245522128
186.9380452032974,171.50790837288932,45.516839415611685,104.49881494467883
189.0174045516573,170.73597246948594,45.437678137715125,104.76036970913482
192.75634230902367,170.56135120552418,45.17683982391014,103.58861781223841
196.29185638495596,170.92871729182417,43.68630846007048,102.20375012251802
200.06668137689343,170.7074987020008,42.40567569573898,101.52172529368852
202.43665306282784,169.89917647946305,41.191775977358304,99.33552187652037
204.08786984409375,168.36947207853564,40.20618044087328,97.47339041806026
205.76190962095785,168.0230050106069,40.244587655867576,98.06591695351487
207.60212715113153,166.43069949670888,40.93839060974141,98.29085624554742
208.4385991130519,164.5293117180786,40.86431720172405,99.85045510412326
209.6600447653787,163.193419431916,41.71342929024368,100.04148601624644
209.52870814458257,162.80302526504386,42.70695400326,99.83308102971637
210.97831573744267,162.42554740339176,44.10670617899,98.97781584390194
211.70571511192833,162.1486871430652,45.02318166288309,98.83398278951614
212.964747701799,160.9934663916741,45.46549441473658,98.67327651664827
214.57254522762466,158.3323976972344,45.11200330214166,97.48779738559975
217.090204058311,158.25010188752742,44.82165453191277,95.83062453586695
218.17823690701962,158.85643635815208,44.0253941609573,94.60537929489811
219.6296385936132,155.81531455330537,42.619989402653545,93.61158740501878
221.9013066039272,157.58789977571132,42.66786136313521,90.38023100420557
223.55177713640524,159.16419679623263,42.04624087198589,88.8327837288719
225.33811984531738,158.59249214125168,41.17699063673302,89.13018992365662
227.8363699199271,159.16656410377107,40.6993994650221,88.90735112671541
229.7655648454118,159.03646622654003,39.87794398981566,88.47830261085281
232.19078052875994,159.15936572415256,39.84749610548022,88.77864881635705
233.42690801270282,160.75665841518548,40.554485179037336,88.1455048558
234.56615276495526,162.65687844921047,41.48166817705015,87.40912690628036
236.63981707312882,164.15812692071634,41.9837130920446,85.15162460361891
238.6194449020418,165.12677498992346,42.03288505415271,84.62473839257287
240.6916160471062,165.53840694133385,42.44317399723922,84.36032287079458
242.14203565781963,163.5090605571051,43.327033738977676,85.74204372686802
243.4113472742008,161.16562290151865,44.28184922691843,87.40868063853532
244.1834801544466,159.58201066129223,45.01654464806744,88.52982476811229
246.7879276264387,158.34828054420916,45.68244847880252,89.96666824202454
247.87684893608187,157.7726397944661,46.22289881110006,91.55465702953742
249.46247824656507,157.66749854464706,46.36564055825191,92.29467271017526
250.45675238668917,158.03097591085586,45.61356691122059,90.50461263298536
253.76637939491445,157.27687153172883,43.960193288751945,88.98398537935283
257.5999917710435,156.09941024492113,43.01231124508152,86.23912024087105
260.43584923507456,155.28397377500707,42.11170732852453,84.11366626686554
263.87615466929805,156.79750873955354,41.578058912012395,83.38595899722696
266.2859203397699,157.86006922138964,41.013362223015605,83.66746878802559
268.57579412352936,159.12254276192397,40.59501211261954,82.64985367431073
271.8385987198104,160.6788268875658,39.57366059904302,82.74215135549167
274.4598068228097,160.19267961738856,38.71479694431396,83.27222744315411
275.8486440116073,161.06524485042303,38.909155590553,83.64533447250754
276.9709900555728,160.66461174169353,39.76482246563469,85.05375333078612
277.7821995664538,160.6198412682689,41.44210036617489,86.63858360334945
276.93925897674984,160.01527171072564,43.2789353897725,88.13540620537444
277.3250487763172,158.94361394598388,44.963870387576904,89.6312986463074
276.8077620444063,157.59371712887457,46.40311644427711,90.86678771414265
275.75054191464784,156.9159973630667,47.14995995830296,91.87571775932153
274.46401620330073,157.80067932269415,48.17710722145121,92.29440983219315
273.91737180293325,157.86344601222322,49.011342076644866,92.96475551912542
275.37001246750737,157.14300073325086,49.51328349529935,93.92810588208195
276.89287887558254,156.5301930523555,49.47779266447001,94.12024250699524
277.0125073111581,154.4259516643256,47.49358597566139,94.84203380814046
277.3893249253804,150.91465053825203,43.82474359961864,95.83250343470777
277.89625929088584,147.9186468055757,40.66584985373041,95.6778200545709
278.797427816408,148.7928977919576,38.966816957856956,93.28352512068645
279.56958366878115,147.95188182672302,37.988908344064455,90.4492873673178
281.50377677128006,149.0533616486236,37.23505222558399,88.05205644215508
282.17093168625314,149.01973105954073,36.32471023392522,86.09500345520544
282.8470342440712,150.91499763706645,35.18798626545916,85.49980926461626
283.4492027468957,151.59464542737868,35.40064311624015,83.78351306481872
283.4755768231741,153.0443463798717,34.3234977096932,84.62915539124748
284.06001739028716,152.8986095204698,34.7105443289156,84.84102005125399
285.15424159200296,151.82441818966834,34.177068001900025,85.6364454641691
286.13747901734735,153.14631842190573,33.46696834480717,85.65155503578139
285.97983845282226,153.3890028168899,32.53374566965048,86.80488458527529
285.69214375026263,153.99112143034097,32.242357118283934,87.75443640179972
285.57861715243763,155.02804786385514,32.10840327915539,88.90381794982565
285.00369553614985,156.00069407239312,31.503759831700116,89.88220512297497
285.2712130240556,154.77144712379825,31.514938184726898,87.78996688439194
285.9904386313867,153.60760597205746,31.345451499102225,85.85286962015502
285.74977345685403,156.23509424644604,31.240795114731018,84.12839396020236
287.52433837317466,155.810813400181,31.366261591751595,84.71793079425771
288.3453399430037,153.65762955912496,31.83149865213621,85.34280757823747
288.9112387956617,152.226718706604,32.242854352009815,87.13984821352382
288.67122450890463,152.2921702232942,32.5311486264602,89.30039520379458
288.4464254741968,152.8095955135875,32.92018652531473,91.25831910974966
288.5348770253211,154.2353492213444,33.68506553995605,92.13798950109012
288.1640078168263,154.3988344521857,34.17627892943221,92.95992693926412
287.814309328506,155.9535666073515,34.51891123188612,93.03776164207036
288.0524099162894,156.09779524729515,34.3633571767951,93.57275898063699
286.7938806777266,157.02741483985687,34.40423963043749,93.9298560458187
285.567626758864,156.84131875726214,34.42885812108626,94.3193275118469
283.5575264823531,158.05047812243237,34.47042288614407,95.561439451291
283.434568131566,157.79800439482307,34.02274799302229,95.98285091490047
281.89044893671263,158.2988095021134,33.55971661306049,94.92273824973452
281.12223045096835,158.82750840858574,33.48767623049936,94.43090763220529
280.1469126782059,158.98775664216853,33.213552674156546,94.68624019412295
279.25931914361837,158.96451929492224,33.34086109648101,95.49165874437801
279.4318239249742,160.03594023000892,33.381626086591524,94.69743800419425
280.5577846680921,161.2214720727248,32.969483262083564,95.7488796974857
280.48686356082555,163.0492239967058,32.99064904108644,96.40666644553195
279.57694012233605,165.53680451201882,33.54620165136473,95.31803056901971
277.5521580218757,166.71563241753597,34.30305530960665,95.2552437040608
274.95067745903543,167.33873689724436,35.0443241020657,94.936046770954
273.2417468527643,168.75967859699367,35.3366755756858,94.3950461877701
271.90645354680333,169.9532087797017,35.21229239047342,94.7555549065215
270.01762319861507,171.2720729489556,35.51521782684016,94.4876357187095
269.08966569949445,171.78820462439376,34.61295649832968,95.58315518948845
267.9791221381425,170.4567014251019,33.77850234410189,95.73514259660186
266.5035831500485,169.08166292395205,32.94722834961721,96.02354180921344
264.06375541369164,167.96839849561127,31.91366818512398,96.08400974136495
261.87261805418274,166.47765583661806,31.714622141507437,94.64736037002037
259.05486079669885,167.10590039713838,32.07942285032284,94.61765976979271
257.19435770926145,169.44796596934597,32.26681748917167,94.72940608204254
255.6533863262201,170.618360882176,31.838449605382543,95.05656569447757
253.2838729259496,172.427461414679,32.039692306344726,94.46662438365249
251.34573193179614,174.70337156560586,32.2894915695082,93.18506250846504
249.4344342016052,176.07291510378644,32.71319224305537,92.96570003957153
246.95109598257932,180.2185145427918,33.262674314652024,92.50543854711984
244.5286257305302,182.9531432101648,33.40462047213161,92.34225201696984
243.19884961084904,183.33477034710643,33.64090892327068,92.35366613860583
239.49747935029984,184.08601731132921,34.30046916940569,91.8810629858408
236.39826380202402,183.49569929280074,35.70764717605252,89.9619959493962
233.12012965843022,184.92488369013415,37.08619014814614,90.08366293658972
230.7478150351743,185.81038793349296,38.79144957310951,91.01419372790244
228.19091832210262,184.98001682410398,40.03786476438964,92.94551266214981
226.26149908086563,183.6064037882797,40.01095295313189,95.60335746368776
224.53798411403855,182.2025668704565,40.298070062155325,96.92807798932131
221.78432417746748,180.32104662688454,40.69786506347127,96.49774908788491
218.3334077695301,179.88253500263744,41.393478206189286,96.50802912940128
216.47129316738926,180.4339656192969,41.83678022922711,98.24304779224626
214.8791389735103,180.1723298334553,41.688385503429146,100.2218589480893
213.33599288236803,180.75107600908683,42.01248019120679,101.9756787000978
212.82634569128916,181.9400821029274,42.327230982818904,102.06203604786282
211.42428599953917,182.55203801028375,42.46641596957508,103.12887688245732
209.76071632877677,183.07568479735636,42.82212357892217,104.07998030099552
206.97183075040164,182.9455222808349,43.949355146744224,104.0251231846282
204.02732589564803,182.92494486203788,45.41642596007223,103.96097784160824
200.4134572100403,183.18566451463522,46.0635830967601,103.33588137273401
197.03673543058568,184.68872381100104,46.03482155084143,100.3189163719183
195.22331278873574,185.36101335742535,45.69698210973361,96.89479964898851
192.67946002838428,185.29223801225675,45.396870247623994,94.69325903836133
191.3354714062903,185.1129122713432,45.22257165296003,93.66556096135824
189.6756517792975,185.23796957839272,44.75027069469587,93.78115973498691
187.8467788936819,184.25473873660076,44.15849044206239,94.06286370906767
188.077034790451,183.79251006092738,43.908659610133064,94.4618001396609
188.82466947023045,182.05844909083885,43.46171197451213,95.13623449782196
188.3972738651417,180.3345824249249,42.99110438193235,94.9515136727743
189.32128340710295,180.53810616524538,42.91848998970601,94.74550665379277
188.69085232443888,180.04082377678066,43.281289925877644,94.19948972753613
189.46258980679912,180.3684227660055,44.05466466971433,92.43720973977096
189.72087866705624,183.64466206389352,44.10883521875806,91.99122890858231
189.72059260292963,185.11524375515307,44.02687592463461,92.47136689096192
191.5102377435572,185.49826203787308,44.02679425582147,92.60468311444707
191.63110719122446,186.14727184743657,43.9095108497052,92.94642077090148
191.23094292490424,185.29026902992103,44.28240133183715,94.506377873685
190.26792805229744,182.41696785565168,44.727198791551174,96.47643374395221
189.9559655002929,179.50534655452185,44.27714046469781,99.06411402168793
189.5609377673577,177.16924615675845,43.57448879727505,100.9949448545225
188.16529090173452,175.17611730482187,43.21771410048188,102.58091397654749
186.37728867463525,176.58770519472398,47.45960245341546,99.46228020776582
184.98258644529702,176.24954954333887,50.82844494281168,99.63834957528293
183.34831144051944,180.9950675064921,54.16675444792323,98.56530147246282
181.74417655269986,182.237802257245,56.517437124487046,99.09022296789001
180.2954650423435,184.04754575422257,56.98448003922748,100.67476982555837
181.18489439722725,182.94689266946904,55.37667579701885,103.43504048595595
182.63727095252258,181.14393931243308,53.285691609710774,104.85461306687964
184.20017491346758,177.44055608254274,51.31101484092751,104.13238744597183
184.73890576793565,176.3449703172053,50.21168659063548,102.90407841443663
185.67270931074677,176.6456589801278,49.2859668837059,101.96993708889113
186.60874937837664,177.5715358375009,47.933164499891916,101.42969357941375
185.93487483146455,180.35392446095275,47.47895300621458,101.02951575115019
184.8361937298347,182.04003633104895,47.608896872606,100.96340430038653
184.2279585428652,183.83815318364344,47.80359593478505,101.06956126597393
182.4116652687972,185.0454051830258,48.46306203194754,101.01942713644138
181.85668325169698,183.9124155955799,48.08469880136221,101.54993410903214
181.47673749594452,185.99010049559837,48.04478628101822,101.31806413161175
180.33274719287016,185.68218907945365,48.28823315761371,99.72530813890428
177.82486572933112,188.63284673567802,47.86839771127868,97.93479452323288
175.5877811699475,190.9623241393576,47.640631061918526,97.37518683043669
173.28519870201413,192.54513979864902,46.845457348035495,98.04624879874964
170.6975566823301,191.8861860162529,46.38260023216064,99.99269246869781
166.6306306670638,191.5090100384059,48.02128453045445,99.63079402861696
162.28046738932082,192.706310962904,49.351128641177255,99.53070135206028
157.28758563793514,194.5508615970934,50.16983319924644,100.08335175451893
153.07521341686373,195.40604098781705,51.0078218888258,101.49112890217927
150.51998469231273,194.02337356696074,50.89361703400321,103.26986370250243
147.51106189973234,193.02385257966068,50.97375281081443,105.06370023658135
146.45091431241775,192.3225955977019,50.88313694990589,106.51178380662425
145.9643997494088,190.5886167318623,50.98764903471735,106.88434382750332
145.37117372342186,190.42514510402106,50.31837913616026,106.76635977820266
145.45735199456004,190.55496831306226,49.56319514503903,106.86778840379847
144.36969919667595,192.0213009545484,48.64707293776761,107.77923527864792
142.50032997446567,195.25610920207305,45.81866508091865,111.87299807131832
135.9195621085206,194.57454650683974,43.898891494266316,114.59647204405269
135.65723049614317,194.41144410326547,43.77311098628271,116.88381307308694
134.60275748851737,193.92041681843,43.63342147106247,119.17033818185087
132.96173612326925,194.46163162589315,43.65583685933461,121.27316385600233
131.586493284427,194.59991175541285,44.5286895614408,122.14192079380891
129.7021374581898,195.29804170694086,44.44768764999609,123.40111791055881
127.82974650752136,197.6359142738882,44.883671953447866,124.07906864610993
126.89113109241703,198.78649890197556,45.26873173453851,124.01125133581232
125.68574926017236,199.16965975419055,45.35609847787001,122.88296334925303
125.88941407699184,199.16042195906928,45.277706493957915,121.91896526805925
125.71789081403395,199.32315349912605,44.5137735305472,120.70475795290696
127.20155958155846,199.770183288317,44.0355087951808,118.97881893755529
127.86437317059429,199.30814152743795,43.34235782770334,117.46302900235844
128.1380524310835,199.13261248446548,43.16010553173861,115.82548719187241
128.96852521055953,199.95936598305906,42.53540639173952,114.68810456239922
130.20095033582282,200.49725482614048,42.157848812416525,112.46225096376077
131.25717832298028,201.23494767291788,41.54072948990368,111.0007383174013
132.27878989637355,202.5300818625046,41.22068294166601,109.77755420298314
133.68317489342076,203.5597186270074,40.40853491393364,109.1420919904677
135.6704146255525,203.1562665633888,39.84993899077734,107.94262008964398
136.4918611319756,204.24812611856802,39.48256069980152,107.08182070565732
137.9787500046951,206.01972939560014,39.22229728236549,106.74659740697945
139.55929806496246,208.17392838371148,39.0800288386038,107.39116182928582
140.47910435384895,208.15513908478374,39.40002438651749,107.33113653237112
142.26025894329734,207.99685142311898,39.8551459899388,107.79651726537057
143.2431232951143,208.0955960030227,40.00979578056764,108.46415864927188
143.6868890489821,207.616511688712,40.188403017186246,108.65778970503258
143.8188315789327,206.88628023927708,40.191193965986386,108.85439464320143
144.51653425479782,208.00657085576228,40.398226110441456,109.50123764080658
144.54062991079434,208.36151356010936,40.61734401709348,109.18999313296271
144.91605316438537,208.43562153968716,40.48731731696404,108.87666409723947
145.03909568846115,209.18411884854015,40.714406125547704,108.16728179852609
145.08688724147186,209.25611969463063,40.17913242962154,108.36888437704181
144.59357950905996,209.68922190442322,39.756725205579656,109.11222506911278
144.779847120554,209.0454612726744,39.64613514083474,109.17515078588801
143.87268167475085,208.7714422703042,39.18807328265467,109.18927654916956
143.72681589641462,208.0720776726728,38.717435921861934,109.32764931819332
142.9257390092405,208.10706130419285,38.504006467145224,109.16122767321048
141.60471917569825,209.63608900003993,38.282631846662596,108.97929475618676
140.86951970910846,208.4733222167238,38.110898497585076,109.42851439802956
140.09952882173704,207.96177903213788,37.69827371352818,110.4005384105208
140.1977647729328,206.81124261485914,37.3539767637629,110.66715356151502
139.53602228612291,205.8381122089393,37.21177541612411,110.53842314715841
138.4711598203459,206.25913815228137,37.206455534522036,110.34233635980901
138.18080294921742,207.22699505629464,37.04605770022184,110.55877962003498
138.33483460811973,206.80622295496335,36.761309722697725,110.80151362677478
138.02342472241207,206.88438474338113,36.89748302070532,110.68016072087764
138.2239055552866,205.78795838595937,37.00802850846733,109.3990768779514
138.1738096460396,204.1734591238422,37.000921818674826,106.7010157517646
139.0341554551462,205.78774803272145,36.644404685668235,105.35810215863076
139.70767862049388,207.65271311161848,36.245344838546785,104.74863227267201
139.8453972300096,207.00589139704496,35.55574251011933,104.95058313494741
140.73767039370526,208.71489890788618,34.89786249017739,105.3680786055898
141.87671600351945,208.16086880565757,34.68017032602996,105.08438382519137
143.334321848823,209.88040129994874,34.47426344499314,105.91298422280894
144.74274966522142,210.53742931953465,34.51768474968105,108.91169187458564
146.07280595114375,210.93677980646947,35.342740634867646,109.55156581087991
147.57914545453502,211.15040559890042,35.77296300099463,109.5505509151087
148.3163361682827,212.67771721572018,36.30531594468459,109.75766502811837
149.19244543083224,213.2712314026261,37.05005591377192,108.70605475645169
150.08293787993784,212.57632008073023,36.71438971444374,109.08195792754908
150.66655407861555,211.89285327213707,36.91572919456794,108.10086813012356
150.86283392242052,211.9320186659618,37.02797644274518,107.77916084902013
151.6128580941114,213.05338210738725,37.47320376369293,107.00260940314281
151.96217358344174,213.76341816489088,37.87851970924185,105.33437922067068
152.3518597772103,214.87962020586838,37.910943748477784,105.28843158059502
153.17274134437116,215.5771571774396,37.69043489138537,105.46895814232771
154.3372782465901,217.23682662581427,38.20078593550403,104.69100179677164
154.93004364333964,216.34379975504493,38.34591751173302,105.02976619066166
154.55243938788053,217.98635739145527,38.419320173575976,104.78056605417825
155.28146543652056,217.59634365535806,38.68782926499371,104.58809463263495
155.7059075456168,219.04951918565502,39.181895271677625,104.11316056041377
155.56546827379665,217.18398081838924,39.690990850849936,102.67237421587431
156.22833963537195,216.52919577729992,40.12991575789492,101.34882519176021
156.4095763944951,218.6904279108289,40.39308358562643,101.32677644060192
156.06647987372455,218.9062527785176,40.569799131020375,100.90426182577283
156.3450752232421,220.09264895668832,40.782588683774364,100.88071883237691
156.28565175849886,220.66016113550052,40.547431110964396,101.32088895278756
156.1647492440944,219.7067470617185,40.22443826150793,102.39108914014648
156.32339292894898,219.93615775934393,39.77722331621057,103.85172291552705
156.17022818333,219.56668144330646,39.74053242790518,105.47868342685916
155.66888435776994,220.48640913780167,39.555052983840994,107.33151047614693
155.85364722288986,222.86469372992536,40.197389412376474,107.65220226296887
155.62999460185213,223.78549533868687,40.728922253655504,107.45547850578069
155.1194561198197,221.90163089875367,40.758829288216006,107.14093724023081
154.40782963820726,218.81356756867996,40.43044550789533,108.43051156654641
153.46404558171892,216.26545973423362,40.392515254516134,107.57791475069794
152.29144899941576,216.7497073144064,40.75224456147166,105.8377071083768
151.73473178320242,215.07919103559635,40.96399089499088,104.82420980836136
152.3677926509764,214.28732772719962,40.57513842747879,104.56890735143965
153.70756361259674,214.20393102907798,40.0939073562889,104.51843771965727
154.42454598151448,216.0957007171995,40.207120410048894,104.2789666799011
154.8207201409951,216.20333377174688,40.779651341614084,103.60390488718394
156.7268510489099,216.72975435594557,41.37683767260455,103.99474293231043
157.5642685695366,216.71651259795277,41.59139047734421,105.42212180542799
158.79706844974447,216.71288653137063,41.96752536467935,106.22817559913
159.60202061554435,216.61511612956576,42.09531970728153,108.52060089179919
159.9937881052394,214.53171502093667,42.002579732259285,110.36819043396275
160.65313336996815,214.5099974041571,42.12096326801017,112.83992247195
161.17610565272952,214.57282464090213,42.17653101537658,113.88664796901045
162.28116060896258,215.22608430598058,41.8663805479101,115.68903729211289
162.7793231752781,213.570362702826,42.2141403933827,115.96586855803807
163.15534887868455,214.19259627285774,42.373165472680526,116.15170308423438
163.58548071981733,215.56195902204985,42.618644721780925,114.88684071069756
164.1571546088757,214.19795884231584,42.61710891056025,115.58043846129415
164.93222798532415,215.52578399826672,42.492653523859005,114.48946348050808
165.6504372300601,215.09980067841258,42.93464167825459,112.76980870221712
166.39427372323968,215.94137386383295,42.64582289988802,112.08516923502472
167.53345957612586,216.3935785568095,42.08439421970462,111.44967392277732
168.8243554777913,216.31703713838922,41.23471053252365,111.28143464634235
169.74069685282086,217.47885196291423,40.280973311925436,111.58303960117415
170.73384335554735,216.68719796841904,39.58821351245846,111.49260434217871
171.15542174673854,216.964514404304,39.09352145747785,111.15584882860693
172.30520365619967,216.26099860891637,39.09283702355009,110.21372856963552
173.2140383489534,218.16267039811592,39.350615435817886,109.68874082810468
174.74316536631778,218.43004139721828,39.17792334414334,109.53577823239442
176.62357249953035,219.3307009782108,39.11812216594451,109.60028973027566
178.73077551957599,218.7625638885509,38.62977627790705,109.57786809260182
181.64657882538467,218.47621257970482,38.076257282256535,109.42334194957466
183.88074962532974,219.02444243894976,37.638097567132,108.60820158108898
186.5437047677799,219.2729844066218,37.51485928693136,107.3829025473639
188.3946606041941,219.47320154788997,37.63154588451923,106.37125917030315
190.4671849486189,219.6060380246456,37.83195761055613,106.58046327625149
191.45511775922859,220.3489297329847,37.8532928360088,107.02710345118713
193.0878233018003,220.36719412433507,38.08352202872787,107.03526605605032
194.80690222570115,219.45583210563518,38.58314670694245,106.23020202658608
196.17659313615133,220.07559090166652,38.84421978869105,106.62001173173411
197.87103977837248,220.58815841127745,38.99232954456244,106.84719604844973
199.58780782442136,220.29941444344638,39.32770147629891,106.10746937591941
200.18982600583064,218.577453840753,39.585829634697674,103.88062088983888
201.4325499808407,217.7491612652582,39.342544627563946,103.40109501978662
203.13310748468052,217.70804126229436,39.5096206713674,103.25749080638735
204.35248811651354,217.26497714060426,39.927075123109745,102.80755018113047
205.9995700722152,215.65212184120148,40.000072247244134,101.63322253759594
208.2074108372704,212.80257150555664,39.68697937069818,100.36891569240612
210.7564655188722,212.04144959586148,39.025271851519214,99.82874581932211
212.6339319822106,214.98684355498705,39.55479803891711,100.12156643302282
214.91666821070066,214.2388368991378,39.61536413326756,101.33358456339926
215.86040786532118,214.5956507878239,40.39209252094119,101.89597290216932
218.627870274579,215.58127585079177,40.99759195398196,102.28987656575384
221.88975347321056,217.9006687583737,41.12299452491954,102.62070668686924
225.16123963652836,219.80905300994382,41.26345668467311,102.99563196653543
228.35780936040868,221.21687171504016,42.02822806073449,102.88102385703249
231.71796809459414,222.0177091680988,43.66618219117947,102.51406441264609
235.61023373845458,222.19798195437886,45.80502889418126,102.08987700880718
239.13531893307822,222.458222273684,47.68230296294179,102.83401572063028
243.65469769878553,221.53719155196777,49.59050111237431,104.62566099623729
247.38638668738594,221.29918397854777,50.49406077250262,105.17397653248635
257.5279776416181,220.94770344048274,50.92169620107443,103.41584990491158
264.2018704272825,221.28335931923755,51.63035289048784,100.53718932385462
271.8498838823098,224.99503961700418,48.48756904531356,103.16090876829932
278.9219934215626,218.18848269455668,46.160733732982244,105.52575734677589
279.59096732724396,219.7949940938184,44.79767696954433,106.7348064819988
284.65244500177926,225.37173222727984,44.90358819762216,105.96878138695095
292.59033946331925,220.9473411727456,44.424990322210675,104.42439600029186
301.8234314923528,214.11213415526265,42.84051440928507,107.11121227982561
306.78046583726064,215.25316354657448,41.653528925646285,107.23031755207256
316.0155635230499,214.66762694634505,41.55466381529818,106.14768691990508
319.80819514217137,214.91972074507427,41.92656391094809,105.1221694426859
325.2325185505207,217.95538947298877,42.60802840711557,104.40380735535669
329.4054968673218,221.7844407574355,43.353302165969446,104.43127502648397
338.93866606631553,218.12495938084143,42.443732566810084,103.13824685102219
348.44253911758256,215.2862431075806,42.456328337445036,100.09408840175529
364.1454450650548,207.72609699630988,46.50630791588925,97.18003690481427
371.77897416592805,200.25391625665918,47.80007887674034,98.24072090151071
370.8391777925054,193.6282266724819,48.63381419408126,97.0632298687544
370.80827513293605,188.54040103088923,48.29652156395356,94.8658523967518
370.4188274222143,191.85707666958962,49.601239863280966,91.49034485218488
368.8132957251284,196.94473785261556,55.692918968664955,84.9615614589876
369.542817759369,195.4632921398122,59.802304847083136,80.81667147437703
369.21069021314923,201.15567392167617,61.080586009163795,79.50003554279022
367.72697682229654,201.81583792467526,60.436255512426825,80.06939304838109
363.47704247651444,204.20415291734983,58.282679913829824,82.55763656767061
364.0158382584312,207.3864438032489,57.42619993072586,83.0006567245834
358.68903594986773,213.17525570968738,56.84437383038452,85.40053096621085
353.5144423696964,213.46561231191887,57.16446629468222,86.24138341364149
346.573020730842,217.7097434287983,57.74931305139485,87.50984649116191
338.7085391182872,223.161535950918,60.081950211441026,86.17166443154166
329.25323613794063,228.0367144830702,62.57568033290076,86.50835971251314
314.0787863268618,223.87299067731942,63.86550936790027,85.52382421549417
316.6548131586245,242.00740152885498,67.77361443392809,84.94140006491332
396.30110545906746,209.76283348570513,61.8113826162453,95.05390727548058
398.9320230790151,210.0673476896098,61.47948140116081,93.24620943407754
396.77331414471246,204.56968502948592,57.564979981130875,98.00715212493074
395.046257413112,200.2496585821151,53.928395202144145,102.29049220152662
393.05086625922553,196.4216082437984,51.27439830459491,104.60394294148395
391.68078266495115,193.31063454170504,49.5112757935892,106.81357411871144
389.66884166253715,190.71194869134965,47.745571254380366,107.99786665300992
386.1256006472215,188.649117664823,46.15690622843205,109.43976186417478
382.50083607275025,186.01852079772476,44.82758749224274,109.83609744788907
378.4657535565252,183.49049701074594,43.669638396580055,109.22551904528422
373.2666211093955,182.05135692422311,43.28626514539264,107.74820935169166
370.11770095000225,179.45461200862218,42.60871407623978,107.81988111725022
367.10255711498957,178.86745372127515,41.97312869557534,106.88729151633089
363.30410462294475,178.59360701143402,41.77127374237861,105.99853969980714
360.57909087863914,179.0654078650298,41.23851123770378,104.83108550719722
358.30206235760716,178.94154758202495,41.218819691205674,103.0593458719435
356.43261056723594,179.24703794273825,41.39759434471724,102.73737999660342
354.9293753727814,180.2179374938774,41.85195072376919,104.13719776329788
353.1083055094647,180.14468479199851,42.95620192348613,104.92218418798309
352.08781417842965,179.92825383365138,44.173254679664694,104.82608063150231
350.8005058780405,179.4874481886083,45.69825339389975,105.14430446803237
349.79617710593834,176.62241687817482,46.496242493470604,104.45889982663127
348.0169389164563,173.83508007285945,47.34745468748298,103.95752983145755
346.7230079960244,170.14019588493068,46.22376986887713,102.45894485953679
345.86640038445495,168.55935737080577,45.62599070534302,99.19739123974587
345.67393680529295,165.98377125228245,43.54811974507568,97.49845819114795
345.831365654233,166.2493592088299,43.63475321235671,95.5554245538633
346.2408657909064,167.09222716313047,43.95248933198477,94.16560699071354
346.8094417919136,168.75976717748404,43.990508705245034,93.64262689563063
346.7478101998212,169.7285722137475,43.95497720323171,93.74763533621103
347.7417997807896,171.5625756898604,43.15309101405027,94.15453091847004
347.8244226956756,171.3020869634123,41.936084868383226,92.97679638005613
348.25237682589847,172.5175803905986,40.05359770473926,91.99631215973201
348.07200626602173,173.61686005812416,38.262606856566684,90.82765707101119
348.6973578641668,174.2285092404759,38.12088288543525,88.96806291086703
348.36841504968004,176.2597474148336,38.05734739185778,88.15323241710152
346.0182773215567,176.96053395296298,38.16411412770647,86.66810804574118
344.5195241640926,176.9803345433108,37.87158710218057,86.77638741924474
343.38582381379075,177.49436266698336,37.71280028752552,86.29703579607562
342.0677482078897,177.0842415978184,37.471590201720204,85.98903734907847
340.8390121678017,177.46718165135792,37.07136860971608,86.70127494639085
340.1095564645278,176.75171616918783,37.443034909566734,87.17673224930834
338.8305540450209,177.8459429583183,37.9069471410824,86.84156004979343
338.04294412103445,178.2313504665757,38.06643985053593,87.26082376863019
337.28116062838893,178.74947992787787,37.771400339969745,87.87834649847642
336.8430636247705,178.4409800619554,37.79380316993392,88.19503368144552
336.0332463083688,180.2905543144467,37.776840169375376,88.26140765647393
335.04123650758055,181.80170947599822,37.87746243017739,87.45150921386404
333.7628310003895,183.2208473681612,37.826130591776234,87.16092787419444
332.6073610171939,184.30706903075418,37.77517022857765,87.86009781309238
331.6037967820812,182.3860178216982,37.356352224727694,87.85976010287791
330.74989785286164,180.53761417550038,36.82953571091348,87.54550715738904
328.5477528910798,179.84044417597946,36.95310635423411,85.89833681287921
325.61779693219285,178.9494566496864,38.27124542960086,83.71695537056178
323.4839880802002,178.96424812997247,39.34224290767975,83.75327623753762
321.94295762588285,177.2977956136809,40.48537044381686,84.94457541608637
320.1984672221626,176.66683630989195,41.299617612494,86.46840431319023
319.20576076230185,174.28058946698877,41.65245227846946,88.49599157352054
318.8746963384412,172.45056132302312,42.01760694406191,89.67725662457438
319.4430154649997,172.38809169667599,41.768432141376756,89.83957549600277
317.9712171531067,172.64192287239058,41.73052003332067,90.18822130678598
317.1241248088243,171.94722029134581,42.09351187081885,89.74392521593819
315.66052504065806,172.54998392807747,42.773940309968125,89.49504456370215
314.6610503397036,173.14571691811733,42.95766709091296,87.91414847793622
313.78656426947947,175.66322157146806,43.059657276786666,87.07943652688667
312.347636330596,176.41881672726853,42.918808978604496,86.66183587879125
311.55154071576067,178.15892504366417,42.94988851966126,87.02887972115863
309.59495343700337,179.043615218915,42.719123105252095,87.5991616841183
307.69901602144,178.59283675529653,42.88013903821592,87.835024016972
305.5292990003419,178.28077601554972,43.38332039105063,88.08456272897904
303.1391769020939,178.08221744943884,44.30354371161578,87.59911686624385
301.4556433984144,178.71061552189227,44.70732217336628,87.33845357198396
299.6155854457318,178.58977976524397,44.918985625118154,87.7156620092851
297.53054988785993,177.4453637776126,45.21243024931526,88.06093004640698
295.81076919202303,176.83517171566058,45.182129418317565,88.75121501679237
294.599620240575,176.63340131516307,45.42914365078816,88.90491639270037
292.8610432424507,175.03721513231872,45.36896082071235,90.3886977740446
292.1278291882281,173.25414339967614,45.2682946031383,92.44412217843197
291.83818463907727,171.21968952531165,45.341000249215156,93.9115647019412
291.1248527975805,170.41138353088422,45.362215018634544,95.04629584715664
290.8580092218874,171.91555732027402,46.7807591093365,95.81879009576964
291.5063631664587,173.14825652968332,46.733408443704704,98.09907248597203
292.4181612259751,173.6694989784686,46.166489713816766,101.04016293248716
292.78593393758024,174.70244622352794,45.657878082839986,104.32138825056549
292.64473227201637,176.331797630507,46.13418418961294,107.21124357640844
291.7729709997282,175.51549734360015,46.471717325696154,108.7583708213933
290.0801286141112,173.55585912749416,47.65057445639682,108.97494163188593
288.95103395140904,170.9434727106457,48.375872865930376,108.56943206354431
288.4824043093138,169.00733473069764,48.64860133642695,107.29520076025682
287.141801253163,167.9380393856706,48.506027388914035,105.33808737163659
285.9864192412608,167.57575288116914,48.774484512694045,104.15362648610059
285.68581884479113,166.97382819744655,49.0317512464903,102.49603185711632
286.0619980241946,165.43195366748805,49.21387975368067,100.53132615552823
286.34263830373004,164.2945846203002,49.26706574257577,99.58576166811682
286.7829676363366,163.333557862158,49.15494519477152,99.17756444435
287.14563695250155,161.61709391492798,48.58629777092335,98.11690055337911
287.64806564542874,161.1318144596006,48.03789892383959,98.8789058219993
287.7899567477557,160.42045705530788,47.44545710605328,99.67870631631473
288.3472955877047,159.9358612737004,47.25582849269878,99.12194816296171
289.61686110880976,160.9004047779085,46.94421124061937,97.91044397639149
289.6592973059016,161.0708777154374,46.2090425159837,96.62195006952678
291.5548372898471,160.7294690182523,45.601715323284886,95.19982561895677
292.3508531567583,161.51038133494256,44.61510268879338,94.89515723843724
294.93602892094276,162.145550904079,43.79346122054416,94.23459555072594
296.9139174210844,160.60608825296438,43.29044706243923,93.09976667586164
298.561199726906,159.66543995675124,43.07633060143072,92.27896919022396
301.6054009080518,159.10240569849802,43.318261472018825,90.99144965970284
304.31603518437714,158.7816460976827,43.41885971776901,89.57605715440901
306.9351472053845,157.75981956683626,43.32349370416618,88.59852815586024
309.2568923338491,158.2724321419625,43.195775789918784,88.05518721690953
312.3308992434089,158.8040998266867,43.05988174084929,88.11502985267965
314.3880918596583,159.51731921089913,42.87511152910244,87.75012918449741
316.87975218185346,160.50926500246175,42.81019403336323,87.59163521203651
318.6054367666161,160.06321674527896,42.92068900148748,86.76443837046034
320.96231053664593,160.73570968553537,42.890391206606076,86.54271394166872
323.1383185420455,158.74073818516212,42.94619303638311,86.79927614789008
323.66824827453036,160.12454554900495,43.93814049814067,86.82301607642384
324.8353041726518,158.59875537203763,44.33970737468837,89.36222405582392
327.7080029337256,157.9757001784577,44.14941029351978,89.37806143463715
329.92393131387064,158.5249861260455,43.28734270444852,90.05109062035609
331.24730917956396,158.56410225601266,42.68555033289466,91.42574541867981
330.68890900053646,157.9445192919011,43.93587525783844,92.28943307923328
331.3877887901054,156.3501020894202,44.468452511700825,94.95966010618909
332.7613507873101,154.27683836924336,44.8285582269166,96.10000702171672
332.6474686924168,151.0032784834356,44.20850267116262,97.7344027752353
333.3808256919121,144.47521821730174,44.280957268439735,97.2813956906207
330.8988975281203,139.0039508780493,47.078031693710074,93.37532330583215
328.7420933220311,137.14626155163074,48.73252002303317,90.82701291753153
327.5740236632794,135.30341418673615,49.02429798761612,89.59558623695085
324.37789438051686,133.59683207254824,49.63460655619288,89.19674351494822
321.5962752419494,132.33976161101805,48.83761915583757,88.4533768753713
320.6533419416009,133.26172666826463,46.634732533115425,89.8664908377977
321.198944985495,134.99046515505546,44.34803513139284,91.82569658440033
322.39336341191967,133.51983774920166,42.347137076017525,92.48060662949112
323.22882386200354,134.8023158747593,40.64667331993129,91.81845964065158
324.5943304663912,137.20508370541003,38.563433555808494,92.79111697632885
326.8651483836694,142.47248482654584,37.393980328902856,91.63297984941369
327.63382841604187,148.01961728185756,35.96881520460574,92.65596347394649
327.90762322336946,151.98516054870254,35.41521938216789,94.68030029535907
326.8409337976446,153.46096804429158,35.66560238973026,94.73152200843515
326.6337631045023,155.40685139133365,35.07174634921882,95.4193866429338
327.1120631218785,156.7823144345869,34.97687379058641,94.88306612626674
327.38743544134036,157.11859911573012,34.57368702121627,94.71399651030293
328.6981132283927,157.8515263395523,34.294369840132234,94.61590546273641
330.14431159291547,157.0765390114922,34.20365391438562,95.3775926580526
331.2177198912903,156.58627107776118,34.15266966550584,95.99284297992713
332.0979174447695,155.97067818459263,34.36286169290874,94.68682593118122
333.54044429421987,155.89901154497863,34.75838994514931,92.47428443356901
334.14124497944874,158.2898029358426,34.74176086091592,90.25851328590474
333.6661827300106,159.82566658793763,35.00406087210614,87.05062352186438
334.423033775989,161.45389239236562,34.28371913266548,84.3794876173541
334.48398688543807,163.7474948832458,33.522323620668836,82.83399491968194
327.7739557904056,166.1453069612483,33.63014807117083,83.62878910245252
329.43173450289936,168.12587562517018,33.77320809499006,82.06410420151919
331.73293829607434,169.85325966096968,33.52274257101808,79.9419580619499
332.7781529695254,171.59452261361463,33.053148886004,77.36602708873933
334.5995457806777,173.11901800116573,32.279005355450536,74.68603451333843
335.8983413939049,173.14962210613055,31.46125590965865,73.1349159392578
335.76015904662444,173.1087866592427,31.240413141432015,70.85111546996583
340.1904784538453,177.70272956431626,30.302737946222486,70.6511532819501
325.00779975585806,173.32699520798664,36.897286168612915,65.01902748166987
324.05715853297016,182.42044820691774,41.860956557656536,61.13666021061432
331.74757453879204,182.38069135855596,43.653760028800946,61.172888172386365
335.4076880823103,189.87112159525597,43.7296730403361,60.84403194092971
344.0179260633263,194.83542211406598,45.05461867864601,60.79801166045084
344.41295637491953,200.49140809251213,46.563609817086714,59.35360295123914
344.44939012199586,205.70066292367244,47.129205462468036,58.78714597751717
342.4317904617003,204.46333050415487,45.86699954013926,58.4039535892269
337.4605242951099,207.71701748365345,42.7564331947311,59.10100925669457
339.0026500765574,213.63649287036233,39.85169128647722,63.46975730529828
339.1297605659566,213.57751890940767,38.22777798208689,66.25328931457943
338.9368393777991,214.23647356979302,37.77361001341963,67.7761514305
340.1531442024631,215.4598830459548,37.18670742299825,69.60590470565451
340.88937998494237,217.35075248648366,36.450611309127694,71.84041214341393
341.33563595529813,218.77049354796068,36.41861776431682,73.86263389314053
341.6624552985024,218.42115226651046,36.356997086140495,75.07670649453127
340.80060981856417,216.9402446174766,36.56336037973428,75.65703156203867
340.4182693463129,215.94420218064488,35.830711731532034,76.57150403564717
341.0099967692185,214.94832192402842,36.23500362510834,76.93621557961133
340.4892743797734,213.72985653557384,37.088004922076365,77.45500844853859
340.4134596078241,213.82754032520322,37.526625525755115,77.79833084024999
340.0144720746917,212.9988155298239,38.58914662874022,77.80791585085424
340.5188992961027,211.52271181407713,39.519494017735845,77.82146719065771
341.44310662258135,210.90398564150843,40.74635335540955,77.85554586521711
342.5581581895994,210.03377813438723,41.67459472859097,78.78599234832775
343.72351680571927,209.8002356309726,43.19402331315416,78.26746496273148
344.9252637084955,210.5802198664278,43.66248061081221,79.36927613392619
345.68895793430994,211.58583567959062,43.930738945873,79.8036521698015
346.531435083757,212.05062443779101,43.9059275455385,80.30834014774727
346.50347237140056,211.14326357237994,44.09812101972983,80.19755111444744
345.7551303025091,209.9052781747424,43.33097902569217,81.3934368229
345.75223188414714,208.3209871291966,42.20315154715417,81.79526023364797
345.6432948911877,207.39495272364735,40.44250132500423,82.85644717256933
345.08364868767984,206.950079543965,39.018569397303175,82.67380237955214
344.93300073514496,205.89529332574483,38.2909789841661,83.16359236817752
344.12980304580185,207.04534970358162,37.4619080733321,83.68098258796785
343.2025100271249,208.80708653332033,37.32561636315027,82.80390318126753
342.9147737344395,208.11523794770125,36.379892463955315,82.54833648417375
342.54173146662845,209.0428243468266,36.020632227238636,82.03760021222163
342.46893244958767,207.83298436243996,35.80689755081566,82.14269974047362
342.0728404952675,208.29322185748805,36.39387242775495,81.49348948226148
341.48901415683,206.93228485398456,36.89546763716924,82.36710630523983
342.7781183478753,208.4529007050605,36.09279722276057,83.23406652241471
342.84728222385127,207.03919574700518,36.96811607343918,84.33141347694698
342.41041498176935,207.59923217058073,37.91549524036799,83.98280777905352
341.25555431063725,207.2053062708083,38.34730477652572,84.01021463946189
340.6055137862007,207.29220685755342,38.85489176678985,83.58348765277353
338.85378110947585,205.7925101433607,38.591601062500175,83.42291175132505
338.0222695250343,204.59317208675313,37.95106278233243,82.76844293274695
338.99839375037214,205.45833263237182,37.2697554699242,82.79347052391313
337.6191430372827,205.90778625416291,37.14411831196614,82.72045453666335
337.626766694314,204.97035183229065,37.44563788580685,82.74241965669114
337.3653071975847,205.13465500280137,37.51031488011606,82.09198313240213
336.95321218676577,207.51755781393913,36.775513946401176,81.99677029500816
338.59762758804817,207.66901372263476,36.11483360694057,82.43578091576163
339.96348767861843,209.40278505016494,36.14684657437492,81.97313585515316
340.8491864920758,212.02778560102914,36.25675154259879,80.28588103981694
341.6074321549853,212.5026078229904,36.23059365469931,78.50276589372308
342.03776395802447,211.11425422600138,35.45310973856472,78.58316161385468
341.9755904750113,211.10771390448556,35.022655180905694,78.51069377405105
339.70698912112204,209.4005119510421,35.56197909878243,78.0575668581841
336.52035695586557,211.0616072178232,35.36201983844451,77.39386817452119
332.18656066313,211.5914421903251,35.27401149465534,77.54654740592424
330.4726037272797,212.01580081820458,35.37861928267682,79.0561758971593
327.03743450430585,212.05318926193445,36.58556470799468,79.94511140393706
323.9038298770479,208.96183333482765,37.22647410441737,81.81946601938114
319.55518568783424,207.27299530299598,39.284990948878495,82.24394460379645
316.34752686701836,196.2958195370874,38.53468158779424,83.91902024144854
