143.5,125.5,30,54
143.02372642875935,124.5472018396557,30.328437129234747,53.37365240341412
142.53012810349495,124.62883891413095,30.578571385144567,53.038282404353566
142.33566040480758,126.15310665690394,32.22925330828378,51.06506489766653
141.18259656007734,127.308238512634,33.10383788594311,49.683265420081675
141.21987928849447,127.49508486638723,33.43288784420516,49.39396941015603
141.94773001885628,128.16428707963917,33.81936985420752,49.37052880124864
141.1054044517323,128.95637558155101,34.255346476545995,48.96871554597532
140.70679155539128,128.8456474206648,34.438078839567254,48.609140962501044
141.73941460453375,129.27852026212327,34.69349953129088,48.339086781678354
140.26787400770195,129.30916855023753,34.60889246010763,48.48135581788515
140.96120894081767,129.61085374078704,34.86306693896899,48.317889411319264
140.12526598964592,129.5187344799201,34.941514335186056,48.31433004393966
139.22425199832065,128.7201731303561,35.35306048819339,48.46410867835513
140.5456461008535,128.43553192142065,35.294169635346314,48.35401491128572
139.57607599459806,126.10427588432401,35.59824274256393,49.15648942024768
138.09292525139864,126.07508865587212,36.41845372145544,50.089836459014876
137.99712677084455,126.3675852353646,37.03602680994969,51.14242059533325
137.52108720698828,126.45250746142656,37.87441623938334,52.39212954229532
138.07514484424146,126.86561826932899,38.65998368315395,54.408813447883304
138.11926611393568,127.38966442494262,39.4459750452662,56.5531325593855
138.27950045557236,127.63723844104027,40.42629512217809,58.56508463247586
137.0489041972706,127.42206421437642,41.056013930628886,60.81135558450657
136.23054886538043,125.85806381655253,42.486863577301236,60.74627857749627
135.4827958802524,125.41224123174916,43.43951708621921,61.992075174848836
135.20502887468157,125.58597750574208,44.382629584757126,63.641023129525635
133.04853034353076,126.4238747802732,44.84590354639653,64.9006319274788
134.67811297814887,124.18637989128808,45.39889638491784,66.22738853017131
134.57166565814936,124.78631564555499,46.36028326582263,67.55448097084097
134.50660719512462,124.92639135495338,48.10141038569694,68.13601530491285
133.49136080767892,125.70506397037957,49.347127367035924,69.50505142362407
133.15058293510685,127.41515894343105,50.02780684252751,71.28759356370276
133.13057180992348,126.74711385331675,50.7558560575587,72.14870169088991
133.50843626247124,126.62299372665797,50.922429338952334,73.51960663422516
132.75086170723623,125.64943888680608,51.402228841954695,75.00881996211467
132.7607286773436,125.34323954668181,51.79598704489413,75.16149633205858
131.80880503328905,124.41806504160022,52.11517952495877,75.6670340219169
130.46738886708584,124.36129819319899,51.44718273291446,75.46532763359437
129.95496983946884,123.24437658961529,50.57862298007352,75.06371308662663
129.38153941490575,124.41052139443505,49.41397231262869,73.81715641384623
127.57329189392375,127.38407104926367,48.366847359475486,71.35381746109209
126.35218576553957,129.90186725500004,48.030019756472115,67.82292952502216
125.89671989352465,130.12912953259556,46.98719206866299,65.16153226818624
125.1333877246168,130.48116937627572,46.826125617294096,62.98503105391708
123.30609296343329,126.76265024051065,45.442438944135006,60.368491902351494
122.92605582701081,125.81525745498254,43.84145975018307,59.46640819545359
125.02790998768478,124.70752879364427,42.89248499130462,58.16866952661402
127.94240081706383,127.75266916738308,42.47109992068131,55.90351995703865
132.05410761434592,124.62109382198662,41.93147748670058,56.2444823658186
135.8514047892801,124.5795161671264,40.892505714499464,55.71200532032587
139.97277675359476,127.32770067512864,40.7399078506285,54.358182958068966
142.79078133589442,124.43051667948538,41.113590878106756,54.98508192469728
147.125982338438,126.70032080939279,40.83267137118857,53.937544101360125
147.68123942803567,128.89909494203866,39.707996620373336,54.505637334634045
143.921278540167,130.98979098471548,39.78491283428206,54.46894386912294
142.66580605490648,130.63129805804098,39.24186291077539,54.214797086401695
141.5862353626921,130.73906749059066,39.02392576203158,53.72143069020304
139.06247642373097,131.89480436893058,38.76701649304219,53.35512006428338
137.0923774493073,135.23901189212177,38.88639911710626,54.261611348009666
133.98555618979515,137.22783464590344,38.644471415183254,55.17037083159617
134.59987372011878,140.3837174141178,37.85236542467492,55.380712896333236
135.82385273216136,140.74495779543804,38.07679047058183,55.37081293374923
136.5132554142624,140.6695436812401,38.645448499591126,56.78320696662658
136.65661943647984,141.3277280632427,39.12772545574752,57.89878567233275
137.03612738940294,137.66811059024835,40.445762858388285,60.37473648822496
136.79676458836894,134.59698131765356,42.136510645781854,63.276882728727045
134.13142633946094,133.33575203750098,43.30799172047164,64.63908657215907
132.70782649961905,130.83863265388186,44.93878803502025,65.92644643886936
131.3008609318603,128.3249384202225,46.42179382511691,67.62511290606597
131.89316572451312,122.50495180737508,48.65918488640244,68.49618335313532
132.91805884968727,112.89018433768145,50.79399994296945,70.6888358920099
134.3918950561265,101.51498239053225,53.14361070269844,73.13450269524384
134.8789262783394,95.56297533132947,54.83894871184006,73.98121529234814
134.84328111621798,90.9163471025827,54.98713458597632,76.66705845791053
132.15465808001952,82.45211752817218,57.74969083140793,77.62937399863831
127.86774321038354,75.4345300785385,61.13865271179316,80.03573801533732
119.9091625335859,77.2844383905836,64.31061200087427,79.5738659942134
111.44537108990976,76.95016045603492,65.10664314567285,80.1768806480698
104.00331767500192,83.05592933423166,65.18008198385033,80.41459025190582
86.24907756659975,108.12133904661476,65.5760095578324,81.61642387279393
82.38640845722927,116.79521866281438,64.4749632322008,87.23903970142985
83.0234081977991,127.7162272342163,64.38997103331823,89.93126518863087
25.713479070224217,89.24090438623122,70.03988910292112,82.94084795735496
22.7127025736947,84.36989341263549,70.51887243960809,81.98248671820609
57.6614140232718,124.17942560580391,61.53459651311013,92.9442252493497
67.21388264004369,124.80284531012917,58.463903816919874,96.79103951959323
61.27570951886734,122.14434342291935,55.34568218817883,101.23396305328639
63.00321980005711,121.94340213626614,53.50527289384279,103.7218629968168
64.61746874643222,121.75150783473453,52.088552473588614,105.17554138373931
65.66104418548905,121.81040115882365,50.67238979756999,106.68265912971084
66.80932555535426,121.15624663671517,49.4680124359142,108.0089918734498
67.38400213141303,112.30026485341645,47.95339266268385,110.04421956205653
68.11953915591045,115.53106275647504,47.02916381136664,111.29938725233828
68.79022485177998,119.19697033446275,46.47027927561129,112.09515178538875
69.12586314904888,110.61354148165718,45.291831944283786,113.75586210635632
69.23288439662862,111.93133518656214,44.77782266679284,114.28916398068031
71.25888502789923,114.63795191782754,43.94160976866203,115.18102476024548
71.77536334520988,111.92148451134425,43.5437406241225,115.22197415679969
72.73123043831987,110.32393892921637,43.1311042619992,115.09873527154068
93.80240219168647,105.19168100998614,50.47779731532461,105.58237876503043
93.30865964043281,112.9203064165019,53.822189785538214,99.90951744784851
93.98722780912215,118.39969543079255,56.048306354958875,95.50395301561122
96.96202155358685,117.08488485580273,57.328462823548975,93.74643532205447
62.59349531535992,116.71173123596886,54.41332413789349,97.85941483917279
65.36519052064016,116.71977609826111,52.37569463545984,100.3631059888406
67.64915031209813,117.10219047462391,49.56763056134821,104.06058468927051
70.19715205856693,117.85015563309744,47.22984130371641,107.48815061866135
71.16126838979653,109.25881889433927,46.570662577261814,107.96713261363374
71.94968312815296,111.48292924666978,45.708560383073085,108.90269238840385
65.92357042681533,112.86978034689663,45.299482074810854,109.88282276660922
68.86736125295997,113.2525645438119,44.600415608831376,111.20816099280434
71.45143920939307,113.11075837105712,43.48747076316487,113.55927965163787
73.58189536972763,112.77713354280866,42.659057135961945,114.88740570145298
75.39448932994289,116.51003434839886,42.10940975813398,116.03157704406894
76.23371782924599,112.32474121507353,41.69111499383412,117.96897582597839
76.66466018357613,111.01047339880512,41.56883237410204,118.12953727257161
77.36625039297417,113.60682284506869,41.504106082617696,118.55912326926565
122.52715606931022,96.74633822708714,47.67345226168385,106.80303027988697
121.2838886297818,99.96155595575782,50.28850754007274,99.5287341963249
123.07633264024997,104.98313933817333,52.571504155061675,93.53150687698948
120.43268180624234,113.00585382530357,53.52840440248369,90.31076395314405
124.86214793913594,111.49548974180416,53.991956153114955,87.62996643197148
124.83932507960401,107.28736594533257,53.50065855571915,86.41285411585704
121.29628400017032,107.53943161622531,54.75190232423619,82.19998325495229
127.90777291610277,107.45554968749016,52.023452309143735,81.1505349122578
124.74200940198149,109.58872389595271,50.60193711631698,79.4104943166065
122.7964431522621,109.06730094605564,48.97856518307753,77.28459922862295
123.67854287750464,107.84340201024602,47.44519573144327,74.52288582018235
126.39590106424201,104.40314368089082,45.007777360211584,72.69019523401973
126.20699456727422,104.57507834246961,43.28355077857039,70.37034145670717
127.34454019403083,105.6423048767288,41.12658756399996,68.56216895225853
128.61807865717026,107.40331201314798,39.73391754289538,66.11624334633606
126.36060515988103,109.86269377172114,41.06416094898812,62.677985772488086
127.4587447246339,110.44874501562586,42.15827326464226,60.257352300753794
125.97312822474055,109.6170192994043,42.62345901558864,58.93971175703113
125.935423318121,109.67573345342564,42.57230109255971,57.12151640873577
119.42019621606768,109.31089772216612,42.05500673099252,56.029564784325494
124.60910259003234,109.21389120567957,42.636459691986545,55.39679493508497
124.06848310650088,108.87937644290655,42.80374255334038,55.83906098867002
123.73496480797972,107.21848563590271,42.919458061114966,56.72229379934822
124.08984321949418,104.51722013130853,41.80442315142376,59.51569919437032
125.61028116850798,97.48261079916315,41.40860350110732,62.11537821632709
127.63413781388546,96.57002213103006,40.133960545740564,64.85625008737188
129.49640776115484,94.92089016191494,40.1746713340326,65.61194248095488
120.08823946229722,97.78843875493497,41.24640191368144,65.43558686443387
127.41528826151003,104.94959919567884,40.4275780579316,66.80243014462826
133.07288058587935,70.61547907355032,50.21305754798691,58.64490287179545
128.5232251235547,75.35352173081351,56.26954539638801,54.48324064152812
127.12946119680613,73.14235844766202,60.94408370501671,51.079098740118695
125.55401157429078,71.15059407003783,65.10760435278789,48.270032108861955
126.75131769460357,74.50635449438667,68.46128837299605,47.47298813165476
130.42840064509872,79.9993253195316,65.62677913017836,54.54564023136491
134.73390764688006,80.22421668925266,65.60723393765085,57.251101365518956
137.32119001978822,77.63623193949724,67.48185828256325,56.78861165940238
141.82440851362625,80.53771539710687,68.11592994662061,56.649642871166755
99.21621520442017,98.32110153058255,67.72375791024763,57.28157818478179
89.65193933268583,100.58555966321117,67.38744110818406,57.81946728222594
96.05708217100972,97.35048960688295,66.24492104890689,58.7234557759249
100.91657973418859,97.36225738163115,65.28279809967317,60.022079635951485
105.9363406540709,96.05590709930937,61.498200080404146,62.68682569863835
109.03440891467707,98.33532444184934,59.4230504976684,63.84381704810432
111.24046232916334,97.87786499172981,58.07592369875569,64.34203460170755
117.00996473762322,97.54560080795281,57.26852536529538,64.21396716552391
122.31488311726156,92.12393333784767,53.84792190908878,67.74069176943047
117.86996531045175,100.0632929553589,54.10425837720057,66.88911410545293
121.88457139912404,100.79697535430299,50.76393856435796,70.28754110520269
116.35947353867694,106.39214191459868,51.81376521329171,69.24722763030222
128.17118998262941,103.43066889791506,50.89452925531839,70.80124523120489
125.15473219639557,105.22126099153698,48.99109400533733,73.32134125636338
128.11772702319877,107.93596215513134,48.2336643798071,73.60228610477282
123.93270154583614,110.62168022653796,46.44678631841911,74.32808230372594
126.17140940690655,113.1014408787576,46.858273737300024,73.57960912550735
122.10463210338519,114.6403464568908,46.13356914329293,73.64665680636865
118.36684978404767,122.3403147219276,44.396707596360045,72.91158481639513
121.04476852633746,122.03525300541523,43.510391157465264,72.94020634827014
122.3729931370257,122.1896492771833,42.76956905801415,73.90242265387795
122.24555739273876,120.96815339702876,42.65227635677253,73.8454411170679
122.37396542876279,126.16333266129399,43.55354849196933,71.35857646976301
126.44006629145184,128.41369448297667,46.339165789723566,66.97156643358974
129.22162127354238,122.3155575627745,45.596449864696545,65.85476520838125
136.77129980074565,118.91184779698267,45.903240767138115,65.92765619839997
139.03666827125147,119.21247994086168,45.062878200516145,65.97888747367219
143.1888459433353,115.43539581429043,40.46921883832782,71.26818174533886
149.60761759971479,114.66537432852816,39.977484508418,71.9176049024675
148.47964230194333,119.29045855579305,41.3007370925626,70.40463956912302
144.14370696679657,122.0013433979264,41.33593192820037,70.8182075237113
145.40703096807957,120.71662069390553,41.76752252731892,69.85809904152477
145.7097134076523,127.44065870584444,42.387745731440695,67.68045739722457
147.61897315637478,127.13310752639612,42.61185833696203,66.76534187015017
148.76032132434034,126.94156756635408,42.42710840644169,66.08097496234576
150.12777218254212,125.94217275162146,42.3361895773062,64.99703572904855
151.84507822073624,128.64265707379755,41.581962375261796,65.45772613468417
153.82482820758955,127.59803825228958,41.621004233525426,65.01087888733448
159.33650969906012,130.08395738509134,41.07003619382157,65.83919864556522
179.16767086039255,109.40650319037569,44.29644296661573,64.8085212500844
183.11236884799854,102.96357679945902,46.27872057538811,62.70463270653933
186.53325989104565,102.1525363154453,46.82941743216497,62.313228242895605
192.8776444373186,97.26876923495793,46.90855738960686,62.30556156005932
192.1408647284478,99.19136408577158,46.96889008367745,62.40423715765686
214.8852454745362,89.78112466343944,47.358069723092534,62.31328755078306
223.14569527795632,85.13613072477388,46.858097545451486,62.48474992304826
217.50443816951025,83.43954119245933,47.102239722548674,62.45535542124058
217.96445401663195,85.91896316814791,47.30045959042384,62.377610693954004
224.70184689888848,83.07556440642651,47.12087703483412,62.50057402702816
219.42357881933225,86.46096868984537,47.26097413755011,62.42035917967284
225.28763240258021,84.0927146092807,47.057352559127885,62.56651766657733
220.6307493740839,82.2184293572819,47.13169963266104,62.50721539835815
210.36939028339128,74.74210468465861,48.35352021577965,61.21240914668091
217.5864474405052,110.35295311883887,48.151986086488385,61.66784393115242
215.57262916475764,104.67664165903504,48.02572821354502,61.633886383535945
216.57642451380545,90.2917017066477,48.11834317531573,61.70823825791514
218.87000333984267,80.61302336817039,48.30301941987822,61.61725547258946
209.9894229163009,74.66062653494194,50.77821148644421,59.023161123299296
201.8691235117597,72.04480200634404,50.539144539301006,59.49045404417307
209.8592832375445,64.72852206588635,50.76885278243354,59.175333451760835
211.0952306084025,57.0820743341,49.88222963762613,59.454400637745636
213.2444468301517,55.111830166380344,44.513876177434625,62.9883999585594
214.57948917771867,53.03823728023629,39.774102923722204,65.91929609137455
208.2733990922669,40.24372479683799,37.64123743269944,67.95926786603248
201.71974444395,43.21887988525876,40.665583739526156,67.2044861964236
195.99292873639988,37.637095508862046,43.302586698510666,67.44095381396312
181.28118306105225,34.70108997681906,46.259067551159035,68.65582414623756
163.27732697169384,30.730169302877357,47.420920202287974,69.81958169285144
144.3458033423791,30.81592640488625,49.69191500120061,71.33432187096714
128.99746443521516,31.404328594004078,53.13100347531855,71.76253718133775
124.08341640830517,27.44471628443452,57.67876601015659,70.89964300317462
81.53138146531977,41.639471512590006,57.262534077279746,70.43126368089685
71.93563147750871,45.651748431936134,57.42907258134426,70.77267473173096
56.462546209584744,56.2162804198851,55.459711958744926,73.34608534994923
54.0899090853206,52.28088068275977,53.90995656707546,75.60572311536811
63.149395072324594,67.00628493261492,49.33670373979598,79.65982794573594
62.05980178976573,67.51859928434126,48.37487382160683,80.3114990526928
54.25695829159427,74.73705169390396,50.88385061287162,79.38542320543017
23.09901972232153,83.12822023666894,52.19404003779405,78.29732478261997
22.82831474562245,85.74632477790293,53.21055989619671,77.13816733970887
65.13394382237337,86.2199146684095,54.73858396925738,77.88403865847293
69.35408034521706,87.85092263132442,56.372383761399576,76.71441350832364
72.6017716542187,87.34557510671809,56.88891635030549,77.09934341271132
74.5171092567827,91.26228253078148,57.21211172775803,77.54663783124715
76.16406767593917,90.24270675564331,58.346078037638485,75.74221700336491
82.4631838344626,95.55723982261799,57.9467316382552,74.84068420986968
88.91530917865317,96.77865813958081,56.835397247786624,74.79461352328593
94.94644181616783,100.1603705253853,53.89625037333103,76.34870507858126
100.17789086600571,106.1680605947853,52.15810183877979,75.92142441945654
104.12080660643878,106.37947655271525,50.40904823572127,76.71010030083787
106.90586502583895,106.59497658306668,49.38015921445633,76.17083935525399
110.07630077761317,106.97605365872917,47.91522517276094,75.38659201404876
113.46330751353366,109.05405671857866,46.53016490984329,74.80066522097941
121.13471289692964,104.0006058832716,46.10476785459916,74.36542879192311
115.64071631188853,112.41775495131336,45.003131851402614,72.4102448068406
117.76647709369166,112.53570300963806,43.5446832267154,70.86545083729354
119.48628365128305,111.57730305901256,42.46110677458805,70.01196274797445
119.41519298544516,112.46090863829963,41.609499685109796,69.57815565357879
114.34816482942963,116.01785358216567,42.62413880658909,68.57797759980056
114.77713418550549,112.45692856903594,43.294232397293825,67.8356408622966
112.42842710427492,111.16601746865072,43.20709064773715,68.25149631387576
106.14057542971689,107.93770015119287,45.43769359402118,68.17500507141109
106.15833887918994,105.14667145438483,46.789236993269945,67.97369101651033
105.4849002801343,101.33098292904417,48.03885896888186,67.58336339342455
105.1763350098211,103.62286722978345,48.26820768086636,67.46844302040057
106.01403719707011,100.20839398405238,48.720208234575736,67.426073555747
107.36125543635998,101.59379714835971,48.883597750487596,67.27989815517188
107.63772328676986,97.96959162266228,50.29084352435351,67.18078265627379
109.36871535722884,98.22629317660113,50.43699246105702,67.01274242028136
109.98998640996754,94.38054746448896,51.01487455468391,67.21656866811412
111.88329398900083,96.29943984550454,51.305787873332406,66.93288251219256
111.75699380601695,97.63209314308222,51.411821445977615,66.7150687549431
113.3440124432998,96.87063484561915,51.37162067920914,66.51779184458206
110.63522548992574,96.60982351276316,51.59101581779929,65.90935264544115
113.20725615171338,94.05784317553793,50.7150018269877,66.70577433368554
113.22588375841616,94.06730123317413,51.10827710207319,66.92949308107448
113.45609101842636,93.87751363290134,51.70288172229633,67.3140510003523
112.95004126058281,94.65106544797987,52.36088479552243,67.56524036469443
118.83680620403933,90.74234769633415,52.35556818070409,68.18208478064457
111.14472966536043,95.35437381766815,53.28603549756386,69.80919830946095
107.00012559011441,96.37164557605904,53.75010031080616,70.00319950474582
109.60203540370537,96.67104106102968,54.393765749084416,70.21546324137802
107.77448937006127,97.87881961972678,54.78562391630244,70.35358129869697
106.44798283304185,97.37278385524564,54.856824847015474,70.41398957196772
104.47854954876239,97.27529985719406,54.72851125886664,70.32558001007794
103.70246365122165,97.34845332962352,54.785283698059736,70.65427744019993
107.25100439139618,97.63138091898969,53.78395159591504,71.46120985626281
105.95393165104196,103.09104023618627,53.47700550100093,71.41701901422805
109.90332250686697,102.13702454680353,53.1134119874405,71.75951305950507
111.53154134818666,103.416809953911,53.62398380148994,71.57144535999046
111.81333185279183,101.99405639780421,53.84198604184856,71.62132607030279
112.5597046072195,114.53412338431139,53.30880188095464,72.59546760998377
112.32596546293934,123.9637627174485,53.34361294391567,72.62372976097028
118.2803148020149,122.25631775994017,51.627138768328024,74.56433013951077
118.27701380411847,130.90840878938656,50.17450819538006,75.21871665361608
118.4695303901255,124.78234362819768,50.618092059708616,74.56730350370378
119.68009306830275,127.02296747068701,51.141020830093595,71.03236776940874
112.55908835733743,126.51498844165002,52.72734482721954,71.52867691791391
118.85632687267872,116.9685009313884,53.905463202115584,70.36726694393032
115.18829592254403,117.4042534994,55.06615679336398,69.3697567543869
117.66725761367408,119.46174455301679,55.20424552658238,67.35991604844423
113.69097411171138,126.77242057380633,54.574955802907674,66.60018300253167
115.77604772684998,125.6278781367781,51.401942721705055,68.08097530885817
117.1265578252107,127.97810979342634,48.41642022734376,68.6229331457692
114.51505585672058,128.51310649196748,47.322661716966806,66.55506328336634
117.29381527123032,130.8815512835924,45.087372750160476,67.42906551911679
118.13633448210706,132.31903453350128,43.12599744986885,68.55600922895471
118.5534856907651,132.05773569758074,42.063087467388215,70.45993679486168
120.06618932939222,134.96801044058694,41.65704302124971,70.57760018040078
119.82934417351714,137.46064175376597,40.959177694686566,72.24097437197486
121.7853918760092,138.93739552530408,41.14962373638823,71.6242020774643
122.24145489380402,138.18043340063002,40.86552889500864,71.95762415052764
123.05289672274975,138.32729915626533,41.372474882274055,70.55343009290843
123.24161157797691,140.25779017592245,42.385701285444306,68.64868298554
123.44438321623583,138.11154813806613,42.14304550766284,68.61149424783713
124.48250901153897,140.4755721290328,42.51110648953581,67.81072096988326
123.83722205027567,139.29964284664553,41.79526194549441,67.48735117734277
124.5794562593455,138.39203488039735,42.054123648395105,65.89884339310328
126.90370221938568,138.62187113017075,41.62333316340385,64.97609761012254
129.82372762168586,139.49060969498862,40.887882311501215,64.75685759443942
135.64830596825576,140.28138502827971,40.96940226936245,63.78283174007882
135.98466031565147,145.86675133965923,40.966595899247494,63.004150814097116
137.98835714077174,146.1752898924315,40.79477854485965,62.14814381100582
140.70687431804046,147.16105275172833,39.9699783059228,61.74182712351719
143.1515991985017,147.95508782906037,38.85353307686065,63.16027700173579
143.5100504814327,152.63062886393786,38.50771338315099,63.13217009067222
144.16804283350893,156.89981351688118,37.72235235339122,64.58956360979779
145.2783575160213,158.58587155920753,37.13190263199752,65.36536765682845
147.30535681473629,158.31981064232863,37.37693767638269,64.89735239990323
148.2253831566757,155.7898515703835,37.88567563810325,64.19283191464312
149.07023020213185,155.0334145425532,37.96431057150579,63.4235528407261
148.70774144430416,154.7221577145993,38.09138710048972,62.76607880380095
148.8591536660356,153.62445341524955,38.167508275894726,62.441954721988935
149.1132202279569,153.6323963897413,37.911381712616155,62.09290893885896
159.49166366023124,107.86550981320121,37.623216237837994,63.68152217982974
161.89039616811638,110.98608974289019,37.43845263808333,64.62213693669327
166.37396032218052,120.61771741667997,38.86214674053855,63.80343114966058
168.94004617866977,119.18376338361338,39.68567113351706,63.32897275880828
161.42918227527323,120.95665000826475,38.64977984546151,65.17227431190422
160.01610931271466,122.81394129360064,38.19054516869576,66.21785123372513
158.58041203470773,125.92037313584248,37.98825097921095,67.16979391520823
154.4879912176072,129.08169938637258,36.24695182819469,69.98309054897473
151.34555335370322,129.92697448734833,36.57064162384327,70.12968043033615
148.283296170321,125.48458727629448,38.56746949005839,67.89627648482914
144.2893235193469,121.17611712947003,40.344291802352,64.51623801871241
140.53927359450597,122.32660197175389,41.37524444668111,61.960831006759754
135.6654371454903,114.703400624303,41.798568895005424,61.00585583300917
129.87417757501694,114.12633485783913,42.509684341799314,61.147447740769074
127.9752794560262,113.17758142037593,43.21522641794607,60.467218476397974
125.17109930607015,110.87413378953191,43.85988403917775,60.28226412489633
123.17917108428928,107.24506685474034,44.5907604889193,60.67930351968698
123.53624427189818,104.19806138817364,45.11327995861879,60.2422957188421
122.5122228625064,102.89669796232774,45.930058901441036,59.07725561801929
121.19202984119427,102.00377057698202,46.29283702627967,58.80781158347388
120.1367528433874,101.5923633127669,47.00803579728405,58.462878852764106
118.24900817065421,100.82061624503939,47.56136694916218,58.457857787604205
116.7478168559168,101.24994497713384,48.21090390984425,58.45249886829904
116.99765592811542,100.79407797260762,48.449930685262075,58.239979485131926
120.37233973998256,97.82469723818303,49.18192302017647,58.354320025026034
117.32591426068258,97.96218182201365,49.46591415364217,58.25644503377644
120.70558083914825,93.66239604349911,50.000488639075314,58.32153077384993
118.01745717883212,95.8373817207337,50.017169748007156,58.592840089546776
116.52210796988138,98.4659471457332,49.95651828759748,59.01530137211614
115.53276835832919,100.98813804638411,49.99737779138726,59.24943204868907
115.15067504412598,102.21480621028556,50.04467772059403,59.403686634658754
114.97404300791521,107.34399978061998,50.06243577103908,59.544167101106616
117.07483634841626,108.28215721940269,50.126247592386854,59.73605209651178
116.04445194051075,113.40430987345391,50.211719553225024,60.04220474281608
119.0163803899418,114.3916387811868,50.33254609171032,60.46455153168991
118.14122124621295,120.64638790158287,50.2854741566186,61.27838703113212
117.41871105837387,123.74148472194013,50.142077955911255,63.103561852026495
117.12965333790234,127.46000835357864,50.14659560804358,63.781371308720175
118.10052702267383,126.66718649953921,50.62397260335351,64.11104310822968
117.9807948578804,124.43143481468341,51.73538308896531,63.14150023999573
117.35112760943483,122.09146595137484,52.198905098254215,62.805522095946365
118.60485578577328,120.84995281463716,52.3008444879937,62.789774794592645
113.63303873387754,120.53983414537807,52.33827818284961,62.79175508736498
119.47449897444342,116.27801766913633,51.664096219479084,63.40475399901593
118.73575978629243,118.40828821600682,51.01197192511151,63.928503695832795
119.74425390767964,116.21733100271021,50.37316418618233,64.30388545335866
122.25157430230891,115.5497215188235,49.299325017407156,65.0487253022127
120.8384166165857,124.25851053288645,48.35083889616254,63.38152588279041
123.19435626969445,130.31418495939263,47.7287923726904,63.31139101903587
124.55024032593991,133.95177270533776,47.39178393427175,63.966106159774995
127.27668967326497,131.93770484949516,47.150632885953414,64.3551029344637
128.583414182902,143.25031936256664,45.499642536818676,67.4929087288774
129.30922147307,146.90189143655314,44.124640898403435,68.84980638998644
135.26194203767955,141.773487786928,43.06718122212624,70.75416904049408
129.67616967400053,137.16089560379967,43.43021421547549,70.86247489722922
127.52781585565764,138.88294882114477,45.82921737008272,69.31972647092374
120.878035951449,135.88310191171786,45.8821722590664,69.57977433183075
117.6295588334427,134.63993392158343,46.741345828727674,68.500128685589
115.13133256046486,136.3249696350278,45.82326189854811,70.58972875604525
113.32631360935562,134.5541512909648,45.19775273503173,71.29917326163037
113.62641909355175,137.93524902110565,44.56126462521744,72.97896483900735
111.07084613581654,136.5323550522981,44.59117131720761,73.86981933355298
109.25991793939197,137.53547312288126,44.964791769123536,73.84081457571033
108.61577207601623,142.8732823043378,45.08041897275032,74.63067606356627
111.94994057048213,146.4175745060893,45.26318290544938,73.7229288144517
114.53266005390626,146.05328939667567,46.0385994416834,73.018899131126
122.9510230571099,149.56479797157354,47.707152976291766,71.55801958509
123.93602605226658,154.7118263383816,49.469026458710914,69.3649331197234
134.01812320510726,147.04931829875858,49.723306350417246,68.41991440893038
139.57940040013182,145.25559342200802,49.79306801566597,67.30172146223615
144.19542591143457,139.13636570793045,49.06245418025531,67.92249824811833
146.8997090818807,131.5815580706029,47.2787798357467,69.87590262342043
147.601923265263,126.54450794984913,46.35644423693603,71.95595379266234
143.82667041997323,117.42046972926266,47.32422678679901,70.42826004645735
140.47119616323903,116.0579046329068,47.89511153760256,69.04265100805947
136.9422190549637,109.05655239175537,47.844871402956976,68.4756123339292
127.91176159572676,109.63167682327186,47.48253421571794,68.23210258661126
126.05307255164952,111.8608348268288,48.04791950602086,66.70176962507539
121.40646648759616,113.89537199991724,48.695957607638306,65.52560289837481
112.91245212089153,120.73030540432256,48.093015348005586,64.36591274819456
109.26155134719994,124.26924405796089,47.11703445520323,63.9284000878295
111.07989360110915,127.06289711855719,45.14262037413501,65.13324923244502
110.72624179264945,128.22391021956264,43.88965763935457,65.045487642632
112.00272763847369,127.21631323709235,43.93414597921549,64.62684633955193
112.96796239232319,128.63463628757594,42.63670903186498,64.9602015069716
118.83960837976292,125.92755633203345,44.74871700663154,62.51946821050656
123.04897957506827,120.01234747160036,45.5003132466971,62.15438460385807
127.49135704413425,119.19541084382588,46.40583769699286,61.30823066061553
132.7525350137664,118.42039958281596,46.782421844093335,60.94894343780047
143.30885744583753,115.88088488295276,46.865095201996965,60.69327988250979
152.55002514884188,113.91642543117389,47.010534988249,60.900633062648325
181.54605745802178,104.84130096636659,47.68492849977199,59.567891727370366
167.71877122297872,107.20326844341969,48.53433091065405,60.186023061258545
168.0863012262703,102.43409355338665,48.19189945460031,60.94046495100481
171.77552259459463,99.6684166814073,47.58876580379764,61.90201307286267
210.9007543367146,82.52723635753154,49.0052105837178,60.67920480581928
218.9992680157159,83.94158420057369,49.39617112549553,60.43336911271592
216.495138150665,80.82720641550314,49.61616467365151,60.343495418025476
183.04657488391643,94.32414380471158,48.12648853380878,61.21257764034101
184.77419291746125,92.9935549431176,45.7873503938127,62.842598585193414
184.44745187335317,98.54735482649187,45.11377082889161,63.11690723519292
184.42205534768124,98.7203668361132,42.75177334335501,65.23561014084649
182.96242364832415,100.80985088982035,40.91747810635755,68.05450723347492
181.4426894019087,102.10226410291415,39.16664813727438,70.89477588861666
181.40119355600362,104.11665903688998,38.60733093826496,70.70923391113742
179.73222083692582,104.15721508908112,38.92989718597563,70.03057713665015
178.5289093231085,102.7039065991872,39.56633235884338,70.42070699485595
177.4677488190858,100.4178093448291,39.989884870375434,71.92065447522133
176.1846937890263,98.67490850025901,40.93926042579469,73.05604737186579
172.29879596774543,102.42768860491277,41.33455164712237,73.25451815315884
169.24927108588554,100.80175716775362,41.74200156495588,73.05836080767429
179.75782281049072,93.31800855279364,43.46811176931,71.56526958239405
187.4147395353575,86.41921209668985,45.04520277331178,69.63324919046347
213.1953253118923,83.14894182844252,46.39262344436328,68.44579385446056
216.29267862037088,81.09179200155108,47.65482696076794,67.70886479425417
213.43514138393408,80.61788289663559,48.658639684373924,66.98764816540869
214.64758864726323,83.65809476645248,49.83430796861345,66.07500291774879
181.38695100526053,84.5090106387515,53.97452932805835,61.72542914014599
179.70909072406084,85.00759101415042,56.719081267487155,58.90400970423615
182.88129315020157,85.67360465580504,59.86968106913632,56.27175263310039
179.41231701432068,86.9258972405515,63.10784977728425,53.407804473943365
176.19980752256015,87.75468604792522,65.28497590420736,51.28313878570389
174.63326771171725,88.41502118133405,66.6164150153341,49.786343841824205
172.33376242332238,88.57771931154232,67.50530419892009,48.87706691848957
171.26629441032836,88.7755503667586,68.16508689791992,48.156310346615975
170.19414408643013,88.96313501701644,69.11195085538587,47.37843063812795
169.1994206647359,89.15374569631909,69.97253937090873,46.53916206835245
170.32398507948682,93.57580009755162,67.78185162901048,48.208738492327825
171.1792301801744,107.01372742615203,65.05105233702105,51.67942047147956
172.75441303732327,104.93877388037338,62.19446241961349,55.31143311618703
170.1207004293322,105.3284752455379,59.507286824591006,57.71931485546246
170.83280763899606,105.20137056679985,58.289602469607715,59.32868289957645
171.6267867437792,90.76052525479702,57.78251488839836,59.56291258608211
172.75307722330777,91.20273185837459,57.437985420124896,59.45302520013594
178.9941217709258,85.16805354699729,60.22170252300893,56.796428720778714
178.2041583064615,86.0290641971356,63.06936648292052,54.11672779117623
171.9608827587153,90.16860342113226,61.769494848920786,54.13346385734306
177.8973676400981,87.94190515674032,61.22762841104526,54.2519547617373
177.72839546226476,87.51233590222027,62.70140567248134,52.870042788981124
176.34955200508412,90.60531137365113,62.056233137456005,52.79587821162844
175.83481601853822,88.44435216033654,61.45550317477964,52.9373314168526
179.7580850057586,88.28971300725178,64.18969373122268,50.87034658139005
178.2514323761945,88.275702191162,65.51254152708646,49.66205105582425
