298.5,160.5,48,80
296.03323859722457,162.01085976998115,48.27042923865628,78.8060654751439
297.01727511928516,163.1242179364475,48.48768896965109,78.20712040056539
296.8743540731815,167.07944114269662,48.75639717586382,77.94614479418897
298.0997793692655,170.6382030352936,48.79222399191433,78.02219257653043
300.1774238012446,173.64087543415326,48.71066511986899,78.14398639346564
301.7722498674035,176.02985834821203,48.84307452624738,79.46868837388084
303.8297628179607,179.8237631999595,49.46325522913685,79.62700532214977
305.40072816498997,180.51592934696976,49.86420888490138,80.10387741388675
307.6216198491306,181.37204463233195,51.03836274959128,80.52137539884166
307.3814972771353,181.72094081613915,52.07402167617853,80.36913045697416
309.8232277145643,182.84747415039948,53.21702049522917,80.52683778099195
308.8910613216757,181.57311650463902,53.798782203659584,81.47500110966038
307.67859212107953,180.70845382268647,54.46059315867731,82.13437243589918
305.9650910836876,180.47223294488185,54.68651848747425,83.42979143636242
303.6687970711106,180.9605695008237,54.736242666803,85.01426959057669
301.4776265471179,182.81328709976708,55.177667653387076,86.24308808531693
298.8976642298505,183.72759168589883,55.51809136476518,86.90046371529951
297.1748330850225,182.1785744218632,55.79778189843965,87.50074653057167
295.48081792290014,182.73750207663898,56.07555078240729,87.77743367669333
289.2836686730174,177.80093074598028,55.52450721826893,88.54166768475145
292.2839680539761,180.43710099246422,56.82539590218288,88.60318282075086
288.5455308615802,179.11504782830735,57.37428366511802,89.0638403575607
284.34059323041055,178.30929931000026,57.99749205734013,89.3203774294227
279.3766865364615,178.42723908096383,59.313077051683514,88.45490290582515
277.64250443190787,182.3544483093141,59.34833817622658,89.27541406796007
280.18933341833764,183.0885633162194,61.150575684476635,88.71579457689651
284.5444602453906,186.6907428954417,60.925306428258885,88.76976624044288
285.190097901599,188.36829297020967,60.369258462262316,88.98385039419068
296.7701121311699,198.26056741413075,60.13026004767619,89.41461255676352
304.8406863908267,203.24285192737378,60.01211987492027,89.76449188690587
323.9028220618421,202.76731398233926,60.59170595476454,88.89965278845716
324.4280082059881,204.12910386138077,58.5753437787581,91.08246274366152
333.51341600701375,210.37438700406108,56.70961812726833,92.28023187700208
334.9331215850222,218.03193287337317,55.2789626313084,92.49935988019917
335.2276532042286,223.94139982624853,53.855867870621616,92.31558069856953
332.66561390207215,226.4602188511708,52.64155993928999,90.90096496661138
309.25539150510764,231.90427762233261,54.28702838434208,89.3092112548541
300.16967653160935,227.60479767710797,54.20342483829662,89.51160189328928
291.2266745483786,226.995736641701,55.443873308542365,87.42904928720803
275.3454473335646,221.58891178756252,57.19171744764301,85.60049757184
266.2341239057773,221.7100731544062,58.2464909206492,85.66209117325855
254.92089452576226,217.27174024397007,57.985063633316045,86.19113507640618
246.11185491517318,211.476788612192,58.128646013063516,86.49751573406633
239.83636540419343,204.82822262781613,57.060235501026455,86.54218340838445
234.3948080440543,197.87097979039623,56.467980767874565,87.6101066976652
232.19040955171113,187.71003556749665,56.401955231351195,88.16950200991941
238.84987197711268,179.84044276111285,56.10780874663689,88.11192897095363
247.60855412273557,174.964953404097,55.80240810895559,89.60303334111325
257.37495180246975,171.03855869844946,56.07253022995599,91.0111163124364
272.6438490477605,169.42459295310107,57.49174791588813,89.88705662652796
284.8054396875126,169.2289922192853,58.881041459382004,89.79399306472912
296.47705263661504,171.16754281327403,59.63104676234904,89.9120610395019
308.68436273050673,171.55591735970387,59.976382934428926,90.2797626111625
320.9444609914796,171.12383257892327,60.46219456067654,91.7634393066844
328.8544678395912,168.37809280696638,60.528535310864456,93.19623497837526
340.14397950698805,166.2442537185541,60.40490481359515,94.57539935171782
352.6848996136474,164.5846494435314,60.70337275152152,95.33062732238697
365.4603602613525,166.52505010016245,60.623574197810626,96.6597707341615
379.75096752692684,168.6276145681079,60.987975435094526,98.13197610689483
393.3229681625872,170.94963778179738,60.973238995316834,100.52613721049121
407.7383898479535,177.5216955222533,60.99910796589285,102.48727208816089
418.26358660097344,184.73201685664196,60.85553094239691,104.36198426252326
423.38504625979124,189.1401129220029,60.61504158691943,104.52417328872272
419.2053360873974,191.02034082645426,60.86753406000298,107.31948072444897
407.2351731463727,196.26353556923578,60.991304918859086,108.89174030199626
394.99177467945634,202.41534621091955,60.743854645050206,108.31481980140458
381.32355252757816,203.99246155793807,61.479188490432485,105.96264792332369
364.69145253516933,203.9974453124267,62.197577775787316,104.20836169066783
349.53561271508573,204.03742168850266,62.68871221942133,102.88516154872252
337.62959818243695,201.78204145872184,61.91011361443072,102.20154840064868
325.10295890526925,200.24148671253047,61.44520750690097,101.20436123165445
318.43977595950815,205.9728854079088,60.29186663420198,100.63890461543393
303.96785236614414,201.96474497370227,59.776122909064696,101.36873843565974
296.60095937205836,195.5184020410666,58.7621557539257,101.2575886228305
291.2399117844718,190.60520725369145,59.44859495375703,98.93051006556175
283.91723105369175,187.1906882142183,59.441731874606724,95.517568545509
278.81408616440626,187.0838860416393,58.55954451847311,92.92701825619133
274.81719325957937,186.49894932805563,56.63410082068057,91.91140679718919
270.964410212639,184.99164197246097,56.42963607273393,90.19757454792934
268.38814834478467,183.4792708339682,56.09483223275896,89.23896177959627
266.37036198717124,180.53491431571462,55.613999365557845,89.25437426373523
263.7943980933512,180.9237378066614,55.2656791978757,88.25447096410701
260.75154370395745,180.31373472145813,54.797280787484766,88.00335153179135
258.9738563328425,182.50858797007396,55.08027183983422,86.70805378509375
255.8937614810615,183.2027674176262,55.566548064544975,85.7713621689943
254.82490560494458,181.55163696987012,55.57684439815391,86.08794176911155
253.39208880754774,181.0876752652934,55.44916754144006,86.52732941643183
253.7522817794069,180.32016396691967,55.35467846881165,86.0675439353671
252.75442368972293,179.34235862292005,54.09716860638578,87.40299291119669
252.18903854615093,178.83946162171665,53.77009368250074,87.81077214166515
245.31512351347024,178.4567456407505,55.59146348174882,85.12748555577636
246.16052453791457,176.56279687340606,56.19136329901005,84.97643302866722
245.74946083009553,174.75502175953432,56.85228093765057,84.4520892477742
244.11548885123887,176.00890598808456,57.91923326480969,82.9186819719329
243.21329160999215,176.23147963957746,58.7120981824456,81.7393155946978
238.36031012333095,175.28774118053516,56.72764577338281,82.99779459083872
240.6741865332813,175.81781563616704,57.70272527083438,81.90972440899591
241.52044499090013,176.75370975587407,58.78204249065227,81.22756179042383
244.7922320156672,177.6776578411583,59.37685087596309,80.57496536446135
243.14146784779868,178.56598224461857,59.615919266021436,79.54791476263043
243.064911192978,179.32357944255898,59.60608605342692,79.40189735058289
243.01700652421627,179.20374434497157,59.77071764817109,79.02136464677852
242.54761593552087,179.8490248309741,59.97470039416541,78.59014547498634
242.7725463401131,181.4832189913147,60.20417380825136,77.67794139846103
244.14056313056915,181.5936677181807,60.28651629163981,77.50894956557215
238.73167814629855,179.71039954805372,60.46033389049107,78.50039688032871
241.04714791598224,178.9083624413892,59.86131907570257,80.13512679437115
242.1088157426509,178.41993997870748,58.911638574686094,81.73477642106285
242.4340989589706,175.63830292702116,58.427798850458885,83.5578218714814
245.71553720319704,173.8339402288396,58.16928513590126,84.93939134400117
249.87357337905138,172.03638105100015,58.22899193610911,86.31523517880603
252.27212240004684,170.52285063495063,58.01787764732249,89.03746578758313
255.50193664595903,168.74405678397721,57.87028042457161,91.20947151931512
258.7065203568393,166.50515267222073,56.51347592166487,94.53779749261446
259.27121915837415,162.3380852636207,57.22672289085316,96.5595734536133
261.5868242004806,159.48098978463,56.80722802804533,99.44030002751578
262.50003729856047,155.87335040650947,56.76230991999734,101.56068532825142
266.91699755675023,154.92308751195634,57.22537884453586,102.07198098525477
266.7013790935216,154.2603729772073,57.20314005726326,103.09991364652869
271.71380514031705,157.8120909827831,57.543669204517116,102.37023642825432
270.6538460990371,153.65895198167794,57.67977602780729,102.98079137367145
274.4185437720016,155.74167901857754,57.79102713955041,102.28751432852822
271.9004487292453,149.92432449187442,58.16246807955518,102.46951323026211
271.460453030259,146.76200996312951,58.194058586700606,103.07261709549118
275.33622834597446,151.78910009670216,58.25702783747182,101.22587434360469
273.5652663167717,147.92407095109493,58.36871817891257,101.36352922295391
272.68302216226834,144.56048903810742,58.285509587551616,102.18781047294016
272.2778438915152,141.36101418908834,58.13612477506924,102.37753356270198
271.6085560307303,136.76896141076259,58.027131841624964,102.26335363503951
269.93625921944937,133.4123138034154,58.066899681411,101.7047658388696
269.5691164275285,131.12700014963073,58.10557521886595,100.44176592247044
269.06872759755913,128.786820213648,57.917566848989104,100.13757054999009
270.53381118117983,124.91269467264638,57.11046515339687,100.56034593924431
270.74070949395474,124.46470883026316,56.736870106136294,100.27050574676008
271.71314335487943,124.8594838640891,56.28024548731426,99.44442379861027
273.5391155696312,124.00620964503509,55.96317950248234,98.92617117318069
274.882399094251,124.32974984598204,55.523111753245715,98.35097573867351
276.80258387721693,124.47411847308868,55.30356747799383,98.02025365068329
279.0419571507216,127.03879636430752,54.92459862950136,96.9989463072715
280.9929524330786,126.69726196909721,54.67145826734778,95.90661195571668
282.1725395380209,127.68670635319074,54.407824342573704,94.32005425127706
281.99466379348485,128.7758105153164,54.115798572295986,93.23494659402553
281.96648388986927,129.53460085209827,53.90977402445886,92.3351961373464
280.59135463082384,129.9155559655514,54.17331150373138,91.59591820011806
278.36607344023747,131.4383455940774,54.560478384721,91.32616587406578
272.2006790781029,131.74737932421004,54.800713825298786,91.07818490490843
266.7916595176798,131.9454139314377,55.18966816831295,92.34272267077685
267.4133383016082,129.81270662773863,55.42963488977803,93.16876950702638
265.52795050248767,129.18178386943342,55.73535120762354,94.21719124999044
265.23180530897025,131.56907914756988,55.35987888599445,95.06822535039478
264.0046270145293,133.8187546212921,54.7859826348342,95.58476500124743
262.49640731676857,136.47950455289924,54.29827998438102,96.03590727365325
260.26165161267323,141.79488604618808,54.22381031728478,96.31357343288857
260.51630645837054,144.43441907446078,53.683978299882725,95.84746227899208
260.25227494924616,146.29823503983962,53.454109847260455,96.53762791369462
262.7038691865297,148.9525084020022,53.29677956513727,96.96063331339295
265.4591852871437,150.20820857464565,53.51011730028005,98.74074259640189
269.61253825780454,153.8780385022372,54.63767458832858,99.68948529859189
274.04209394130635,157.80147696494984,55.49718924366374,100.35984317541265
280.59113454820914,165.26446330839246,56.61644945289291,100.1202289403707
288.1145597600988,171.5809320883745,57.617479201843,99.35299973154186
294.8257715751071,171.53322196682396,57.67389449241971,99.64756013591881
304.418498096221,192.46656289489357,57.27722738464018,100.29110548314874
318.46727211155275,187.14497418786948,57.07372041537799,99.33934366532436
331.80087526972176,192.8933035971238,56.448567321696224,98.46843157380547
338.4182036960681,194.84784434939957,56.60861528772919,96.42316287347603
346.97294629203583,193.48919609225473,56.656852568938206,94.71232637690144
349.9388059899637,185.95845253088135,56.27535175523571,93.6004431383201
353.76118718201553,176.64321196161603,56.11487186472351,91.98388257458024
354.45291469357835,167.27412729978778,56.08963968381427,91.26922635197204
352.1766441109111,156.75077964244923,56.14852945907303,90.76817691567263
342.44255505950366,146.48106170491383,56.329731701292346,90.79366816488891
327.205405115582,138.0084395130407,57.2721388126464,91.123611416433
311.91772155393494,133.02793343200995,57.601164230618195,91.25260472626061
294.8346042961947,133.44697639399692,58.299503238286206,91.48830339205415
280.880139780872,139.1017104480694,59.040919375254774,91.39560450235398
268.31990567177735,146.56271341378974,59.31060519903502,91.75845345982934
257.6571096034295,155.89236273377526,59.80865026236639,93.04996239126947
251.5115899762656,169.43635965957648,60.507238421113115,95.15113556237208
246.92743388830218,179.97363517190811,60.8663588932436,97.17041083165412
249.0529992175517,190.77983843907106,61.610596238589785,100.02565947921298
250.13087708026984,193.28941847207105,60.95542296974223,102.28735220786024
257.3157616684013,196.4704429119094,60.5038857575906,102.94919525399533
264.06201912401116,201.19178272632445,60.108309933285,103.50684941117598
270.28223482781925,204.73483189243245,60.06710662167712,102.36943672501704
270.4036368379621,206.3408979819987,60.05571070569188,102.35010077620075
283.54665730542496,204.71941584969582,60.13142895655722,102.15768148253319
303.7717700223717,225.97909695417474,59.446202912312145,103.32875277577264
331.41061701965043,237.0131383165118,57.512709052032086,105.12156139326157
339.2626953938607,227.855045002379,55.97376016646544,102.37925726835334
349.6643808049164,221.97438438078785,55.842315842767164,100.94004941302487
357.8855371258615,215.93400031985817,55.555364376414104,99.22646309610255
358.9373670618097,206.9934695593302,54.81413161995812,99.06998608871606
357.37749006298384,198.72460954624037,54.35772447144592,99.05312161172192
350.7334959997011,191.63816679224055,54.84074567143659,99.75191558987538
339.51528063653706,181.96942641725644,54.52301074835061,101.12470327038557
326.08385706631,175.8580781889959,54.86249477540155,101.98869325260245
312.2100314182936,170.72955961739441,55.42522099208848,101.27170848418434
300.23921565590103,167.05696301529719,55.28371500466661,101.4464734123168
287.65300926791645,163.36705143487245,54.73244537707136,103.0703456454319
274.7552067411895,159.4927902533574,54.33034611533974,104.61804136356447
261.98978834952436,157.6130441454884,54.49566051402647,104.68481268925737
249.52193932188558,159.7524999344493,54.23274254147195,103.93053833362558
242.4891233327058,161.43839070693375,55.6412271122998,102.53332146017313
231.73146343671561,163.61039912564058,55.31403477354283,100.89637759601075
223.9577999122366,165.19013528561572,54.38481267394134,99.45890551734009
218.82222385145107,167.13742488949472,54.47206682340544,97.63683822097431
214.028703063463,168.73471093391737,54.31389965914718,97.01365151573498
209.9106892783414,170.3079612098015,54.34278439949538,96.0673236267017
207.21270803815474,172.89827975044713,53.447400806718065,94.82328460792571
206.49612960759214,176.19913434462913,52.66186631881371,93.14471499170527
210.60818067914002,181.13810425102682,52.25565052825702,91.93220715522824
216.1230686562971,184.9038591026995,51.90503373837154,91.24829695826105
227.27996170550824,188.19285511342503,51.72021492510554,91.94286601011325
240.92777537882515,189.58972710624968,51.79646143406258,94.2075836905711
255.14946606739727,193.83669586715612,51.99378325821225,95.77945065026454
268.1598629965654,196.12356628797352,52.622245152439476,96.55073725537659
283.27926116051054,200.5978645998405,53.437091097498424,96.11949368950393
298.16343706933327,197.35896653598832,53.467990836249406,96.00968624817756
304.7020121656031,203.05431094009745,53.40488731271609,96.3057650180843
317.61095309905863,197.04930286572795,52.69198591455503,96.81216864851275
308.24088140015715,188.3988663680585,52.56508677085407,97.03101993059484
306.73355391100887,176.16127603493524,52.58685139117948,97.0225675554595
300.3377828512318,168.1316500803216,52.74446425810913,97.17994492245046
293.73441447817913,167.66546870650535,52.890974563784795,97.24771672722332
296.98639978203585,169.1575063541904,53.172473011247114,96.7358048706502
284.58983100327015,165.17317520721832,54.017885272758,96.28086601408165
279.8306634146071,167.77727303059845,55.35894669977898,95.92016067799031
275.7482978374615,168.63293450131528,56.6888184828848,95.17074005694164
278.34471734561174,170.18294824420224,57.38086048617666,94.57373786451797
275.4178412776306,168.52933485112356,57.83058659064481,95.01399077372217
280.53261894355256,169.57263018190284,58.317937806347246,94.71167492867669
284.87604717291657,170.66160336723615,59.09610152736775,94.29506536144635
290.1673480966451,173.65968526976218,59.285620155679624,93.51048230972073
296.567062383987,170.3094642404542,59.24726564715804,94.04640505833915
301.17741054533195,168.2037794663132,59.56985660168982,94.33806039420351
305.58471208981393,165.4935867718408,59.68597002731329,94.683107896338
309.45117539398746,160.81276277116385,59.772601085744824,94.96141716020412
312.4420352939623,154.80519584777036,59.897402892240386,95.76711649771376
314.8002713702023,148.82506101937014,60.00784361970419,96.18773142276369
308.25012821960496,138.26518904196044,60.083510818420905,96.96449403908211
309.13529568881563,132.32311891615907,60.328006469293975,97.58454566000859
313.0848006251639,134.55898118067185,60.90423062827472,97.13204958938758
313.21395145943,134.80808293781166,62.45491800774662,95.79924008326762
311.68664360997246,133.49355646968263,62.013469997402694,97.24352052807058
315.5070556821952,141.3455749025943,62.19042920867019,96.732459660172
313.69384053337785,148.83390570793455,61.23590543144516,98.1077000575482
311.2995350938337,158.0617135709052,60.582465376695666,99.15610120782758
309.3305084405809,168.61469746719882,59.619236372715335,98.76384801484971
305.25933627570066,180.69699594585512,58.90941166561065,97.37296703043751
303.37061996674385,196.6280761771291,58.13299315589968,97.15849447987686
303.06168298629194,219.44052791209617,57.40303825175224,98.09273407634895
303.2444161505749,229.53753606972222,57.07447897021956,98.5900858641242
304.4266390445475,241.7631306721762,56.9534831086508,98.70725794156485
304.6895747472213,251.25833779687596,56.82528519096654,99.12692364822006
303.8408938519868,250.37437254524886,56.70729942913601,99.45236262010219
304.2406870208215,251.18303585696606,56.64027694473042,99.59917517208281
303.89735346366484,250.3474111547965,56.620761936813224,99.91221735062237
304.97730888341505,250.3651349044999,56.6055017950209,100.01308740235156
304.95717335492327,252.3130690626336,56.568770870567256,100.27047550240503
303.57103828316156,252.2376190139076,56.572563574210356,100.80811392998281
302.33474252276153,253.36575991894165,56.56675057306819,101.34963719079178
302.5864500199442,252.5156503063659,56.54568041469953,101.57223402614991
303.36040273204543,251.52432611725874,56.535644324717985,101.64321469978198
303.4375072997786,255.53307959580275,56.52823771894426,101.71918499183947
278.78321179508583,232.43706449345603,60.910089989316155,96.23999250976534
273.04065238160564,230.3559583817539,59.92312190984346,93.49434588459778
271.94826687836553,223.51504634929108,58.158200428606975,91.7306552705684
276.3953375526839,216.1404407282097,58.20450211891072,89.83829737515788
284.4565100125372,206.53895675220468,58.17500502330073,89.53064330263183
293.885574555078,202.36323004078068,58.16811609630023,89.46203275300668
307.75085833093794,196.20956172454737,58.04981508510763,89.11648490213587
325.2544428279788,196.79089092553062,56.70802466158267,89.83867032646333
338.4518370140421,193.39232690226672,56.589941077664015,93.56855455852275
354.0825649055035,192.61565620309915,56.66617946283199,94.60322688804459
370.32658598741045,191.05905737074218,57.15953683515089,95.9901493471463
380.55882138029295,189.94596187648852,57.541486337471795,96.64213159923395
388.66106198430026,185.50032110589933,57.658912172914214,97.30547830307104
387.35093329983056,177.82896021769125,58.26998947288396,98.69611649184068
377.95213429997585,167.75100609836224,58.61136875311093,99.66519230252021
367.5626052090597,157.27618051913925,58.95244819043637,99.70483216946232
355.31466380505526,147.02051234063885,59.49506485464643,99.6108294761701
342.4647998892547,136.58509485885824,59.90128797128173,100.00979973941394
329.03001196734016,127.00462234550812,60.76492051677095,100.02666555774015
310.24545204480705,117.52585334953902,60.983137804464114,100.93626424914126
297.4837319010533,114.99161015737222,61.450936917655234,101.26626386665967
282.90208731852334,113.9765203084162,62.052677849682915,101.46673939911304
268.62938661346845,120.28393624769646,63.59798198501245,99.38026121165359
255.2656978204944,119.22914257173453,63.55909751651717,98.58276457538776
241.5018875172656,120.86531423011327,63.30544523479119,98.91776230973196
