561.5,311.5,22,51
558.202015561053,310.9816332142909,21.73653188906337,50.67012229932152
554.6124032941188,311.46612474269733,21.88359375661101,51.033542187073564
551.0650672028271,311.6059245693167,22.35032480760264,50.5391414607604
547.7381484405593,313.4710292648751,22.81138088377405,50.34459615121716
539.6245602322315,315.1556766286474,22.794754276137716,50.76877371371157
536.6556760705183,315.60244430598175,23.157632939682408,51.84997099644825
532.7867914000369,316.5422293736537,23.016717283086482,51.52259152253474
530.0868985617044,317.57673432258764,22.84550190689523,51.78153877798721
527.490242838978,317.57936405420975,22.50035595870166,51.607936709509815
523.7337028394187,318.3257928026566,22.529580710322776,51.49098091168216
520.7199763419649,318.8584015972459,22.87123696755942,51.950049831063744
518.035602442518,318.53588260400585,22.95777537009107,53.01377393924608
513.0333663909711,317.7467672516026,23.8675466598913,52.343413936273635
508.3753654881211,317.7023331948634,23.382515445571865,52.10771124491767
505.1206255659514,316.7411676280303,22.557577946771495,52.176703183332364
502.3375336573866,317.24903704599296,23.514491668075934,51.34151754526778
499.05599276517364,317.6187194873816,22.844308052569005,52.26047213575713
497.7107429594293,316.9072068597645,22.00799105753606,53.07314302707297
495.35185754376977,317.6503653210211,21.802163122528235,53.26852478448382
491.8378721441336,318.51867527612393,22.167001254259084,53.16725462479698
488.6191932550758,318.52049825904425,22.433658005458128,53.04138394062414
484.6230460662467,318.6865374711468,22.323522039488438,52.46786511593784
481.09010000991213,319.44066350195635,21.79575761224054,52.4601869278386
479.1234089789989,320.60442429431447,20.673570502161454,52.4645955036448
476.6615110064311,320.2207296751086,20.189201946106902,52.4064038471095
474.20005597462625,320.67206970366766,20.047019446087432,52.0336298840656
473.00634185312975,320.35850146768627,19.59398834230921,52.48084028843769
470.01303109852444,320.78090490382044,19.836166911761552,53.154817939179566
466.5610924734878,320.90987926493955,20.521366164245713,53.65117302992202
463.5552387693847,320.73696944294153,21.554904131228838,54.28908946756964
458.1283128313827,318.80351191785604,21.970831622162006,54.29278001136242
453.7353433297948,310.21230580293405,22.200813784822635,56.95374505950475
453.36037865335794,305.72877630722195,22.408076285222144,59.40255883074467
452.10887277894346,306.76722758257614,23.019275828736475,59.1120798439935
446.2524929710825,314.93805048014616,23.007584379394842,57.83355298348479
445.4045531611109,316.47639582195575,22.583641974038933,57.31719126028429
443.336563234837,316.50441330532374,22.072316814837542,55.68624159971594
437.8713200260033,317.721995609495,22.678773310019714,55.99239688616401
437.3692632892004,321.38256957656364,23.431567673231953,58.91472868072553
436.5184540326298,322.4903826902948,23.969620789110486,61.21080117610257
430.6673941236779,321.0384773102925,24.177171782246155,62.08680350829646
428.76687198533057,319.5170769805769,26.085262663097378,59.091797656802285
425.8442455422654,317.92657415235965,26.568161747500476,56.45005369852123
422.53071517522716,318.22718557477646,27.635089024393046,53.154746209370046
420.82085878933447,319.61857350567857,28.177216146688085,50.81102692286417
417.08158003504076,320.3148218254737,28.777397171358313,49.45350957825943
413.5284370603667,320.85732082633666,29.131953632333676,48.71004768121263
410.86482280126387,322.3739011602394,28.9979270769919,47.96715662667306
406.9888625419356,325.0701452365991,28.908357326941196,48.12714726423693
402.778321575037,326.5983887025487,27.844416715877472,49.15614149917737
399.2756864130381,327.15768604303094,26.839948117756194,49.4229332851928
395.909025855656,327.2513981863304,25.81592880130703,48.80568565960847
393.005939600431,328.4188966384667,25.3683266688127,48.599544222178466
390.35506819569747,329.27746834684285,25.235675595528274,48.72024696536113
387.17505248407537,329.64033985749626,24.67137392322196,50.07630130542825
383.10284135198975,330.9305076000685,25.0278909711761,50.62998185727112
379.9063882160807,331.13826658163254,25.310793294782613,51.07411122776496
376.0266033935838,331.1705474305708,26.121016397417982,51.08718393895845
371.78387740540813,331.8131438457193,26.449627095693188,51.226208571201184
368.2108385357014,332.127625349757,25.520216744591522,51.445092071151905
365.21897280501673,332.685771942958,25.442130559934157,50.79784023225346
361.72641345506366,332.7951814148381,25.009119338880897,50.47514521930526
359.58378787551976,332.85430981829643,24.8539827721386,50.416946834775274
357.0991828064977,334.15509348768654,24.759226635921195,50.292327042000224
354.23997816713046,334.06510911537305,25.400336319776564,51.05095937419738
351.2402907214213,333.1866062533347,26.05296810435294,51.688656626594515
343.70551911464383,332.40512894568855,25.508739879309175,52.0967655273176
341.43989703668876,331.3038761996361,24.857781219209706,52.70682123514369
339.1603654010865,330.86895827037176,24.011763695126255,53.62447814977005
337.39038552402616,330.3427911367768,24.057359902875415,53.44009602730394
334.63738373357415,330.6144700351507,24.53572361790422,53.560291289657286
332.1993569203322,331.4230777681537,24.605328307925625,53.43028383241742
329.38152731462003,331.7822454999849,25.32407687100408,52.82530284306109
322.0424173548175,332.4419897137022,25.983171805868032,51.967975300960575
319.30945421663523,332.3430890202126,26.29535624568465,51.411512273629356
316.0355923121158,331.6109932934588,25.97560406824281,51.48068145407325
310.4339857899018,332.47723269232904,24.293754894958425,51.60165045124704
309.72417960640405,331.8843852888933,22.846454181738356,51.740014759423076
307.93050579562504,331.18971268732054,21.912280234998143,51.812273504362466
305.2826320983758,331.2068173170006,21.39655616724682,51.61422328056571
303.1545388668815,331.75148012179466,20.99054837822118,52.3370431425506
301.03939928687424,332.3034835672176,20.882804352505808,52.53932485167263
298.0737420278259,331.4774696271399,21.661477574215773,52.667249328736645
295.39458278519174,331.32585814365956,22.73066918646775,51.75604100983908
292.67385510332366,330.6709335464356,23.276931450228275,51.40963388619464
289.05953495574306,328.5428509940498,23.07474365090706,50.52881035113482
286.1743946410245,328.2083796745801,22.713560752664712,49.51158956462858
283.12580933607575,327.07140862364713,22.684833001356242,47.035029080129746
280.2235738975682,327.5288894770273,22.07905083042821,46.30404785320599
278.3613063475435,327.03339080364856,21.13627569259304,45.816402974697844
275.69482488325787,330.1507275223366,21.084227425027827,46.760935908629236
272.92249495300985,330.161905993576,21.438703169160313,46.780164605269505
270.56380157484335,330.68706057611683,21.779295110429846,47.27643062882466
267.45138432038016,330.7630324934972,22.927371234651623,46.71315213043443
263.55790429633356,330.43906712573687,23.529040946135964,46.47259505009808
260.50128633397395,330.6571864019273,23.367258178838576,46.68569688887638
257.0374220346812,331.6685745354466,23.022783808826745,47.785277275051214
253.87794819820257,331.49324136127393,22.436110429995605,49.31421312889728
251.17888869034547,330.9423832915619,22.063806033386793,50.48663174661107
248.08370006629332,330.9968978490853,22.19231842858587,51.011236423964554
244.38625029113425,331.1558726973974,22.73854511208272,50.89695439782875
240.96286996417274,330.38456756232137,23.307075098891467,51.026022278111085
237.57982623989778,329.3768321692732,23.597040168138378,49.94600713853295
234.16269530651797,329.4751911207233,22.88287206892512,49.53361604229724
231.1391702915481,330.4804113891032,22.128480429400717,50.324250964064035
227.99596276274949,329.68519685896763,21.549638223814387,51.254823824117025
222.22272849824003,329.4340417594432,21.40996955343146,51.295084568715346
220.22235943485245,329.81380630565667,21.740659681778276,51.303255850414715
217.4477873442589,329.78897713773375,22.27365338841704,50.54649052216753
213.86614641060712,330.0363722963949,23.375381300642477,49.928273409839406
211.21737834247295,330.4657920593558,23.750467371297965,49.759155468237736
208.16615024555736,330.9490197850231,23.716207676152134,49.663835072921955
202.81725647292185,329.86151524178865,22.31303067521954,50.48774168803921
201.09578424793617,329.2469896075999,21.738269207832477,50.02017344576609
198.54453182272974,329.9819636726347,21.26454830064647,50.83569580138375
194.9759212387983,329.5336208842503,21.62716371747176,50.67181554887554
192.27647966100272,329.87793413451493,22.010913492173007,50.41657158928747
189.86456796060995,330.45016089829437,22.47090394236654,49.760582864232234
184.45104475539296,328.7210119625739,22.476584996355207,50.137710653580875
183.08565880729714,327.3669960416215,22.142961226424404,49.48567322058335
179.93653266340934,327.26602425476153,22.26289787470414,49.434080450728715
177.07110575436252,327.1313521783988,21.95049016478266,50.32131418656506
174.08042085406163,327.3760807230766,21.614390368521647,51.265111815989926
170.87387967361684,326.70567827732776,22.026231045451237,51.22276565310525
167.44160678050216,326.77945139238653,22.830164153152808,50.99362789135337
164.38917265057304,327.10859887909396,23.778275058274687,51.14596306062731
160.95080912369633,327.89893936974477,24.558873648283026,50.96995315228563
154.38700964708042,327.74819994202187,24.32965440235711,51.90898444789782
152.26419949326345,325.9742435904585,24.064360384276963,52.50492418959874
150.15331270923133,325.60612776288207,23.67524308701525,52.47693203074103
147.56242091552886,327.66278741900913,23.06492672172245,52.68410593976992
145.4337266209304,327.435763054595,22.652959441626145,52.8766381571579
142.534431133279,328.2351067068411,23.09524624822774,52.19703313663935
139.1029866362172,328.5250445308979,24.298829669841602,51.03955468481867
136.82802959426309,327.7321068678343,25.14918525727463,51.15207185664892
130.99649418012336,324.9938748541646,24.428517567792824,50.16153492268474
128.34854312549706,323.49584512335406,24.096455657270052,50.244478406064744
126.0519631922892,324.3891807693522,23.340785300602285,51.09614734882497
120.57534104890316,323.8853636788816,22.56132733212532,52.74038405070877
118.09705572088471,323.8766823294379,22.596562290988146,53.694039934353455
115.16177229789042,323.9310187734131,23.078245546278495,53.904776953267316
112.49202989961846,323.3764715577437,23.484654437976207,54.329262150273024
109.18232862673962,322.7514140711036,23.967653423095467,54.197994300562755
106.3410877905482,323.622595666763,24.43370586192728,53.85100338078177
103.78283877623903,323.608808760499,24.561861128552223,54.20964043407625
101.17778065285239,323.6061124705851,24.942892025288863,53.46997221239803
99.14961118019264,325.15299313109216,25.110939373242054,53.417147838252816
96.70799113499115,325.1384396493259,25.026911950369865,53.450700734590924
93.57534205469693,325.70079980104805,25.43265629702397,53.31657076508523
90.29972997901464,325.96762882071425,25.91845791344594,52.852551559156396
86.96709917466757,325.3570011285209,26.406164914748718,52.94193309748897
79.74808201772089,323.11352179816043,25.295347261784176,52.60953674722361
77.93186924249864,322.85990543812,24.383411220889563,51.769757185886675
75.67142444075779,322.58462569132047,23.548127309051452,51.05113161326251
74.3622929989254,322.30466324513475,23.068710816114052,50.44365078110852
73.05801889849587,321.7189476209749,22.643276263219448,50.362791780557316
71.1829608551082,322.3381348331717,22.195343281543856,49.97307675233539
69.51894493443156,321.97202828607095,21.92638906752299,49.81213743078449
68.75923377097394,322.55072375256304,22.238613489851453,49.36636706702943
66.34531961970809,322.92734286495835,22.750915306940026,48.99563357365551
63.90551965716359,322.4266067093697,23.526248588504856,48.425979185385174
61.938999639253424,322.7900527071736,23.72688844541588,48.46519385491189
59.21694264483297,323.4763676055556,23.913964317801707,48.47956485732688
56.49702428262403,323.208512936994,24.45342567600865,49.04306582865206
54.37061486695527,323.0716595520449,24.825264730963724,49.117008898184295
50.26766702365336,321.87070941657004,24.421811166774084,49.33468527882937
48.61630000880258,321.99155214075546,23.657182887973455,49.995147481177256
47.15750540052922,321.29498112035157,23.34904550005851,50.00860435848709
45.34961658813428,319.9314679328147,23.477218506775863,48.84696148116514
44.77295563223443,319.25945774842864,23.22448663706617,48.01655577114097
44.13004286175855,319.49815832433103,23.019698955895752,47.90555730497836
42.816515514143724,319.5423267898076,22.76062331817862,47.80652901904274
42.18877763680808,320.45070902674576,22.593625284588494,47.54326948901408
41.59804288505903,320.2997491876289,22.455866496575062,47.12836421846008
41.08147736250804,320.8610329016836,22.15604814172891,46.80863732122302
40.40253517728935,320.56925190017,22.379685447575838,46.543045984387405
40.53954153919321,320.45594591988106,22.395691073654064,45.51229760580054
40.33003980693367,321.6332696661277,22.22483606582588,46.45682561417692
39.96724356336817,321.95365498975275,22.42599195990116,46.432646599293136
39.520364507970626,321.37852928016156,22.894751906519296,46.45953988802049
39.33003927150011,321.87803575602794,23.169935849733356,46.975492947335084
39.14959411979369,322.01929866569253,23.530975556772177,46.897025864568604
39.23811420641003,322.15499680377576,23.78836133358984,46.90793062690577
38.8619835008087,321.9048659827956,24.22642121099811,46.457998267668295
39.334436401637085,320.52376593399714,24.87559395014334,46.13220307450898
38.61330097817313,321.4283295581636,24.906657359555993,46.29656952143513
38.7414507577462,320.8143608565575,25.070517855570372,46.21797644903087
37.71391043276479,321.7928334084633,25.077761724985102,45.9995202578017
38.21061574799731,321.41487490214615,25.171131046569315,46.03597714069821
37.31526351106403,322.0805464954331,25.159261243511732,46.08808541591622
37.020940546418245,321.6531816542395,25.19971055901471,46.33627239181389
35.94546317998612,322.32486145128837,25.316971978280318,46.54893198468972
35.451679441741874,321.31671565299985,25.21936000664106,46.453629381132444
35.12962667917285,321.5849020536091,24.959573312712493,46.80917261651987
35.24595868701659,321.76216806472326,24.88899563482981,46.8662393959044
35.17430183247439,320.50646903522664,25.160240014890846,45.996228763491374
35.63617070891367,320.8475304983008,24.794309171096614,46.351560561654935
36.73950077464819,321.14588454778146,24.166291169525643,46.51281212656144
37.77007263246882,320.604892625288,23.656772705654408,46.739663332140275
37.50020895960073,320.45427743076897,23.01047943867392,47.3902677174361
38.13683392046289,320.4807050709177,22.619395425763066,47.723500063357555
38.82690078303298,319.9651620591244,22.477751686088887,48.01229493446681
38.34887363830554,318.7773418679385,22.599882099258206,47.3300825717825
38.25595904696722,319.1556933362582,22.446224265733825,47.23649734191878
37.625811351846004,319.4833914128367,22.697338514122936,47.08564145336823
37.44822103437673,317.7558218759103,23.180963984605114,46.0270895787346
37.21100298294894,318.07608456769407,23.394057979211027,45.63640728593978
37.039056082215026,318.3425728692389,23.411479349257576,45.73793899459862
36.79771185117964,319.44553103827553,23.261815637999945,46.72442215832591
37.83644115118076,318.7459053383937,22.705706468081942,47.564558803889526
37.603961540792696,318.3431416253007,22.522569485054056,48.11940539602067
36.93163007919198,319.37549404927444,22.311270799368756,48.82319563092835
36.936108977925116,318.96366677298056,22.181473294349097,49.3461134581858
37.06547190583856,318.40575347468143,22.281860714527014,49.46583593357583
36.84012431602108,318.1671698735596,22.59375977327993,49.25245710005288
36.3509549317871,318.40474121891316,22.53537659693894,49.67706684741415
36.93735224229107,317.81676590999234,22.3396686987818,50.36852274932671
37.29950088997559,317.7441150494591,22.02555006475918,50.93875605618203
37.27171687079577,317.52364544939087,21.888445716353345,50.99907245215355
37.68824103134703,317.71186637161446,21.629468504545706,51.107480060678775
37.18446868718706,318.21489305069775,21.4833728034232,51.46343718148562
37.91120358527606,317.5500612231747,21.457020354962495,51.54514968659127
37.553754902070864,317.64223528563156,21.486586257559118,51.75409205158954
37.483143984694976,317.49004321325947,21.377888200953464,51.67261217693973
38.032773126944306,317.51528493937343,21.268142300392633,51.28584822978349
37.69353882752769,317.4356002448364,21.12302419687907,51.03390560499308
37.50442013137878,317.8547364101609,21.10139399493479,51.263326388624755
37.45861361014226,317.1700970016277,21.19584144990996,51.16243876091261
37.387345108966024,317.420760572074,21.20637323757127,51.40486362273615
37.81579233927225,317.6470830684372,21.25444912484013,51.54273179977524
38.295967780777026,317.98370405237876,21.194105132127522,52.079432053533665
38.56621667412709,317.2683435012408,21.058383024538863,52.09723637629147
37.46155019022112,317.72957706826793,20.998966993708848,52.047994692752916
37.99422558255583,316.9441655630644,20.970754432687507,52.096252695950156
38.38348642153214,317.0278835822527,21.074895468262554,51.89998944296005
37.61605928280022,317.2072639039047,21.198038052916324,51.953525720670854
37.31512031390664,317.30167226941654,21.329255870454706,52.41098391392544
37.75095011607037,316.5069675637854,21.613182151175153,52.807366305686955
37.64598653772755,316.89242363715766,21.523502090548938,52.77838619343498
37.5256352203231,316.52144286658194,21.484711751076517,52.72609289516609
37.734905128438555,316.62724631754713,21.376735350134545,52.160146632044906
37.591748904977436,317.0861499836849,21.37209872064267,52.257241176218926
38.171490544137995,316.44825037527175,21.18959070448662,51.524276602914576
37.74511826474277,316.8799791535139,21.08175741770364,51.18765663378687
37.6471098169654,316.66783432263884,21.063168445395682,50.901434909142466
37.99917614684585,316.6697385392775,21.080908174951347,50.59157814222033
37.483683286495435,316.6264164693054,21.18535513022173,50.763429394298
37.85950318824888,316.8770145293562,21.25253526680502,50.8615112473715
37.59465190901998,316.8981844013052,21.403828886616495,50.815126705736404
37.4541114247829,316.9367330758811,21.39059848066476,50.59550751327039
37.179026508356436,317.1484679359414,21.444354903807763,50.78860904072735
38.03184137322265,316.781350802631,21.539814580088837,51.01041979202847
37.45359707272632,317.3496740919595,21.53092866364069,50.94505595777906
37.426352596923024,317.2016935544949,21.68023626692345,50.03310220345409
37.97627035751185,317.0196751625823,21.714975874301096,48.938232455945375
37.383059987409936,316.9614970403741,21.78361652512657,47.72069480521248
37.45181464361097,316.4604474561006,22.212424949827007,46.91093412764436
36.80064143985499,316.8699430219584,22.43167389945323,45.993828393660976
37.1903767872123,316.6234877679909,22.537264111148833,45.948305230598436
37.327692587536404,316.07279201009806,22.752956113653845,45.921500268494164
37.2532289641837,316.28236929390926,22.938136369350744,45.709540431511186
37.09574742045966,315.80691076078045,23.0296832624791,45.67534447305719
36.987912709257685,316.5943646118615,22.886500030187534,45.88722666499904
37.270353140682474,316.1614702079657,22.799520089636395,45.8498575233431
37.50996779803758,315.72190470266065,22.716977209671974,46.23475984309048
37.61578797692914,316.1005274998055,22.756423831993292,46.40376947493608
37.49556458170618,316.1439281706499,22.6696940813492,46.205452573991224
38.22031971316122,315.46991274294606,22.676805822948097,46.41139596983466
37.298267186964765,315.77544608247587,22.824812070867125,47.04069193497055
37.560909893335904,315.86872668540116,23.07301488167755,47.15419028608111
37.32482309736877,316.5389634181097,23.15236203566168,46.84162979502156
37.780019388656484,316.0361787934019,22.913977073420874,46.8184129812429
37.58504990778195,315.65169078642873,22.803118584627498,46.77059310962636
38.088639111473086,315.5211335599029,22.909041182799424,47.11807519214639
37.58876692354225,315.5445544378525,22.898203588446243,47.795607253691045
37.248792659175976,316.172880786825,22.920291540072323,47.874642908330955
37.781099188299464,316.48667890974536,23.127481264837733,48.878620816390395
37.590085839129046,317.7364767781926,23.33085023772521,49.45372209716557
37.78128466669703,318.1673791791044,23.17891838215931,50.350363988762425
38.12590708401142,318.6727348465085,23.036716990256664,50.46532606723088
37.100182236976046,318.84344873773324,22.971450776276882,50.55057774697585
36.65799226593597,320.01694241349446,23.058917511779736,51.107368471625286
35.89212180065815,322.31375792668,23.12800194438005,51.93187690295681
35.82690832701668,323.12526650902157,23.573337604765335,52.69156471149449
35.892066177588184,323.7196287655686,23.813711951363256,53.08320633304396
36.0411329547164,324.06492588773284,23.734828703593898,53.34787957767193
36.161517601322245,324.70039724453176,23.684115555573417,53.59384801309911
35.597358989683705,324.72822701608413,23.89885486461252,53.95328558741829
35.37326427314568,324.8599530269199,24.09780686461267,54.144078954254574
35.303817975349915,326.34558108904747,24.224581737201163,54.10836708239519
35.089143840228004,326.0965124658104,24.45165240667976,54.09433681549879
35.17257235246978,326.49646602606595,24.495612048680087,54.00849447188506
34.623092668602695,325.9390390869149,24.705094997919083,53.58217000450699
34.73220008668794,326.7997864711822,24.712672942267126,53.400728245959286
34.09829536373381,326.80517569541337,24.858888674415002,53.08454480658538
34.11194047873493,326.0134979484393,24.747189930211125,52.70287582925062
34.89471512311063,326.83937546432946,24.545753018626478,52.800891438797194
34.18527140138127,327.03683163025426,24.738626086398533,52.80924592427887
33.382035831349384,326.74205002441477,24.696162981352757,53.08146181802387
33.09835580817444,325.8277182195254,24.81252063851007,52.550481014808184
32.08575225077914,325.73789990124965,24.960888830800066,52.670170417712555
31.14706820881265,325.1251677001654,25.34917433988867,52.89400177182354
30.82312996375471,323.97230855677105,25.320649036047797,52.86668363588275
30.699739594477037,323.5923462107557,25.311122381290684,53.16489167599697
29.214475804935525,322.66316506596394,25.26780403981097,53.197155881130726
27.610986680903004,321.65306532960494,25.211214840213657,52.79595599891397
26.064090817233957,318.5464495217545,24.99074751527514,51.724718486959866
24.40521833402673,317.1223138659147,24.02794104812636,52.17671403989621
23.54779772394511,315.48257841245555,23.782280120615045,51.573658072272224
23.629950446201676,315.7860919551804,23.586701709687215,52.491963556898554
22.446422430363107,315.49886236019626,23.470279195221778,53.61182604858265
21.509581288143117,315.12860652883063,23.629499557016192,54.037125282744086
20.314640131781605,314.9458083997681,24.33826719612471,53.8550335335144
18.88218625247765,315.2499086091405,24.94443452962276,53.52679008140818
17.916016957532555,315.3352796489952,25.364362240377815,53.716101064137746
16.858556089927585,314.79741018405997,25.808866309152513,54.529329783732535
15.612156606987993,315.52100124793577,25.848192899161948,54.419554887311826
14.739605683205792,315.25678658411846,25.94851101145108,54.447378333732274
13.97419298700802,315.58829303823745,26.034440659522893,54.089752743628694
13.67517338331421,315.53027360446595,26.47531001823002,54.85498781869502
12.727201479979321,315.20067389885077,26.871816135118607,54.76587708120943
12.015111575616451,315.6123644473362,27.06146299153569,54.96121732632534
11.4074427658349,315.1959505568977,26.923802473624736,54.94854225380884
11.01207681847038,315.89882347485405,27.21152349932759,54.935353323642545
9.927711439187036,316.14002887943616,27.078963984227897,54.29240995055349
10.040072407029108,316.7327018715269,27.060882992428603,53.765145736315304
9.436781218842002,316.32255259899455,26.921479956205157,53.032316396515185
8.520179849968965,316.63610196525906,27.462994847767455,52.56269177947709
7.941618344413531,316.4349233095636,28.07449497365112,52.486088666206285
7.789961659688382,317.3672663298139,28.38145756786143,52.488000993396724
7.308127882979321,316.68001388377195,28.658427995844676,52.86646858107931
6.882469164028613,316.48768151356273,28.828353002486935,53.27039307047811
6.611408133903305,316.7616118291145,29.026854881653872,53.34435366406413
5.620865139066016,316.8072291191767,29.31047402104769,52.793975147305545
5.820080710967613,317.8665561074474,29.162799289989017,52.65334493823548
5.970403259604952,317.8836165584889,29.075344047932273,51.937127435619985
5.648495374784424,318.2409699450696,28.864980256435175,51.05212382953944
5.430433360427813,318.1815264214,28.354147173789755,51.787832463964335
4.748208910853197,318.0758280966933,28.01924869611556,52.462972829856184
4.781440318660657,317.5345662414822,27.496009797984925,52.65780295631306
3.957465914123606,317.1629530805826,27.01495555911591,52.56185190804078
4.67884684160564,317.1342644634104,26.244604788326953,52.99334973545623
3.6677720379923464,316.5538550277618,25.741808421203565,53.38130635118014
3.1086013195755378,316.1436183548623,25.432846782246777,53.23288885120344
2.0740543763881654,314.79528489729444,24.72926539281891,53.9716302082491
1.825489838899081,314.10848182006606,23.65977769419173,54.635122718105876
