74.5,86.5,56,48
72.95593943339891,87.44222770126935,58.227909954541786,45.24258943910846
75.41104627593829,85.18647691632742,54.168371315906974,48.03620050796998
76.55823023006738,82.65328093705608,52.103989389828435,48.84447145287129
77.83165928867969,81.93458032812049,52.03372548227483,49.3527414012875
78.29552196441568,83.19264008279134,51.57771131935759,50.19308246323488
77.33487188034454,82.0766185979696,51.03746482803029,49.77536137190425
77.68700516477335,82.33960189499581,50.411628546712635,49.639334622460126
76.57724692572552,82.38430147189018,51.36515774777733,48.82187963390119
77.88304340923173,83.4841943911992,51.53860587459121,49.573484061701606
76.059251272159,86.2556406521472,51.78367831363839,49.734356455271886
73.46091060490886,90.51904615671276,53.18894038048428,48.90770118115666
70.01581072769403,94.26692891702535,54.71522278414487,48.45975193708176
67.43347008590433,96.80208804964022,55.95060781261258,48.780600358863744
65.84757481096221,95.0489509588927,56.1780376294646,49.00490546992421
64.98840681021284,96.84172336645051,54.818808437787084,50.7774820499197
65.1793160026327,93.50291050577474,53.647172540911995,52.01786621701096
64.02796005946472,90.22259640046231,52.961109412370625,52.399052498772306
63.17843551868906,88.96412645973717,51.52315769474288,53.66681265934396
62.654537548183114,86.9749837857479,50.469261197629145,54.451842582823026
61.0941197686196,87.07230493054062,49.832636162578936,54.55280073731601
59.98314909649913,88.23753763688308,50.02050582293621,54.769089207992906
58.46730348164999,88.49055558578439,51.11404676595999,53.485405993734446
57.24411813044277,88.46001559638775,51.2973630974943,52.18178064835476
58.93129812727519,88.17419597203332,49.77113583335979,51.295278212531464
60.52811175737314,87.82968559649576,47.874261741269976,50.74010052210113
61.66024588737704,88.16657873961549,46.303213142974826,49.90360927634994
63.36239864024401,88.025431787135,44.69696054423093,49.17812405991198
64.16646473752327,87.67358793617703,43.97920533474551,48.027361535997834
66.00129645155086,88.55311616132252,43.95384737429592,48.635910771894586
65.4022656603707,89.44046190006743,43.78681882489658,48.897668965196395
63.9953947584205,89.76221248386511,43.867093526746196,48.51167330387811
61.8708947393101,91.07509472353507,45.03034775350461,48.072814447020505
60.66060935825291,94.01648658906446,47.12530334800118,47.55592169572858
60.08636976282722,97.51974758864212,48.338133680305354,46.45976241706276
61.41167516458354,100.31569168257224,48.276665676170154,46.7911301496127
60.944218689947164,102.30789965922693,48.33523978591197,46.66273536215106
61.28691980900742,105.30527118944822,48.4243485870485,46.76122111869458
62.27829092935843,106.9317821258331,47.933463278986565,47.14557865380752
63.06471304821637,105.66928864380608,47.5057261913485,46.925142062487396
63.93929983546999,104.62827085901246,46.74846826005644,47.0164509227088
64.01759761944203,103.68111446694124,45.05229651928369,47.38118573634648
65.28735279414875,102.1751934025047,43.00816830001629,48.57658775978132
67.49533748747061,100.00612611838781,41.43230850008824,49.55419218999934
69.22631821083024,98.59234618711092,40.12581074889512,49.974694051988564
70.59606616951157,98.30637019644247,39.42844244078536,49.21800831417111
71.40709942337266,100.07711986396882,39.6495098594548,47.88840206078346
72.01062079047296,99.75707839792429,39.87338391144806,45.86130660046222
74.44908311259005,101.17296415110303,39.31967665918164,44.592575231395685
74.97720080459015,101.75221811894403,39.293647240223535,42.741493092699315
74.83774989640285,101.8497997027516,38.994865727015934,41.16970236065395
77.94188548541452,101.90188907739127,37.98915640430877,40.413153277703046
80.24782321061372,101.56583091573847,37.42515302040819,40.280898363253804
82.63624604314919,103.50954077590296,38.13885072081574,40.675851594432416
83.1665893820836,105.2067167678391,38.925421537873376,40.19345043720503
83.15935006352501,106.62853238585794,38.711457148447884,40.66437842243506
84.84088588912081,108.37129768812471,38.122764750643725,40.61732747984304
88.43387214823883,110.36354578549842,37.08484730900683,41.067652413940834
91.67404419181278,110.7192767755469,36.72467953716652,41.124899974211
93.39858605633833,111.37926323255107,36.04193296441122,40.847113678053915
95.99065383227622,111.58467981951215,35.47881343807865,40.88858176794096
98.04980164926258,111.25500253887871,35.20900351234262,40.38944257195991
100.14791202589086,111.74173389584958,34.71924776496069,40.752634282685534
102.26566064926972,112.29960568931668,33.88337391221544,41.183957741916785
104.1964822342553,112.91571493848862,33.56911834218934,40.87787508160468
106.74810952251332,113.04266903859339,33.228975357012416,40.205748060108
109.91804770057043,112.76404192561019,32.55163037678321,40.22655994665407
111.25628518151645,111.63933291185101,32.39319368774883,39.87853081726629
113.433441245757,110.72376964174288,32.21015669812271,40.00420479610408
115.0393332019614,109.79276286195054,32.505978576805816,40.46021142343015
116.65796380278435,108.79900887677104,33.055510130286876,40.26176529985604
118.96540966579427,108.99628391787442,33.49782217395089,40.33698231130775
120.65476112555103,108.70174341871575,33.829562274304294,40.66604528875678
121.66192931953512,108.69994369681373,33.82678370379523,41.10364138015718
122.88409927153923,108.84038347357674,34.15920366268679,41.495724432584396
126.34802505609747,109.88538181368658,33.473594906680674,41.84477556578022
129.84975697761797,110.42494439060322,32.590387010752714,42.928461214406674
134.51352620084086,111.78728845294032,32.31459207169218,42.24377376684123
138.5869129369427,112.77233120663723,31.818516784455554,41.4335398105033
142.23383158002275,113.94620660211214,31.344400720219273,40.870667273490255
143.97932767541403,113.17764755592361,30.86552710739384,40.085301826286
146.29322864832386,112.04403494974282,30.223648690245447,39.38514651496595
149.12444925282063,111.63806283589267,30.243675418721395,38.39034950502589
152.15311761488366,112.15373536969113,30.41820219328308,37.81271168540143
155.57112532937094,111.82854766814387,30.18794829232363,38.15707275930093
156.4799050568706,111.40471534275656,30.371713490949865,38.11348030281771
157.6443850081979,111.60446468171165,30.261755119896208,38.31677001363663
160.70878330147676,110.09950686291867,30.881506564191746,38.244571908394235
162.85872988897293,109.83346570795905,31.56245788688006,38.41591668593624
165.78073469311053,109.50333848702986,31.827097055612906,39.35146286868891
168.19991213692487,110.15481983563505,32.20176583055138,40.05854498463467
170.2075887812904,110.92096249835559,32.58226987595727,40.759774206541614
172.26806088979956,109.15364517075176,32.52148915686377,41.21038443242799
175.12810097487377,107.31327626744711,32.86779616322901,41.78669657032086
178.6107189176322,105.16223452473865,32.76657299591281,42.1337779862645
182.73979541805718,104.04277338096693,32.5158557937079,42.19818359595149
186.4396386763472,102.9030636230151,32.51001721948019,42.17214432775177
188.56188920638255,103.04654726612475,32.63983666645904,41.435912455560626
191.11053306687887,102.89709034368032,31.988799860993723,41.849747505195275
194.76949267253374,101.99465950163464,31.286548946497938,42.47091280008831
198.15835009653256,101.82222463121622,30.94015905730156,42.73801336575333
201.25038957409174,102.3192573168901,30.40537447855647,43.30480993955783
204.8870847581911,102.20182549989654,30.274421568396104,43.365340135267694
206.96867779254654,100.91947683196153,30.477180838888128,43.061490508399686
208.39420617155864,100.27131928265916,30.827767309394808,42.462940809412274
208.5362650149334,99.83922116518715,31.02874104067311,42.409629276678984
209.30191218158288,100.31042880207592,31.755462578422172,41.68555416136397
211.58199962317178,102.21645927193806,32.65349673302513,41.15893557393459
213.29721652370654,103.50894837820377,33.010890185297285,41.11897293490476
214.66468230484395,103.90713380954593,33.38545426282349,41.11087570474685
215.45024371923682,105.11040294970206,33.66456701543575,40.82224876324072
216.65149067303955,105.37862181137102,34.21528250800732,40.33602819154467
218.59327339489235,104.70800172340142,34.61056237451288,40.0493417794254
224.69350053715362,105.82015736863315,35.53754663521735,39.71592955111862
225.68583073023402,106.33951240815689,36.84434342526509,38.7724080227222
226.7960287121078,106.351128265315,37.5112937292177,38.95553901780903
228.09027023043774,106.95560068954394,38.132046599158826,38.53148660919336
229.80987439160583,107.21879976827327,38.39796432395703,37.97288608872049
235.86573018442527,107.72451648637357,38.13744616635765,38.418055106705374
237.57250149270195,108.4968041329948,38.57718838561978,38.24841830146952
239.17259159685466,108.26181737706452,39.41330835965684,37.94706926494064
241.39837431516185,107.64263604691499,39.72618393637866,37.91484126228345
242.5670585126638,109.55267758490382,40.986971755135116,37.410176429714014
244.82560701177465,108.69686410780865,41.424517529588016,37.38145492561424
252.7722892314321,108.59128157756102,39.836225874696936,38.4530057616756
256.3570074015955,108.31891044498215,38.895330431739495,39.33817280291061
264.8542402884732,107.65976717669865,36.6540546985725,41.105100431062766
