139.5,112.5,51,36
139.01823912582682,113.09624744969096,51.440558939737365,36.82011696661537
139.08836003840585,114.69504800979959,51.763887530552964,37.35208718886639
139.77779642851144,116.36290538684368,51.92979071317136,37.67528127877236
138.7888293269676,117.82621625404948,52.269841849128014,38.03502338446391
138.76034680614444,118.24949101092237,52.52567775826509,38.17754690881932
137.9738390705303,118.49321338379795,52.60079786950043,38.28118318628442
137.4781046019079,119.36889814457241,52.802472421312004,38.39865984279029
137.8230471374047,119.23061817418827,52.72809173435924,38.30458948947405
137.5249371262328,119.13594235687131,52.82576262316384,38.36157799842608
137.76064363111328,119.69297773338937,52.91281735918378,38.37551251157954
138.1177981197143,119.5435913286914,52.814568996567644,38.303320078589586
136.2874477491588,119.47739933912655,52.623438539940054,38.101305043007926
136.09535183311735,119.24082670614033,52.84814941284586,37.98184930771772
135.9299447466191,118.80384516281227,52.804315581072096,37.962070488684596
135.36395066597456,118.76918029014203,53.02739531559955,38.039924346428464
135.86992474218914,118.18401964955652,52.94448586661201,38.211993235784284
135.70665261654904,117.24685221490721,52.8392552930345,38.155892686000264
135.2606367158865,116.42287888013266,52.82273510337368,38.15779820068792
135.42703578496412,116.1658471877412,52.8898581440362,38.06519913324989
135.7843646432172,115.46490483214853,52.76423009729169,37.99318293024305
135.1829702980283,114.82877764351777,52.66024548273028,38.07886702075378
135.45101177120137,114.80721904971315,52.70166001868394,38.011246139543985
136.20054688788343,114.60233252915518,52.48147598431731,37.91245256269423
136.43653407765424,113.1296925196308,52.58641454432415,38.007232236512884
135.91253802776822,112.98225152776926,52.691105502834176,38.09639851925194
136.1537116891649,111.92800600126796,52.73879814614719,38.10895899593008
136.75832589255705,112.29012503872428,52.74025117780895,38.12361985395127
137.0980286563185,111.2010225962401,52.56065369352759,38.16221468681087
137.81710149721454,110.75603951781183,52.41693266478879,38.22501589568079
138.92413960583767,110.08483020029065,52.39930310472328,38.458894114959286
139.10164883191612,109.37052779038078,52.40096859226175,38.441870410952454
139.81357659453994,109.25312657536307,52.32846718917595,38.51517998663109
141.03952697712262,108.9412665387973,52.39439083540283,38.65684436589784
141.11586135475795,108.68470128638154,52.39469346704162,38.63085246806132
141.31073505261878,108.35060869692386,52.465790677481095,38.67896867963432
142.40528958347596,108.66676164740963,52.82610769456311,38.74755492906485
144.09992594885784,107.64335899938604,52.93754568958365,39.089574878127166
146.33544900771292,106.5753554815264,53.17497516162571,39.23804321851104
147.9294194803487,106.35568219789349,53.29026736302161,39.29601715518073
149.98037554387142,106.17137024383506,53.47051551811121,39.432068984592746
152.96610777200982,106.37463477159702,54.06475826856048,39.39555781523062
155.5260136686002,106.06423051854739,54.54145307099128,39.677728999142445
157.9133082571808,106.4749192177864,55.04378945764234,39.78472678520043
160.41631097962932,107.62754429887539,55.36930457014886,39.86642139383541
162.35366246783462,108.15332620684005,55.85718046260424,40.11835799180077
163.59720328909032,109.21304642667937,56.34338234937444,40.533210011610024
165.37696252556174,109.81769103068352,56.728226516812484,40.85128171973943
166.3945360104014,109.72582510862154,56.785224513258626,41.089188683710454
168.96282530274522,108.03252375578218,57.13333278007249,41.278109247131475
169.72908019495458,105.99652733386938,57.643346618166554,41.5770772935175
172.1467273310451,104.53482132200864,57.72209577249921,41.64313324576683
175.02562044814925,103.56502555279523,57.62316020815172,41.773877476034755
176.1518117044673,102.0126051342418,57.86115845952321,41.96026748077469
176.89798987330119,101.19938662579045,58.1290461337344,42.0703252605024
177.78135618388993,99.9588586185261,58.65373111128126,42.08014027771666
177.559804272551,98.91376576451867,58.823026663266305,42.2463173778671
179.67203310607715,97.01759498148077,58.89088447930726,42.43108829574956
179.83069137805606,96.89338390101138,58.81791363012978,42.61027309782022
180.76740346252063,96.91616281008844,59.05844257475654,42.670723794428035
180.95494537908374,97.02566286612682,59.33105779968622,42.78795196361078
182.22567030243607,97.26392048767912,59.28392023935852,42.87675810636665
182.9131310768876,98.01475444123857,59.471335850565936,43.025657730833444
182.9046335986069,98.24588355420204,59.45395747158705,43.09696013856586
183.08341600748173,98.8194827864954,59.456120692148346,43.160157367758146
183.09978871592222,99.54995419250345,59.69969570292359,43.28879652214218
183.17429603186574,99.67547402778291,59.77982416903324,43.23326446738791
182.77076362248118,100.0413287363591,59.693646807454925,43.10656848035411
182.9758916460709,100.5353056471352,59.561741649958265,43.04832373568331
182.8492647466826,100.49387546380743,59.600354294922475,43.12281112216891
182.92685547730713,100.2850483302378,59.60763472544372,43.07507965427321
182.9629509931058,100.87024975509865,59.5996762965619,43.019421229371474
182.30691234475984,101.05127107756005,59.58886831836673,43.05422806770024
181.87477346560226,100.20147207994705,59.810206866743854,43.123490016707365
181.5489159906504,100.46948550341753,59.74292010623266,43.07106772012803
180.3172753984985,99.80966339096815,59.83162162249138,42.928207200497084
179.56050389732513,100.32598141310228,59.54857966103961,42.73944370337848
179.5553408032538,100.5495276777755,59.215642252885985,42.77188195553952
178.31726069714244,101.07150689655452,59.09647222676642,42.791596656599935
177.93428638897953,100.36020332559386,59.10310624643928,42.92303987716507
177.07304894674348,100.40750875699797,58.632749614645505,42.88476582703184
176.78697407290682,99.7623153560188,58.42096733211785,42.98266836938478
175.44344654841575,99.78585479229088,58.16086547497205,42.862112548996606
174.51496315628268,99.0582898403187,57.968467215598096,42.818748662314455
173.55232321948824,99.17272429057735,57.88293599871759,42.61300658003681
173.07939624303097,99.69385978647978,57.57164323551427,42.512440397897635
172.0094837587878,99.35833901760992,57.66303513858615,42.65072936214723
170.22131856400955,98.25941762448511,57.694240758931855,42.74855817706812
168.9066871427716,97.02086163596296,58.47620223746273,42.87523704292161
167.57275245840876,97.0731812414946,58.69828274586742,42.89926144625062
166.31986693164302,97.09818163339696,59.146817127951124,42.70823713088974
165.5424035415497,97.63001457318512,59.66875953218407,42.823782390992406
164.89742544781862,98.51976174273813,60.07000307506921,42.754493964476396
164.73771200404173,99.3566569222647,60.18827506004561,42.732064355621624
164.13070629995164,99.44712429271001,60.29361349173196,42.8089298659765
163.3277777835452,100.182529390329,60.21785099958909,42.874206110824886
163.95472336871248,100.8392033120169,59.56829734270133,42.97013189186926
164.4395323528289,102.06325618919008,58.873989831221245,43.07695968549651
165.89104395241148,102.1153434788466,58.479071671652676,43.43007363963267
165.3569688229847,102.55665815769555,58.29335668850183,43.67047446763423
165.9969083483512,102.10604735466003,57.91240997552975,43.81680539339216
166.08607927669635,101.37179861986641,57.67354600956937,43.84434758172176
164.77182085630648,101.23088468606393,58.09255943810241,43.93126331372567
163.8509538355956,99.92316627298483,58.383949727616795,44.043732782248384
162.47188493336017,99.64309335566902,58.68766172032005,43.8841245170341
161.18616834405114,99.2643314645747,59.071596091031026,43.97297698927479
160.7582139297755,99.73603679635073,59.72905198495955,43.8107480187998
159.3183393286417,99.91159654828816,59.71656137819088,43.809159837642625
159.32804370321858,100.23214749408214,59.99306352390789,43.67931660780163
159.0573950597178,100.03812035544628,60.04961548725149,43.66804548448247
158.91810100003988,100.94497234890125,59.842420327665195,43.654070129545815
159.7461497068757,101.23202421919528,59.33673821531646,43.79064538361334
159.96478600760406,101.66611242933752,59.029331468838336,43.79516560143618
160.00775385083116,102.30300185154859,58.71560657409117,43.78000999939226
159.9184678695437,101.90866441578993,58.72349092079466,43.956679875563516
158.79483997638044,101.44029926218836,58.6510736457503,44.23468402700873
158.60327093168016,100.30952212455495,58.61672992529641,44.21598036198322
159.23184088162685,99.37574499471225,58.504969091870315,44.297605895472316
158.998143230736,99.17214642225433,58.20366450923733,44.15779553926282
159.16232591973142,98.9623156387355,58.14808682140915,44.02707389611828
159.15351421738893,97.71316368096579,58.413696304356435,44.00809985564879
159.1825558764224,96.88029991835543,58.594345815979466,43.90119955036415
159.21964801978615,95.56720495635034,58.99589674658485,43.934578843576
159.3795195215068,94.58396157923198,58.63176103817984,44.26463199643332
159.43370320051048,93.52072427125141,58.23363219650321,44.06968856544316
158.564369281875,92.18981395989127,57.947712640967154,43.810564735877676
158.73819064498616,91.11671395784819,58.26917139141412,43.58222321889144
158.83710039131566,90.22100948766247,58.24781492158327,43.68147608283161
158.66005391866787,88.2693754224201,58.22332619397198,43.885334728453074
158.0679076567242,88.11498192928967,58.04834802598766,43.75779637325084
158.62331397640324,87.69153131534684,57.84672127301261,43.498600022134134
159.18583152492107,86.85475778600355,57.81213944307445,43.284311697405485
159.48746995739398,86.01388356627426,57.588712310050745,42.9542700997089
160.4278407500536,85.9750052221664,57.483759866386485,42.56852593057141
159.85285180559427,84.75339992240362,57.457084250933534,42.380231756003354
161.2709099647421,85.39363977606294,57.13546950429316,41.89982048673782
161.35181306435481,84.39178462819034,57.25631112339465,41.68709415795607
161.69799937877193,83.84571753812651,57.488888557789025,41.457241185984124
161.48211814996472,83.72854572745005,57.52014460838099,41.16763685315917
162.019599205217,83.40390813341433,57.55724232949572,41.04164211563628
161.91140828957552,82.24308210188893,57.556252741706494,41.02447014494991
162.0354826850791,81.8074895493116,57.64688155241821,40.93836603120199
162.51901341023824,81.9085063271285,57.54272131288487,40.820364571536885
162.99793380170158,81.7881755780392,57.30869048746244,40.68851387818145
162.97959176976212,80.55878684554712,57.22702362828002,40.6676270174515
163.71039633748376,80.97631432636206,56.97406901573255,40.505319012170034
163.57972506063214,80.81823469189777,57.07437485452431,40.18371680744291
163.4772108778937,80.22283995282595,56.81020079094506,40.318070700564576
163.55637105599627,80.28698190866197,56.81435220598013,40.18818476505258
163.39390645773562,79.7096032820914,56.864403943690625,40.27002348391489
163.38088597278647,79.8223627288326,56.93798182316914,40.309334285657236
163.06738517142674,79.81419124917596,56.51530092791042,40.033838897058686
162.93742304949367,79.06251209588206,56.25706017944407,40.07983443261223
162.88535545353838,78.49099983470192,56.06646220466,40.129363109177824
163.42118296010207,78.20078347487909,56.0853861052213,39.967722829346116
163.20552855352247,77.54396054430143,56.01125253747532,39.8956553516495
163.21356225293704,77.53906476580849,55.927874417964034,39.72073695735382
164.47118789206954,77.94599037085078,56.21479150899226,39.669276480034455
164.53818266911424,77.87455700104701,56.12825984735057,39.736379666261016
164.89835762805444,77.85930324404792,56.3294665214578,39.551618866374476
164.78953675349086,77.38546242366075,56.53440651147007,39.58337828262718
164.69359970990394,76.89842519896177,56.71354825489573,39.63932507604214
165.13570201653383,76.88915516689148,56.90888758980945,39.617036595536234
164.54131996564936,76.4646898899098,57.13632628455019,39.761448056462946
165.09047412678862,76.1742055580642,57.04622051506709,40.13772304511295
165.94813083272933,75.82878844789113,57.19570898688319,40.24033321207621
165.16582424831878,74.82361131999728,57.54580980752924,40.64294766168868
166.5189308422439,75.0329749720633,57.9379683638349,40.701638035197576
166.19089421788,75.021645406119,57.90572836678942,41.08117118599371
164.7907181653137,74.27946528904968,58.0489459389935,41.363034414669684
165.9637638067736,74.4259435792971,58.619336389395826,41.307843235776666
164.05704610288618,75.91859221537183,58.98728262900356,41.84667511592518
164.72168786734127,77.8078724745427,59.269912661914375,42.18552287318768
164.13416152478845,78.13449115425254,58.94733951923071,42.099950196633145
164.0459441556445,77.84816103646006,59.06732366330201,42.145211488317045
163.4477270132682,78.18513548073844,58.769641999377555,42.03759684734939
163.6530865367628,80.889740810535,59.01530807611805,42.137355017864905
162.65029620890624,81.87109948769671,58.68887822424753,42.324388134656616
163.25471810532468,81.53790892591067,58.95712777037707,42.35380964585913
162.3276905881156,82.08097092083865,59.03799290248965,42.651868585995864
162.98961234385365,82.39795700865959,59.060108935195316,42.676250335105266
162.95256056855456,83.73695750037629,59.50466202879276,43.00879913537854
162.4415643432788,84.30105730108883,59.82176512225432,43.53597084228016
163.03455558856822,84.61364717523543,59.896159323493706,43.929350669067844
163.39047191597206,84.90285233134779,60.05528481811919,44.567758808724534
163.2346389610531,85.86994397497931,60.21204491700492,44.91888102149201
163.15435580668156,86.96203758301877,59.9222023498057,45.274769584374255
162.9041261879008,87.07158350826926,59.97353173769494,46.04823299453155
163.436555524252,87.50095778247415,59.98698403148428,46.599297850205026
163.48368287662578,88.79023893324802,59.68840676511499,46.84787564150703
163.30563400189885,89.49637118344373,59.532003751629404,47.062374484926636
163.25125471062597,90.65854998007215,59.34678674251565,47.10091595668749
163.8131689840966,91.7616737555592,59.496679652102074,47.50978404826098
163.29826408868772,92.33863855759677,59.50106400880731,47.74101155249275
164.14698855328768,93.53878697477919,59.65453778335035,47.9022326720006
164.87484511318286,94.57393009269506,59.79770674268444,47.876462999584376
164.699918236984,95.05172232867042,59.68000479334957,48.08549332427215
164.99843909570188,95.54720569545081,59.4886705246347,48.026915492421864
165.0717672498903,96.43982422354377,59.35760769192001,48.02802284522492
164.70859862189207,97.64425731189867,59.40818181772855,48.084819863171475
164.87625336494588,98.50123995578447,59.37944521594211,47.890879709486484
164.7248015684046,99.688812305255,59.40076564886273,47.823074440400774
165.3270292970327,100.12767181946921,59.70673349425691,47.859991249050445
164.84463449339336,101.10170414631656,59.597960360256025,47.77900978722738
165.03173659418633,102.30670967623352,59.56963547500003,47.88728376348049
165.16484991866324,103.6147231608946,59.63147600954078,48.16905747813356
165.7057725444584,104.58401361951603,60.07752751984468,48.32060641318563
165.13009670695413,105.11671719852318,60.41805372774353,48.496049226942574
164.9322138555168,105.787641741443,60.612894467859164,48.68077356067384
165.6627607104757,106.97760331868821,60.664325720366634,48.64010621596738
165.12139035433688,107.70898574005204,60.93064963262212,48.716377527986715
165.10586168035056,108.46825649477884,60.9151712241558,48.80136928650795
165.457566972186,109.94070413171995,60.810321390969435,49.13128146578125
165.31299041233333,110.71205564884221,60.993988050644646,49.15918323271471
164.8252028737446,112.07698221917748,61.1446182740395,49.50296376285107
164.15770592930244,113.15847008029434,61.457156828260366,49.81468396156157
164.00952987641355,114.161608691543,61.440145679967884,49.822199015446685
163.92573782106527,114.94397020831494,61.5415557976134,50.082783589553586
164.85150085302683,116.48884493637432,61.701168172868734,50.49083448362401
163.9049689968737,117.03454081185149,61.91355494807175,51.246082246639105
164.44951765002435,118.11713257466302,61.94693326585494,51.629916865623585
164.45497743252102,119.98781880233199,61.99674368505562,51.794602483329484
164.25012931838359,120.77482408875503,62.10870303016702,52.15824735939696
164.46016928449802,120.87944063393707,62.22823950390203,52.515535019555514
164.0198667194315,120.81898175014942,62.16074567649653,52.86480880579323
164.0522308471232,122.3375944381188,62.244434148894385,52.68189584974586
163.43169099273095,122.2520615896282,62.254662445859424,53.029543942757485
163.05938807009338,123.18639021914683,62.26817357315512,52.82966295744764
163.45284894844667,122.77836765408198,62.37756751030382,53.245731267823686
163.59189756035303,123.75290682851208,62.56182116163036,53.19219267955308
163.7149710203849,124.20912973974974,62.69144942977426,53.37332042732921
163.30363856017624,124.21750029071518,62.71286001812601,53.68667747755899
163.12263296387948,124.23378760237904,62.936059607530964,53.832231588462264
162.89685431310522,124.31761863871394,63.13604790621274,53.97016699990425
163.3716475796956,124.46796002030473,63.2015616137394,54.14315111327714
162.97394906475415,123.1179333322317,63.09221461457717,54.76828478880065
162.65702724614542,123.24697439913015,63.062172598775724,54.95427591483421
163.25969611862791,123.77811423074567,63.09677740446991,54.57501875068765
163.24433498825488,122.6190528986912,63.142049631186204,54.802211429750216
163.10997794814196,122.91977746161155,62.64645502038723,54.60142573936868
163.58978505602676,122.107298868808,62.543530972998354,54.616675450267195
163.3354823547661,121.46138380230741,62.20141889056868,54.5262836460888
163.4580558499781,119.72752498602527,62.08982150098425,53.93222177959914
163.1522013890692,118.65725250628878,61.57103725873955,53.577465254010455
163.64290031052357,117.85468158214047,61.17021786221909,52.73664348116755
163.85856466404044,115.61414201888223,60.99918141702423,51.974688244891055
164.04912592403107,113.38716862779415,60.71628306754902,51.1635021230145
164.14876917913134,112.94018185622049,60.01199703895399,50.53157685196046
164.15824192299243,110.9628737017043,59.46035011852692,50.01458023069502
165.33445515399245,110.77807187900598,59.11500230414036,49.60178851323763
165.80147146492538,109.14569232780106,58.79924025827472,49.36604479086416
165.75819130117006,108.11012000717238,58.67134805087137,49.08520302388787
165.7637785171251,107.78657005925945,58.604876490105106,48.94695170292066
165.91495571745716,107.09218648397876,58.347419533987214,48.877550346859735
166.4870242511886,106.66214096137679,58.1801100879843,48.68232732803779
166.37449345550246,105.77271427525476,58.27678063700482,48.63724805257678
165.36398351721647,105.2729090576504,58.54413864262042,48.633074665725886
164.35498817169844,104.54124160626864,58.46134503189867,48.51001704663115
163.8188956321219,104.0096984343746,58.41057204697243,48.31504317351557
163.17219544308034,103.53077257163115,58.06451651055821,48.22535792981759
163.6304114723106,103.06454524297317,57.58883078927299,48.45553743015874
163.98504878513575,102.78740092918761,56.87104232184469,48.69188629942907
163.2785863893659,101.24754355171879,56.39065799702087,48.84743890493739
165.21546954532897,99.64858905166213,55.39191600378977,49.119267439733946
166.45167003907775,98.49200125478086,54.96515167019238,49.34599937085305
166.53321686350722,97.77163883979915,54.78586166983506,49.36242817935501
167.85167243139685,97.11031708699014,54.27059288520633,49.45590195860126
169.2554468598475,95.69768882287576,54.1902421522369,49.79650239132524
169.02140387445647,93.81660854419664,54.02857429497027,50.000512657240634
169.66952671178808,93.02803318604789,54.03555151497561,50.11507196385489
169.57281347706783,92.507991922733,53.88156679891311,50.232985401167355
169.90569854797872,91.33664699264796,53.8755344228804,50.119866621811084
170.37153614565983,90.99859322829664,54.127769716600454,50.133774891709365
171.19947422465253,90.54660516796474,54.20318449508511,50.106883757639125
171.61685705460135,89.93893304609281,54.204736791635085,50.22911410215205
172.25140068557715,89.84467983965877,54.114051953542145,50.16880746701504
172.61104628417218,90.33328678624382,54.40286508069288,49.990024135864275
172.91646969308533,90.11934545781745,54.38739666176187,49.912618907051126
172.7092155668633,90.08877993833246,54.55915899319017,49.87980833943989
174.59244598353422,89.69581923452643,54.53946591917148,49.956954524750486
175.0313256248044,89.7599641413327,54.29368252583701,50.19141312541595
174.97585732123716,90.02264629070018,54.40271889324033,50.21402925442298
174.9330117044392,89.52645321254735,54.31606614258999,50.31680613348028
174.9064387478802,89.785985836243,54.300940180326506,50.350428352233536
174.6554008460725,89.96686043638029,54.220662690046225,50.37839807195141
175.86150533230506,89.2112746498106,54.19899121796256,50.42001843945572
176.18176015454696,89.16194624821465,54.23064356984335,50.4867957766206
175.32691189129872,89.41327881311135,54.48534136472662,50.386807407977564
175.03133689601336,89.09974242316295,54.564294039604476,50.44916206062369
175.65352422825154,89.46010179300725,54.7119785820907,50.34242975348741
175.64209751493087,89.15313572266598,54.887961899293174,50.48335901335828
175.1653930732519,89.2764892808516,55.16258331278718,50.28155771598583
175.4333126819427,89.35731465003798,55.28566676767727,50.29593415637741
175.05622861989727,89.61070367825752,55.698229586096474,50.342598816536835
174.53047873883716,89.86006302184948,55.36302526095933,50.465697300926564
174.76856137349924,89.62630374611149,55.43389073857197,50.52024411740196
174.7499053779452,90.16736172625886,55.41662764776535,50.35392294689832
174.0104303295683,90.31528916566441,55.31481941131304,50.397670806706074
174.20330298967951,90.59022742063586,55.43968008197726,50.47083765508913
173.4290410259505,90.75096217011037,55.137885577581,50.54618762845304
174.23272170500894,90.86253158800264,55.065370167683426,50.16232382495035
172.50544805334084,91.05699148234622,54.7423505612296,50.261562649706576
173.44295001699066,91.41209735896359,54.7288440361211,50.23083395254024
173.27256108600815,91.55737686684401,54.907940141708934,49.873487015887164
173.73006926073342,91.74087983414579,54.90337639655223,49.65709146860891
173.28774003331085,91.6397450960227,54.78429799779783,49.661521446335215
174.02915262165865,91.3365662829872,54.64690355287557,49.69476807472934
173.43233131826105,90.97357362455077,54.88089367620752,49.76460847459093
173.40796836139606,90.8533079734234,54.87279734958484,49.55240688600132
173.75282916328354,90.37479667266754,54.710130711305936,49.552960070894706
173.39277804418955,89.94616669076939,54.74227339768273,49.72748226699464
174.26643090528208,90.10287153863833,54.60954484968436,49.512620037356015
172.5967779134931,89.58306720993852,54.8505186665906,49.830850964386045
173.39837520365862,89.28841659415244,54.95081541640633,49.56565369036587
173.80230700904406,88.89370574144357,55.13101180319403,49.37822184630318
172.56323023618407,89.44886968455872,55.0717822693852,49.410545041158095
172.55542148554665,89.27610581862189,55.03642281253424,49.285588844112894
172.88640138667844,89.0313775935224,55.0907711867881,49.32090117409551
172.14629543282317,89.09335313831049,54.962842506691985,49.303312211286965
172.6859517446341,88.90901161136267,55.01796660964022,49.1905977556077
173.66215811798926,88.50399758285371,54.899562675834275,49.24293085298511
172.4639967505136,88.3971339288268,55.47657534170146,49.50315273066837
173.64405153441905,88.84065582189197,55.48443552524856,49.22197913182059
173.04855419013072,87.90281798200344,55.79171160401535,49.465080968595345
173.96334888091667,87.57168229785385,55.983820697327445,49.28483734513427
174.66865345740257,87.91427594912184,56.04069756825858,49.2826367788959
174.63448567662414,87.02057010667401,56.61766179621633,49.316518795937235
175.06244999307202,86.8506009739176,56.876949180089966,49.68656382201154
175.30339639348807,87.52282859767041,56.92712874454182,49.729521599408265
175.21709385273678,86.59737366239236,57.230993550542216,50.10169673829019
175.0528675714112,86.44359506201626,57.44291605987583,50.19652573669939
175.9263344266995,87.2267707697172,57.35090090074428,49.965036434296444
175.0123964116088,87.27742200135093,57.83100051796181,50.142970168500625
175.81565546151023,87.20980481115924,57.91156661615695,50.19350329392013
175.67668592291207,87.96215842500709,58.190028354201516,49.89065363305791
175.83175893498822,87.62165522541738,58.27634104524964,49.83432220455484
176.70242212671815,87.76076728232957,57.98703566455922,49.62696610601979
177.14092542608384,88.71085599390985,58.11294981263116,49.398965163152496
176.7248535994716,88.93226971380497,58.25678010087299,49.13817869786003
176.84833546266086,88.00922312995895,58.86073329658696,49.22902570313752
177.2812673717794,88.07005318432553,58.91052670062082,49.490132109420934
176.73917646197583,87.9134033224427,59.26487485771806,49.87683092246337
177.01286093281732,88.02550355549579,59.47014884558905,49.973488517670845
176.6535488368377,88.2244492160543,59.6868912593081,49.651940986250516
176.30063534248853,88.76682515947766,60.04304011904869,49.77327835759775
175.47877607351248,89.03278499314624,60.32667173912358,49.72046961665029
174.89064154935932,89.6733865099091,60.37527073776252,49.1514712778725
174.34943691049472,89.33428244132602,60.784228234218844,48.84639970999105
174.32814454103763,89.81232222057344,60.89569330762953,49.15824827497033
173.99712309245822,90.92555835014657,60.97811381690228,48.905622332161634
173.83591240376697,90.56201249311914,61.16010443092096,48.82069660542062
173.904451812253,91.25292000360628,61.218185108825736,48.9561963761257
173.63915409329752,91.08333678256487,61.33823731358052,48.75713424679358
174.2754930277663,91.85448649848077,61.47751945040319,48.776664381917364
174.1655584624486,92.06790436787988,61.43826296091184,48.69669760516862
173.9106310955728,91.77898617443012,61.581504038381006,48.87925440575299
173.86763074441194,92.11607639669863,61.681666162620076,48.73697216172789
173.92916307652862,92.29821239475154,61.87482154347645,48.7878674675153
175.14304071490866,92.04801832977215,61.53935428398934,48.9168485058565
175.57823938015878,91.21951405977357,61.809733826124,49.1495013005381
175.80935958472227,91.68997005935768,61.726087815495546,49.06104974534345
176.13217079259124,90.49437780365555,61.78244187785741,49.397971857074225
176.65943683658148,90.73634836413677,61.77457009394648,49.68123603405873
176.605346872976,89.9394671519184,61.76654928350223,49.80549422132047
177.15939018242585,89.91382545597438,61.730798623083395,50.13544089083457
177.15452651583976,90.2399235594608,61.5766290975634,50.237121548771825
177.9877366955532,89.81590476468043,61.714978850174184,50.18978996623633
178.1734412691947,89.95998785876613,61.86545336940654,50.27414514871426
178.38496952705356,89.84709000131659,62.069067273858664,50.33676326907084
179.02877733367768,89.49892136427785,62.00226827285408,50.61813038361768
179.2187749784962,88.49856483490339,61.70560824873424,51.16389525549221
179.36887099898337,87.75502795653344,61.77132256552511,51.556324942560494
179.89828754396234,87.32481618753184,61.757000436146114,51.8313743636661
180.42465106045404,87.66468670986347,61.577730536932705,51.858130094153125
180.19802394288044,87.55879995537327,61.4575750359234,51.86115463667805
180.60447487473732,88.38923355904222,61.48507184145248,51.66541597033291
181.14990157764433,88.35378568245686,61.718822112434445,51.65410542956308
181.2069865142678,88.56727368057996,61.71405274252487,51.5946759618947
181.44078754373376,89.37641037138425,61.740046671151326,51.17750388338668
181.83973288941232,89.30709126737989,61.79196878544684,51.3627771007438
181.84563260750772,88.76796625457408,61.825096551421176,51.40337368015793
182.13996672821472,89.17141657128629,61.72691850814253,51.48070699830211
182.43830007556227,88.65307133189903,61.823249924695475,51.66211058084784
182.58884261399626,89.0514464463873,61.69987265405704,51.505130263637355
183.0796716809151,89.42499797252887,61.99161101222374,51.32469423167509
182.88278966320053,89.78416922304274,62.168437222569224,51.23604416591196
182.87377687312352,90.18190878134216,62.17404681155846,51.21091741289954
183.40599662720794,90.15671696368767,62.25720354343328,51.18414646397953
183.81251514989134,90.4363929412566,61.98338122832922,51.19824090185466
183.62993334394912,90.84841302035494,62.20657857179347,51.08309696338835
183.51076518398133,91.27476448770426,62.34732155443157,51.0622210731767
183.50864933275477,91.12082523517162,62.73747747696986,50.647628817896546
183.71277279703446,91.42710298583174,62.8381426945019,50.780456221582696
183.95170197308585,91.26666458234251,62.652686580052915,51.010116941219856
184.06296688435495,91.09983498006707,62.709703882615756,51.223071666255194
184.59542482833135,90.9848308463115,62.51239904526874,51.485587282572006
185.02961089766674,90.95799916096337,62.62043693791662,51.39693398404255
185.37446734660574,91.317443939979,62.82667733765365,51.090934562253224
185.4876903744241,91.76811766300918,62.93065591861938,50.94730883831887
185.6585242460469,91.62512474413828,63.013973762970636,50.69190497231005
185.11427640058204,91.8517130433026,63.03937817582418,50.76574394080728
185.36647969123476,91.55021919678563,63.11455136508383,50.53997464579264
185.98110445991745,92.45828567448325,62.90575408868947,50.13096966681498
185.9191530229229,92.0718605817748,63.17574350647701,50.2546301416148
184.98374401602928,92.54919346650428,63.31412283675443,50.302623812196416
185.6496637872176,92.36515757061818,63.21504730003882,50.43364295470906
185.39822088233072,91.9511993740034,63.29233201485141,50.583364229034515
185.0796858182079,92.01486862164973,63.36957570943843,50.532853125723946
185.66974157318697,92.2029846879452,63.30905841582708,50.564322932477374
185.37175567697068,92.032465260263,63.3710215264855,50.63962923126029
185.35944062191203,92.77277277495291,63.186069874050524,50.5576122767935
185.9235595054663,91.47162885986285,63.35356186329729,50.69298330742835
185.07543160578226,91.6806033163603,63.31140468640042,50.567827340533654
186.0098926533065,92.27840594703193,63.116224051198394,50.63858677283208
185.91594989047192,92.52866447238787,63.29683751870101,50.45666963166417
185.8954603859168,92.51939271971602,63.235338969854084,50.48614678021484
185.83434173322507,92.60172720868286,63.3769596330753,50.3711005018995
185.33046802035201,92.83607235020493,63.547519470606595,50.34535394086501
184.96607586074202,91.82403595979429,63.94324987313384,50.56446277534381
185.8928313564113,91.67012239692745,63.94482651969657,50.55284703284477
186.27622672301473,92.15584319819682,63.61052914534021,50.569315581787656
186.10256697007006,92.41921276003552,63.66385586362998,50.498364385022555
186.02470656333398,91.94885679173034,63.75983542220621,50.398827689201916
185.78766166440514,91.76763923854853,63.76096081405042,50.51649234318535
185.49915695092486,91.31539265332093,63.893541975916186,50.73656451077571
186.19603662387993,91.21241324645173,63.794366189042286,50.83444115670986
185.8204313513888,90.66129391574913,63.89390997357992,51.12428418584808
186.0905610708373,91.03113363547655,63.6777887588078,51.19190966515924
186.87496187168296,91.03469526157514,63.81019467569412,51.235590137638454
186.06678378856688,90.4404449780338,63.96203587114684,51.38561161498418
186.24191321911175,91.31093540657383,63.94700241336598,51.485675303077755
186.91601224213687,91.17107696410321,64.07046271635288,51.5361018218462
187.62723675976565,91.655895401734,64.27179226271463,51.619538352804106
187.82233127437019,91.66883509681102,64.57831906526215,51.47743287066912
188.50428745754562,92.33010412096996,64.40490838882212,51.33880364250355
188.45020791945188,92.67451672407302,64.38162141639225,51.075744993752494
187.892308040079,92.69294285792843,64.40392783273839,50.97691795844614
187.83444464254518,92.61988127721388,64.57251745081555,50.81803106934004
187.45909217614934,92.32038257427362,64.4059392658361,50.919869649823056
186.56453374465156,91.54046373799144,64.08020989927844,51.00263377216312
185.77610654064108,90.63097221303676,63.850764501658176,51.388660603353
185.58090985877539,90.59065190817898,63.42069140659212,51.502340112371016
184.6294652868806,90.07530631011849,63.21279554290493,51.67792382224398
183.73891875775584,90.40453622946065,63.083942278713344,51.699466970944485
183.1839382265918,90.16675626335504,62.84152902577955,51.581843504908925
182.4022508570639,90.42670769870148,62.66996764670944,51.429381245340096
181.69928181750322,90.6209188195437,62.387393877381115,51.53600657293053
181.936070075877,90.48405495572482,62.16474206709253,51.4982536890056
181.0994976281806,90.14957779700268,61.857362780165765,51.45870666749113
180.85003121838082,90.98710982620747,61.95623396260214,51.187319357357296
180.57056449020573,91.51755844810296,61.91360265397583,50.50754652061931
179.92457707038562,92.07434080690011,61.70912003607363,50.169985819424404
179.71246584885716,91.91262822892556,61.95360579039743,50.17091894213032
179.1631937825625,91.66519646384357,61.38209334148955,50.25614213029716
178.79831906007092,92.05500854412642,61.577453827064915,50.17938541806137
178.49899579123132,91.58243703372027,61.574799707948586,50.33473238451044
177.96274636522864,92.15382993916717,61.67656301002721,50.37307734048521
177.86984161302487,92.70552102039926,61.51593491119952,50.075421169746946
177.7641227556399,92.59792784203535,61.49313882937294,49.95066665070611
177.40295260437728,91.52004217372243,61.48735642071654,50.29607135677776
177.3643439612842,92.7002518297215,61.55395612477524,49.9786873135632
177.1941593766461,93.06459674805977,61.2231198330262,49.759373764346975
177.29218743823657,92.87968953584621,61.19805493687599,49.75771952555844
177.77218872225595,92.80676382827149,61.261240244584954,49.95407520047305
177.92097492403119,92.82823765094747,61.26453873642022,49.846216562141095
177.55863970437073,92.48115635812474,61.10037761989776,49.998517852086465
177.8107231622362,93.38688960550718,61.07418732436413,49.65655380635724
177.7738090516067,92.81968553491262,61.39217890979512,49.813171711073274
178.62213615950117,93.09306084489413,61.46655178217142,49.81842507079319
179.03178344747437,93.1579431426667,61.27933287360631,50.143459531301204
178.80580253869084,93.45215065309277,61.18378984889205,50.075884857262245
179.98772556188027,93.62417097307619,61.146858112968516,50.068971485609765
179.8142379327036,92.82703471149685,61.2674530082151,50.272189259279614
181.02664235070614,93.75173167062559,61.489698129195546,50.04324297667278
181.96354005952224,93.97108915489909,61.70687728088396,50.08974006595467
182.1748395551002,93.14307994945732,62.16189898674958,50.181045952424164
182.82767412532405,94.25522162274704,61.94756716949065,50.13344317072509
182.92062452889098,94.40316617058909,61.702751745652776,50.120206929960446
183.4566763762084,94.00174768436916,61.93584576677719,50.296458299639966
184.39033306526179,94.1083649982709,61.972951691610845,50.30109821371521
184.94966474886718,94.3522798886055,61.98666857151612,50.412366996240266
184.8731275681554,94.06421178898182,62.34949646117702,50.40459857150233
185.62222035071323,94.19529787199407,62.34970741190763,50.271510843563384
187.31635065005966,94.12302688698124,62.37540917741154,50.105150516092266
187.67427565623603,93.8520541712914,62.815979634342845,50.19503784081111
188.52793845889937,93.4734352342667,63.03231704915015,50.49898569940143
189.07297465848984,93.5000756321363,63.1147140274869,50.788967903912095
190.19572543188968,93.65941298408002,63.32286462416559,51.1608279705134
191.2325594634895,93.1685280525421,63.711612732993586,51.21334818930976
191.8954102214495,92.8925371329706,64.14256583724416,51.49816818229188
193.24987585622907,92.85649228282847,64.2124677185487,51.27912668416991
193.36375461300705,92.54751922702275,64.39547504821819,51.33856869116708
195.00561655841614,91.53753343532293,64.60151584779918,51.65425715631876
196.16296618818683,91.98688957363933,64.71154021344094,51.54969594741969
196.29491093014227,91.91482854279829,64.85946780335205,51.32267308851425
196.9766146065914,91.70157877420763,64.87266107358457,51.20178961530813
198.05240114936603,92.06167420371716,65.00641160787784,51.17035850045643
197.99903593975648,92.29612402231278,64.9138168679049,50.966014466530936
198.16461497469396,92.56301872116767,64.95275539212517,50.985990902199
198.19383511988974,92.10500283857115,65.00479707919638,51.04158134029701
197.94630599473814,92.65519046847018,64.74972962330371,50.898218257012616
197.60094207840086,91.92366045824834,64.75884871946326,51.32121370416835
197.09774713754695,92.4081094767104,64.30063875337746,51.381148579689295
195.52383474641044,91.93174029284387,64.12943849597761,51.86281069734605
194.2979724256427,92.02375540568588,63.98891541298003,52.03474048314429
193.68917703005386,91.94000427572304,63.723443221598515,52.233224265123425
191.96237902634854,91.62596216838105,63.39181789073706,52.273187125227466
190.8579485679777,91.91269604923369,63.193510419112016,52.27186542160477
189.4800779270198,91.43485866785338,62.83959393659305,51.9087371123897
188.53994529655162,91.86454823690383,62.65933664122445,51.53255634879859
187.2589215917559,91.84571198507689,62.476945164173436,51.07776359480785
185.93684937832762,91.61313622668376,62.2853566541709,50.86789411883821
185.28523310147153,92.08801243592319,61.926656024212996,50.51458815488435
184.60719415170342,92.33480201985414,61.68832529242443,50.32528148968319
183.79500176279555,91.84648572926069,61.266324305164545,50.52283356073062
182.7314720369964,90.45988909796702,61.42789985287796,50.62135064343211
182.93876901539835,90.73225307178632,61.20367764785933,50.408040196766265
182.24149186256332,91.25484855796846,61.22073249235534,50.35178171475079
182.52055930698458,90.7942852596808,61.19993019790749,50.23552511258798
182.02176247836871,90.5740184717083,61.047794007231204,50.29925341285436
181.80160239780434,90.75902170588961,60.86107962341522,50.02946047217118
181.93475144653044,91.19816230634983,60.956482746236986,49.999404328375846
182.42835016753625,91.38001243821503,60.858322376883905,49.90266033438649
181.77482485408044,91.02626310483839,60.91298393042364,49.75752421358028
180.87608596951,91.45296600800772,60.86103101928957,49.56526951836756
180.40804773222908,90.85527522686905,61.11456731555246,49.63456711057502
179.80616104595174,90.02578527059792,61.06311300313244,49.79618119078847
179.05628588898622,88.29570459070247,60.98093315654103,50.679469963375396
178.5776584096745,86.70086519705254,60.92039565186183,51.390208979023036
178.2726389153338,84.74334662176877,60.99527493347384,52.23533131178053
177.8334903901144,82.5413658594671,61.04958426151579,52.691787362293255
177.5142151522099,81.75369774958399,61.12894529850488,52.89261007517015
177.5109898305035,80.69224167242548,61.408064750616376,52.719907271677734
177.58953274382557,81.2436772927845,61.32726329528866,51.98468433446847
177.52960632556264,79.91876846285292,61.38603014770372,52.17877990074944
176.99627930305485,79.23138842966465,61.31392970568162,51.991158222741234
176.97323939744683,80.11807162453383,61.130009274306786,51.60735384376797
176.97531923589392,81.54171079553919,61.28634036358022,50.67334096844729
177.12228196080096,79.93574030374242,61.35363017737126,50.88316551031414
176.90125634710668,80.53165852911701,61.25277881591552,50.73246150966874
176.97479777265858,78.37975072553363,61.14813164812173,51.424002231657894
177.35420373780372,78.44697600147668,61.19898444408882,50.91680393068158
177.7222826586639,77.2114606618832,61.033517472653514,51.34822660815955
177.86366758460971,77.68755261758623,60.87816567689226,51.07656400612925
177.78420554619893,78.04019449611135,60.96146008726619,50.73384818049267
177.2541520441968,77.70052281777237,61.30628596238711,50.2565926115801
178.0636976853569,78.90173830805209,61.17784545311525,49.320354114922644
177.72583380337943,77.95554721986433,61.530373080647124,49.19953910768916
177.55423670578162,78.2222007485179,61.62008859976201,49.10631850453508
177.29922797645716,78.65786921177587,61.6910114851516,49.09841768088627
177.03314232770757,77.70385854529064,61.88467119646153,49.504211349862885
177.13580824926117,79.0163093756375,61.53055677226338,49.639558588628994
177.01977299278877,79.30945420783975,61.42274035164306,50.060863509643205
177.67280717259538,81.04198859959536,61.24696047374216,49.92330699038369
177.74830309117255,81.59197604363418,61.29506802828667,50.472734363086396
177.2494360809071,82.56638497418707,61.5988676082048,50.89545371053774
176.57937290211447,81.96528205518176,62.000479733154535,51.86997199597707
176.94913185327877,83.68793115193635,62.24226188680662,52.142076737495955
176.4709678814802,84.02469828827078,62.333023815160246,52.925934918974434
176.10122984494282,86.17745415892084,62.52434213667477,53.10040555377296
175.71887231238452,88.73373905606084,62.811293161559675,52.67695080694778
174.98830223351848,90.72704313382906,63.03042558690036,51.893189416929545
175.14639458398102,93.51663915771283,63.0799357068562,51.05443678414001
174.40124938143828,95.01938224593448,62.95825556808029,50.86224549523945
174.65924462634916,96.75408736345038,63.07646255178452,50.72528946476697
173.84766285199115,97.99452050792996,62.7071492795548,50.66347529983125
174.10270550059585,99.92523344901448,63.13220065818004,50.51428892152269
173.81020645346928,101.33212130253256,62.90497037079942,50.32836350859968
173.85621511965806,103.48109244416615,63.031774727908385,50.314913718008285
173.1510250799699,104.58559694933271,63.14783470077832,50.30830229259034
171.98007134974497,106.1211362491319,63.143859507038144,50.73784691915772
172.066478861797,108.68113169922005,63.00486795445043,51.02688121124217
170.98197457257106,111.19187528366894,63.217738637318234,51.49068933805971
170.94820114811188,113.64517165372972,63.31979077900982,51.72118680408439
169.8128872804715,115.01444664374606,63.43763345150069,51.924288883606785
168.926560464472,117.15689060032044,63.745192993991594,52.20645810317896
168.46927423900206,118.91937060991651,63.87165334099248,52.48821214190917
168.5270794381026,119.82058391746469,64.0726094398789,52.702261204303056
167.26436804578145,120.58845814625056,64.19969128404568,52.96582366935401
166.26591465305324,121.36086611680794,64.47788955433488,53.14303491081828
164.88217831124047,121.85058786225794,64.49630470660358,53.53936687634681
163.87931459638742,121.50228493522752,64.40036377846059,53.716722039470596
163.0455961354788,121.6758451552834,64.40905421933604,53.6949556688302
162.87667297521975,120.59102352642878,64.38629106805621,53.33078330420973
161.5514779417642,120.81872326190538,64.11032768037744,52.92219341343359
160.9941681989423,120.79619348417926,64.08335061031141,52.637223898508495
160.1517538288069,120.14242567190152,63.9302201802407,52.21936968484527
159.84105752119467,120.14226595658332,63.71389180528419,51.73280556459936
159.11613587909522,119.13511994020125,63.5809475757502,51.359100685360914
159.2498677732783,118.91577055437368,63.706529779043166,51.07526861518866
158.15744740896406,118.28803955132827,63.66915390153159,50.97891003316761
158.9382758956025,117.91457418155218,64.0370233765045,50.73589184436362
158.72432966404045,116.60740878422072,64.10986572285115,50.63481192964541
158.76644467511147,116.60014689409957,63.899376120454605,50.9770747400105
159.81129828589894,116.50429810324333,63.80272507697261,51.55261109449671
160.2486207650415,117.80093057517178,62.93678990142202,52.207870578053765
161.0034930197487,118.31156379036764,62.5532633533189,52.895585661639075
161.57388371065872,117.9881122811712,62.10484672379155,53.297481075671385
160.88244872040312,115.08028008070212,61.991052895480095,53.577970629960355
159.07128966511218,112.22322613437672,62.0081726227307,53.75496914761116
156.2732070771733,108.39631983111066,62.21629534865721,53.50544379866844
153.09440226492043,107.10259024560202,62.56068513978896,52.796828102437175
150.90453298335763,106.97656873527792,62.74948046179518,52.13042672802007
149.92275332911728,107.69268075370411,62.84800590530092,51.63878961572062
149.33427397044014,109.47175229607441,63.42695610920458,51.712655798787004
149.82826584072066,111.21937407283717,63.86398233454016,51.832416784751246
150.74981929956252,111.78771470393454,64.18996330366674,51.85139269475956
152.1407086208131,112.69015744030153,64.01531185080182,52.18843970951337
153.54627937679751,113.71774732001964,63.95439421387873,52.649691520130276
154.86912215290292,114.21508748032358,63.55108713494978,53.18844988207856
155.35334427766503,114.69222145460985,63.3076823675423,53.70279078970717
156.14173724982572,113.5122672103951,62.681555221438664,54.00123306109565
155.5240502324767,111.27712835239875,62.613164436037835,54.14270008525486
154.83271700738575,108.7813240274229,62.466585628842076,54.09105245240018
153.48083336661915,106.37228779164681,62.277640078878115,53.95266683221649
151.9827851044072,104.52166503702378,62.70118368391418,53.69253519760268
150.99447637798562,103.11221421781968,63.297017459656225,53.12572087455459
150.1895251066535,102.61228564321254,63.634043024399915,52.567455746509054
149.49707809551597,102.12090132075454,64.33669429555346,52.0985752024297
148.3177679881094,101.49543107534701,64.53141818811623,52.092328684387006
147.67851688914885,101.02932703799627,64.64226646777101,52.29141715211675
148.042235550087,100.81312937666709,64.32657108806198,52.45501704411487
147.41360248459506,100.7331978008564,64.12797410087418,53.02910806882318
148.008125390849,101.12133953118752,63.83576886072352,53.4812508261938
146.8662297865327,100.11289507592855,63.64296276024359,53.895064351618046
146.422354959767,98.56311771259433,63.65449993609093,54.21534771407443
145.18242888693524,97.42947876607971,64.03983580444122,54.351516369432765
144.1330366727554,95.65337462669339,64.35175225661229,54.17689106628097
143.20858834548542,94.48036677958946,65.36027682558093,53.644891719137526
142.9057657753529,94.0757724707623,66.10626321793451,53.2691512043303
142.9545930720381,93.19335960156245,67.18867056094254,53.22150364561085
143.25273852892286,92.97958335088546,67.20890040961658,53.5720674573634
144.37440558523366,93.74002015708199,67.94379057449132,53.33225692480434
144.20007685257082,95.13691781673042,68.67855128245276,53.044873873192415
143.3839018322077,95.49912761559412,68.98289147935269,53.05889806733133
143.30876710811467,95.44250561592946,69.1028145935582,53.22767687276314
143.07624490713812,94.97446575341368,69.20494347961166,53.22436105088155
142.3748789639786,93.94911542555523,69.22733467054951,53.210177043970276
141.12150724846913,92.48741949223877,69.73555522387531,53.37737384224383
139.45085623846563,90.91213802004675,70.05169955383408,53.65250715634833
138.29628035108033,90.22859834331466,70.32138613962454,53.30579943095509
137.739056123549,89.56513063374064,70.55378735872145,52.910113409215676
137.92724862343994,89.15333791898665,70.80183533995385,52.7296563325057
138.67360025102175,89.30565022441701,71.13544319624046,52.77582368259965
138.81805784874558,91.38801673040791,71.28045646067548,52.973699580224775
139.5067086240056,93.38158072256032,71.22645813281171,53.1238067605623
139.07866520488807,95.38029014275205,71.01923923545873,53.33732780436465
138.50674610018075,96.73541965051008,71.06482419475131,53.58537343247954
138.81375907525398,97.06694433640885,71.03470239175293,53.70702868628854
139.66518905935152,97.35818773762887,70.71119928467236,53.8736046008094
139.1667683469153,97.12340968482347,70.66944932465715,54.0919156249955
138.78878928152906,97.02540284331673,70.5753337602468,54.23973600600346
137.77956471235143,96.37745084694092,70.39224409740882,53.95546269162615
137.43183226732435,94.65796285437423,70.50317958759115,54.00036733619862
135.576985459373,92.31266247976276,70.77869485113793,54.08568577875041
136.19563730366008,92.5108043769481,70.81219854800835,53.72765016199752
135.67274273391428,93.6056779305838,71.21365217915343,53.40143321372271
137.269228143111,93.91741101689348,70.99096725324654,53.50767970618439
138.53695183043183,94.54479516421091,71.1280037996559,53.657044850613545
140.55478323695465,95.82841032963218,71.29946760404192,53.76730093944874
142.9495944889002,96.18839045571124,71.73603757451605,53.935132380501216
144.10143645085228,96.95400188528194,71.35788420347598,54.2781750729269
144.36928879109882,97.29162851812146,70.94504886554842,54.58394744344399
143.20282195438776,97.69514874388568,70.95367414358479,54.665404344515636
141.6633302275651,97.03967459118067,71.15440342204398,54.179470497368285
139.6692600988564,96.50101540179487,71.59181130527008,53.83881237753607
138.26889046869752,95.9692794875596,71.62957010446725,53.44368761882552
135.28081902011678,96.02624930378485,71.61857425345977,53.15860724109287
132.581420990173,96.92281446628002,71.79659852379655,53.21064932134544
130.74311092701154,98.42192778376358,72.61194297720687,53.45672734336074
128.64325910328597,100.02847098063906,73.36029498204937,54.079570104959515
129.01707673182275,101.99458482726419,73.42806867005943,54.120184866619525
129.9789379816388,103.45342445243176,73.14336947441289,53.855063943005575
131.27094275534847,104.07957863492157,73.28360976677627,53.89516607092297
131.5593248516007,104.29651961129197,73.66397183407562,53.81648047495557
131.27642510767564,104.41724204217863,73.72240383020363,53.64316010862895
129.5448535966816,104.67511160384606,73.70321319206599,53.64212002713749
129.54760327870474,104.32596744688712,73.65051778995232,53.546586231356116
131.58169286280736,103.02587169548477,73.48260073913296,53.48888598382514
132.8327286367017,101.82925134114723,73.79070580229097,53.89824545737751
134.69438362802612,101.4310425818082,73.4624010457774,54.188405740051714
136.50573973237596,101.24983892365368,73.06076961710701,54.54789674218724
138.17509726407465,101.23122683087114,73.00409634181081,54.8117476070536
140.22878475049725,101.08170458300927,73.02036810511058,55.03543789174494
142.1122590861173,100.57957104804319,73.16761878613494,55.078685624499826
143.8825960119117,100.43716672072827,73.02113453072226,55.1849122664763
146.0339599753509,100.20226272224195,72.59161035826892,55.26229547139765
144.39309245049975,100.1429292934151,72.43996504259952,55.19969086541877
142.51555564044935,99.47839492468603,72.55952488019908,55.214663748117694
139.10951876972754,98.71690347246337,72.5884994471432,55.24567790160933
135.91358074206772,99.42682649445885,72.83847067153025,55.19293543427851
133.46486232790184,100.51545234493543,73.39418119676138,55.20197662005937
132.06738979566063,102.88854918197936,73.7448234639263,55.30100351176743
132.8265679396062,105.12893285895055,74.14970867212128,55.56520171110874
133.33050178812954,106.48688016002984,74.48460237243636,55.865876723360536
131.31409584261394,107.66944547075204,74.78947871087051,55.65540441948208
130.1602979505375,108.22794572496818,75.41670535630573,55.79831079905789
129.04122136422018,108.4592182687676,75.58596700367183,55.747811011465934
127.21311491872478,109.62823255550789,75.55425097963881,55.75731757134715
126.08704705417327,109.5215744601725,75.5866355891282,55.77555003954576
124.95186571089319,110.52576070225001,75.93067831890889,56.02286550743236
125.71535285972483,110.1794005755562,75.94888195779956,55.83958124374158
125.43502773668233,109.0019705071568,76.40278438291116,55.77807623390342
125.0472504786384,108.53764100126376,76.69462875900916,55.72432529161844
124.78882091242068,108.26326596386657,77.0460904262156,55.740451240932174
122.80693548657818,106.2738689089708,77.59671525891864,56.01168528831526
120.47005395473117,105.09582419432336,78.02100999604406,56.21363305310515
119.08460992768156,102.43634142435829,77.92623642904954,56.4794899008661
115.9205849194239,99.13806595995933,77.98790804285488,57.03224333668307
112.58335687400985,96.73687314237176,78.08461058982923,57.64508000258938
108.73965555225297,94.55414044019875,77.74707464996897,57.890400562880245
104.83615962152187,93.12940416136873,77.45814976338428,57.89040322040907
100.32936971522287,92.17787649326941,76.9190419310238,57.8461415524039
97.48845735604564,90.91856367699432,76.99229035161824,57.63842712948838
95.61463071914837,91.06621679276017,76.79859554954609,57.31859544741411
94.66628725074648,89.65471053708357,76.70548441734962,57.29140325257529
94.70814181670025,89.1386028447624,76.6047782256349,57.077157007350095
94.09315942389463,89.61058587222279,76.65393434787791,56.79060991872266
94.0161672365575,89.3957823760827,77.1845272134961,56.75255949394386
91.70667253531121,89.62838178624249,77.842944850089,56.669458960968285
89.47731707412166,89.42483978130045,77.97193432166246,56.649520096497035
89.56656307838257,88.72440045097568,78.21343705481885,56.72800319402096
89.7077856380608,88.6591112868527,78.37514700266783,56.730511674444735
90.11231752803367,88.22039291022482,78.57980659613517,57.01517022182893
90.22595897174722,88.37043412873942,78.95034124887684,57.10288451460279
90.10500703433632,89.60867209586308,79.04635856838455,57.23511338572963
89.49700827704739,89.89506790662512,79.26428673701136,57.438345867370245
89.24556124511004,90.03361906299102,79.15093386218061,57.545092668818015
88.94174834813407,89.74476551482314,79.27598400114901,57.72069568543042
86.77037007613062,89.24001915288463,79.3977947100424,57.66392258785056
83.88611444060189,88.67149294267509,78.95352979701782,57.86454276587614
80.73839654297107,88.99341618015187,78.46023544777873,57.69418155212444
77.50829250629349,88.29662393536512,77.72450445710801,57.56458579534479
73.93722246278078,87.44869147143038,76.6950403876393,57.61918986086381
70.83146609153172,87.43749465146959,75.88830314158152,57.35935994831994
69.13134927750836,87.01459839751763,75.79018376517266,57.08291107839335
70.59534400454956,88.23761693179128,75.79968405909136,56.5687376754268
73.5939087666311,88.8366056694991,75.83154098893829,56.5455406880254
79.00936819373837,90.76891884467152,76.1140693240548,56.32562201742908
88.07769317148785,92.61698188874793,77.06824158840449,56.053695987259665
93.70663236024868,95.51985012528002,78.30840627118556,56.54410447650628
97.4132415598009,97.44729820751542,78.49857570472273,57.19343261242001
96.87591025824847,96.8852479269852,79.60032804890857,58.156590708413525
94.47345481860538,96.93508641811127,80.77175933301045,58.64561831219042
91.17740419055,96.61419081714712,80.78153656110604,58.715695589710776
89.53342223722076,95.39380867870572,80.77995636223474,58.97665411097833
91.06236909906943,94.70104988289579,80.5827255757017,58.82362394831049
91.91589311738862,94.58284639023245,80.46824057216728,58.64528995396568
92.87822855618965,95.01063584295987,80.71042121510354,58.680240502265264
96.36146197980794,95.86721337272549,80.18107957386061,58.86346229095486
99.02306998815942,96.06410587000558,80.02243150454535,59.1057814629024
102.27161804485932,96.619832787075,79.5086499053057,59.129412138613105
104.58126895640908,97.02616737043984,79.40635590996497,59.302297845826764
107.84119228665102,96.96367946803312,79.38577062872304,59.60885054337377
111.55738586883248,96.69701496648966,79.68955327942359,60.12973343818653
114.51469593496917,96.63456150833055,80.23236589403743,60.73645065604702
118.72255801237446,97.41347143119347,80.73378842196611,60.692564588130324
123.09813308912871,99.5711748449801,81.10385027407283,60.311796976026415
125.73232074780529,100.17498285486866,82.13221787282686,60.1290594581414
126.96030521951319,100.36806084144196,82.56277575245488,60.14051009624663
127.81686086997561,100.21792402046565,82.5481306332851,60.059071927372
128.66643925331036,100.03264848516719,82.4689063989261,59.93401290985896
129.73042990108368,99.12156101553111,82.49698341484185,59.98942797669457
132.12107250300886,98.6728910440591,82.23255917290557,59.99047421989722
136.65095057098208,96.85257164842332,82.56036483505481,60.813616711425155
142.39128206064777,96.29202295227219,83.0275854616805,61.05833509066588
149.83367272791497,95.89194295115195,83.4794454387916,61.06037989906251
153.53237416059073,96.28335765654526,83.94157922123665,61.2174375946945
157.5469213414628,96.38789624584227,84.1068532219193,61.32932812015818
161.17224630318418,96.8292010575833,84.4696810053857,61.691544336672465
165.64155952913003,97.11564845590857,84.60114294002966,62.0651018000393
169.68424002368047,98.43654838069827,85.04229886529646,62.22631098366305
173.65195934269008,99.16390268219362,85.83832842796082,62.20223974029149
178.3374178345867,100.46414543949084,86.67604868171648,62.37432578941777
182.4298532131619,101.85638402679045,87.67901933997132,62.53121838677592
186.63671516028083,102.65970754655987,88.46895927172221,62.78344566822095
189.80542306826908,102.99614211551287,89.08603221001817,63.09430577359346
193.69842155312105,102.84129124930628,89.48207259382986,63.42324736938744
197.0905366166287,102.56996903197377,90.41992794273617,63.661548461271394
200.0428615630479,101.69319659827582,91.51449222226105,64.00553503246367
203.26211198072053,101.08841966127021,92.19676660969415,64.18639475364287
207.1383012253266,100.89161298189015,92.5210864237047,64.35652322373018
209.35487125300375,99.4046728574782,92.59636206735547,64.50847258723911
211.79641133680047,99.65394478509465,93.0724895299195,64.90282919892516
213.35501924462744,99.28966958334046,93.24178799649215,65.21108513879906
214.29451711435522,99.84521575066513,93.63183069583357,65.61765926323326
214.48572186099594,99.66631377809632,93.906111680877,65.8650662494833
215.01646110419517,99.79243849191192,94.03600511220318,65.97653905681646
214.54832963071442,99.54089935743679,93.90211041203179,65.96975502203294
214.56220160556757,99.19205923231763,94.28036904344506,66.04858998828611
214.09178496595723,99.14664647590888,94.19505459946775,66.14967257571301
214.63845245741706,99.06042393722433,94.51556730140834,66.05973755974601
214.08185828711686,98.41801022875492,94.45604367358683,66.0671404027865
214.46810534046412,99.16394835808862,94.86937312665333,66.11034827249891
213.87479596175393,99.09727043092754,94.55040263732386,66.1920208387535
212.52519368648046,100.05656115928828,94.25082383787989,66.47597858758317
210.3653854979413,99.80560801579804,93.85638324626927,66.36727337620779
207.0005910080452,99.34496683300547,93.24675122539008,66.16738224077821
202.86650168121318,99.12535034453649,92.65600787435443,65.99332043746182
199.72931937567077,97.83586627619316,92.06524110726542,65.9035118235839
197.65601625229476,97.09432037515286,91.7152734289991,65.54562023485639
196.09621700349308,96.45217625353719,91.35950080424226,65.78260873538906
196.3596820613639,97.5348321864625,91.9757743046429,65.93767541148486
195.7303696135666,99.48436711861262,92.0796910531885,66.1749900343367
193.2004908469151,100.08112265351323,92.27857345679186,66.3408265463989
190.38033776880886,100.5650933890427,91.9498993006569,66.30823799682585
186.49912620488658,99.4191249151811,90.99518986014209,65.79796938195749
181.8115940305617,99.10784033759083,90.18545024608432,65.36379598819546
175.7302817999646,98.28972127521094,89.31069448877267,64.92327024462335
170.48321114959677,97.57022752606483,88.55025815278958,64.42249145511194
166.0166983110842,96.71574360985446,87.72698004258325,64.08684258831391
161.90068023555108,96.46422185966198,87.31904922892784,63.80491055998183
157.71236447482573,96.6603741811823,86.95623697138683,63.59510051258802
154.8101291449341,96.95798122599672,86.38353134638004,63.47619351705635
151.01277226753174,96.36471808940158,86.10632546922676,63.31841427495731
147.97709997359053,95.9487653909446,85.41284995823226,63.23431334519586
144.8425798343722,95.76379020847963,84.58521245651755,62.96700369034659
141.49612556898003,96.09830080272884,83.99425315130334,62.52281548367304
139.37869220276687,96.20585283019454,83.65560828323527,62.34843671579165
135.75501275799522,95.89496453661347,83.25372906318995,62.081771084650114
132.99466897235752,96.51944476743226,83.13476152124512,61.91633938010787
129.9266947481207,96.23130878259016,83.09274480553421,61.9392047536083
127.20302558286043,96.0668655401364,83.33512803504155,61.692736543195664
124.05150043344403,97.61241030393211,83.91118048154891,61.56026470282963
121.83961747309714,98.92023457026795,84.03025127284818,61.43277081989241
119.96414569359112,99.81804456337669,84.01927914811387,60.92815358407168
118.19637854827461,100.2466075698292,84.28516369471308,60.9862683357846
116.29856637873831,101.4055445802833,84.53181876498684,61.42169355117396
114.1914005554249,102.15707710205773,84.80611196900196,61.520277434360054
111.76276761148095,102.81948129054824,85.21125993696799,61.80736485701587
109.46754117576799,103.13867630925108,85.81299596764991,61.88483393473392
107.76460671838407,102.09181809945866,85.93292423529249,61.94105235703485
106.32424291751228,100.14782580507223,86.08901814334101,62.151317114341026
104.29935989510045,99.1055855574674,86.40090968026061,62.43353673384876
101.69314609661846,98.68998318911318,86.76157975082688,62.746062924605376
100.12866191377368,99.17991265827825,86.92202199156222,63.207943903076696
98.70713588495653,99.31712386833533,87.16879967328101,63.37582129599467
99.36959654741506,98.36257902301911,87.03427739907652,63.47218174716331
99.82377514224132,97.40641434210343,86.951778981225,63.3754433351757
100.64594824323513,96.90433331516307,86.74529231445466,63.35623416942142
100.71330953364739,96.63652510724137,86.93222080494017,63.27779799155677
101.87787258914776,97.06141450520734,87.05481326274133,63.38372334820891
101.95772939534791,99.0013889376319,87.19653404803846,63.618859131492115
101.6163914596842,103.04812514890372,87.74594963947204,63.926495450708735
100.98448686329753,106.0249277809325,88.14197957733202,64.20331268344684
100.22096885187908,109.39597073984744,88.60691375919603,64.65229112337451
99.17243125765532,110.84690000841,88.83369103886058,64.91808757739929
98.47701345111997,111.28134591234783,89.20563734395552,65.26486325571443
97.51033398981998,110.23128638333908,89.77087964935274,65.46277017078759
97.31899950158824,106.30970146833538,90.347516251315,65.64550718524325
97.56105014554397,99.75850764226595,90.91145320765096,66.06157357883717
97.88914235638951,93.95971785546838,91.21169200897853,66.3173095473908
99.4221095029595,88.72444165643111,91.6733985353881,66.2885800622256
99.0938513081437,84.5478307242287,91.20162403337238,66.08889302923052
99.48413927917484,80.44036118643504,91.38999585952146,66.03672986330174
101.274359318645,80.0316070690782,91.25630713670604,66.2335708788534
103.16764753834194,80.02758324364126,91.08959349218824,66.10559468047842
105.47518555918509,81.79673876121919,91.27685128228904,66.08353759353422
107.96286678179393,85.38158473990184,91.78218980676739,66.45135555438182
108.36193964561019,89.60421006431534,92.26041913444801,67.15289636368472
107.39266874905114,95.33468684050115,92.43542447431903,67.78528368503135
105.94667574659078,101.77960071381489,91.35118414943628,69.49443302733208
105.10355012066037,104.64474197545096,92.59154330573132,69.52910554785268
104.74517847326466,106.26051308357299,93.4089776135609,69.83511163521273
104.18243718377784,105.76256781857174,93.92218894324026,69.69888453616402
102.75669822387286,103.02426935360138,94.70426726778959,69.62387147312378
102.7120616364853,99.04904288108742,95.69588156996033,70.17243604763779
102.34642154297123,95.04530713332451,96.42132257864984,70.57316373060256
102.4330096264932,92.3138680638805,95.0807946888886,72.46992005285546
103.70542258691572,87.2250996825504,94.76105951015478,73.40015666750543
103.53168668619175,81.45990955757267,94.64129070982469,74.0101639545092
104.17571069273666,77.37058223770345,94.39272600552698,74.54056801441368
104.23532541953713,73.85042956847556,94.40118637543429,74.84143768010942
104.81154752086857,74.099416330624,94.55291504626842,75.14999588312656
105.89290483584328,75.24145899560497,94.39065007375919,75.19777681750787
107.28371300749342,78.08011360022162,94.70377388281793,75.23778185159122
109.15196085892566,82.74424552893194,95.22664087755476,75.45068525338691
112.8662299939038,88.7827239987906,94.97842716204184,75.78714517615738
115.38345424879765,92.84945871758413,94.58401714254956,76.05427235722266
116.98614575100444,94.4133070209384,94.1803118419934,76.78488692681415
117.20510683385046,93.12432316147158,95.3004500839399,77.21638815214122
117.79743950503162,89.94295771122809,95.71776960009046,77.89035352681034
117.45525152981372,87.70281986026399,96.76854948786604,77.8113674298799
117.5964324519165,83.71133462045806,97.10018385137457,77.80752722528766
117.3880454826064,79.7751892878047,97.31532569263128,77.9172193760375
116.56761774350784,76.46782672178202,98.27484017837772,78.39651321841
115.81966593925057,74.11876170100307,99.46218144854004,78.72686591240321
113.78011825020596,72.01011335206793,100.06002463317833,79.9430477649976
114.05777986826261,69.43523969167548,100.42085470879445,80.83344478594731
114.38732421887661,68.344981047146,101.14545576872825,81.44878260780503
114.50047435687664,65.41063796152451,101.97066678041742,81.91271032567887
114.63032440411767,63.56706559646038,101.87774584643492,81.63279425144006
113.921538863276,61.75544354402742,102.5886750752626,80.92704169798078
112.92890751857371,61.8570567706483,102.78808032562603,80.54033967584846
114.2441396443318,63.593113820827035,103.21927946331579,80.37023563484767
115.93533702105061,65.82455992738008,104.34475347666282,80.28745034770593
114.99318261612737,68.7680891904075,103.72821661580923,80.81831574895823
116.38702005268955,76.20617716297984,103.34663748586419,80.49465483372077
115.5480401068367,83.16266103376117,103.51113447645449,80.65752327379874
117.32404157316908,88.21660372481276,103.12098676458439,81.1902886409021
117.00553256902946,89.96569539324044,102.22974859496142,82.32619143609631
116.44005032366736,91.00361031496993,102.02760406449877,83.04959955917481
115.82819100312037,90.34822192530555,102.99792673095669,83.43101505472443
114.45704108905609,87.64957652476764,103.85695319597184,83.44711841683538
114.63778074688345,84.09467741518053,105.10294773056737,83.93382875301401
114.70492252987364,79.79061828673164,106.13974928383442,84.36478483950164
115.45338741395196,75.1403752189901,107.36560784957061,85.26783769403987
115.49543672753066,71.29572309059206,108.51167601528279,86.3450547010801
116.89953230120615,65.95576521392273,109.26928005111355,87.50002233430158
118.57183615138936,63.06962869253472,110.28376697049809,87.49683418017818
118.95817861376449,62.74957214453367,110.92142736168108,86.60442221361924
119.58170304718905,62.874100637003295,110.96832261523907,86.3785757504674
118.36716385860005,64.24635829686773,110.48213948538276,87.37419252416812
118.14098670744566,69.97415809305974,110.38464350263828,87.26025057033387
118.22450736920104,82.00497055213685,110.41615571148952,85.86630257783884
117.3801775416008,93.18533853949911,109.54852330965262,86.80579662935943
115.24013440088088,103.8332068744356,108.54075110491695,87.41453993995519
112.43289892315975,110.70694344031158,109.25296890941925,88.86287331149916
110.9867900730278,111.58026366069055,110.87745744651329,90.40644574038538
109.46328861700869,105.79990286639067,111.76814169400075,92.01758141437332
108.79977300197355,97.69270716363674,112.65127901461668,94.1331378284261
107.13039662818187,89.81194124104591,112.80217365749422,94.5059596516351
106.71258308449555,80.85291596969012,112.89732103714897,94.52752391199806
106.2428557058088,71.16408290518942,113.73846016068907,94.9014726185141
107.19990720328175,66.19932301187448,115.25122131292943,94.94078320714593
108.2355136690319,63.1665096598457,116.7093763051657,94.23087098984729
107.10131723002483,62.143125847487426,118.07334159519385,93.35637921133508
106.70183034236716,63.419525834394214,118.72321093923765,93.15071287399611
104.69931688924743,65.62323827184466,119.13564107614422,93.89945979780128
101.70931688381143,71.80989879255338,119.75076815458216,94.23272940884966
98.32623075368221,82.26984457026009,121.01774197810352,94.5553553247497
95.30453751716746,92.94735071275956,121.71233017613913,95.92764559102031
91.40663687355877,102.75517355139218,121.94151254398393,97.78039896160665
91.89615744133073,106.86751968688577,122.38984314878121,99.98258466608331
89.6475771487055,108.94252996966506,123.47619874707796,101.41771291186505
88.29902093446412,100.79992744674134,125.36716902420494,102.5880898479713
86.02965796505208,90.55818077742605,126.17394730258286,103.55940858027864
83.76702956373731,81.08142382295074,126.07927050001831,104.24744435507398
83.70870975690023,69.34322937837489,126.64100589120406,104.66197029866905
82.47880256544931,62.22868876961438,127.91488596891487,104.3261062952428
81.02355612495164,57.94287541618594,128.72426052372307,104.15565612832037
78.8505733488162,56.81929555159606,129.90501725946564,104.03109768924146
76.6988679623713,58.9426210655392,129.92175019498362,104.53619808423727
75.10969417026764,65.28765877423035,130.14011347667017,105.14164726402294
72.58918233527872,76.53788568820855,130.32742506473883,105.33328633157434
72.3309293090868,88.77645664011044,130.5039490843468,106.33246278714556
71.13036102010189,96.03964001689218,131.81238696904117,108.65216918421687
70.01428575712387,99.6204512534519,131.81566543422144,111.35601282895628
68.2296411243938,96.95651095543084,133.6150071708425,112.4793517418014
66.54176039852584,89.0743758782223,134.34633226317288,113.21488673539085
67.57158117084415,78.56053273537547,134.90513778388964,113.8211805802886
68.07029420446187,66.42736674438432,135.26819536304703,114.02658231019572
70.29784828950179,54.6733585166039,137.03633615155485,112.65968459644503
69.13191206641017,46.021113993664024,137.36887736185247,111.67031034581599
69.09240858574293,41.90316292984766,137.85920116502768,111.5117556100454
67.34355921925743,39.67068743141802,137.82685295814883,110.7307268209855
66.58732875557057,38.372607608393935,138.4842980712182,110.2551475086749
66.32460076689989,39.50310394234281,138.13395123359908,110.1994308531978
64.9765427435825,44.86426272614149,138.36117589801646,110.08316282325913
62.84263176924469,54.22909482588376,137.87488560303973,110.65357034008318
61.989897582676505,65.30959625452539,138.24849808304103,110.74473232349817
59.04591088412364,76.33887857645817,138.55166313053738,111.476542435492
58.666191939450755,88.23943242282101,138.48823756029606,112.85628572543231
57.264961943643385,94.78015960213173,139.78551373595468,116.33293874290952
53.959668590952205,97.4448564874791,140.0422658122782,118.79781834867961
53.63926560578264,90.75727807842509,142.08081679585433,119.84386883591606
51.83147607863816,82.5426987829253,142.32315919395433,119.60114861221835
52.43837202301094,71.66682043288557,143.1012851537958,119.60712055277635
53.03248665706238,60.0220591866895,143.7052378543819,118.50049054883058
54.30536565207004,49.77924481474099,144.6586525518971,117.64071371411433
54.11039982476696,43.74010275011977,145.2664431021627,117.16825092563217
54.979584816668364,38.8966413952466,146.52412514510854,116.99465994824472
53.52345113094421,37.35861120932719,146.82535073227035,116.64527285609428
54.35193339587005,38.72235232199654,147.36571167048203,116.72857759326473
52.49318019082169,44.359987275359295,147.9024095364198,117.16765838691764
51.60654104381936,56.00339939640912,147.81450585601345,117.91171984122911
49.65679244538913,69.85201150089138,148.43199535862954,118.87395760736226
49.00660732486516,83.80249120376698,149.34848465661756,121.17440849519016
44.947817036698964,94.89027194046086,150.849700753885,124.51100636933657
42.29252043767035,102.06738303898162,152.73317565055063,128.27326213860366
40.938888701745356,102.91489578683297,152.75607504197154,130.50341326338435
38.8807807596458,97.15261800038002,154.01241310138732,132.91701741264524
40.409488251818345,89.74063726170826,154.78744874532288,134.85624378256688
41.04554611119114,79.01123520827093,154.2651171385539,136.37737050601868
44.475010560758804,64.98109377537433,154.8569800752035,135.22036821556188
45.97728859072909,51.788857087742784,156.14752470419725,133.44794499963845
47.537802634092984,41.46794255824588,158.08306762424436,131.13576595621527
47.4990307291461,38.88778515882072,159.7758919431332,130.55147473699918
46.890964374592016,38.010378774821646,160.56580506968368,130.2802490967179
49.2092983471027,40.46286639774337,161.89115466082563,130.2924777540727
46.25378487905337,48.336711162172776,162.09512793557786,131.8915213184756
48.31814979947531,59.78324329312059,163.97555813654307,132.52424250274697
45.639000897937905,72.87846374765036,165.59787733625484,134.74613222112885
47.93889265209421,84.57789498228944,170.05410312054477,137.63422653896006
42.64163159587699,93.17451402565707,174.18558678846017,140.02533140876776
39.507508412813706,94.03281515649456,176.45120911970514,142.42578122533985
37.36547768592099,92.56270823296612,177.75221474348874,144.45931740907048
37.91695103578853,83.85313339482738,178.33296908211426,146.52350282906133
39.68245961547831,71.56920284446134,177.99624661382052,149.51197245030122
41.47841924435053,58.34522433627808,177.91948577091676,149.12425899547634
44.297885600363,44.56799276055172,176.98094625881248,148.24940085786656
47.15926978566735,31.21446504998663,178.56380618791692,145.09218892975358
47.82151151923853,24.665755173278768,179.4276049721326,141.35264502960484
47.237443423086006,23.620270674962086,179.86811013197075,139.42802383535076
46.29797094149643,24.795003196034926,179.51034883828345,138.47722100271588
45.07876478383018,31.709307884191972,178.82018225232505,138.17020376659954
45.30226383054426,43.450237051296696,178.88136441955515,139.14577722560298
42.91202902276116,56.950454453281665,179.25693062325612,140.1664815665305
42.394096830536256,68.80884283381351,181.20042306709314,142.01016584977833
39.54997030445463,75.96797931121007,182.63203330080546,145.65861538338854
38.92416620172298,78.59281474629582,184.1919662605069,147.86596861065968
35.28332380151113,75.25664120676768,183.36187757002483,148.74299565568884
36.45429005618519,66.15288027940909,183.1002799624864,149.05965409182693
34.79783867502857,55.84443387570904,182.36072682270003,149.33555301800143
38.60389477618463,42.45554700820196,180.77197534960544,147.92297145211228
40.60600203087421,29.341746401275415,180.33697852211105,144.69972313288432
43.56680019849932,20.293919317429925,180.23023347088792,141.75445322830967
43.62210309377207,15.169681821615882,181.24895461992526,139.5869154559607
44.68987752264772,12.886796102150058,182.54738670394642,138.59356623983254
44.91114742800454,14.36897664433539,181.7092175766644,137.90832893857345
42.38578933300738,19.417891216058308,179.80669766360086,137.61351550405095
42.93689708706249,30.850351557297643,179.10885124151778,138.1696801792383
42.45979151615265,46.249822370809085,180.4067706302838,138.59884218991073
42.163897818256146,60.15801713373327,183.04570172381545,140.33140858142076
40.83097742966973,75.19352210183834,185.2303083379424,143.63737084369694
39.82424484323647,81.96193103312223,189.72175936972616,147.96520561479616
36.25378126869538,83.11310287505931,192.5798901359043,150.90444337089392
36.437622379537274,81.63866691898932,194.41932094179313,153.42748164055115
35.4264095792939,78.19278570448586,195.99035684210554,155.36740700672237
37.39814184248574,67.13796227058923,196.03600302395856,157.46258472778712
39.85418768473831,56.69885235094256,195.69841428439972,157.79817151043983
39.68224709665476,43.16384547709134,196.34289902912073,155.5566866161745
38.83709515557686,35.547143081364,197.03507419909926,152.93786515030496
40.208956515638604,31.316974704734747,197.60401455728388,150.56743236468407
40.13591972159929,32.00452350717808,196.4071367283932,148.27331440504963
42.04477868059442,37.327779403118555,195.66526882032116,148.19721143427464
40.967682140053256,48.19014147852249,197.05523808739287,149.86425669264645
40.495115381220586,60.03795956069973,199.51207151999046,150.8082003012412
39.57042356665366,68.76827635631734,200.77992898888414,155.68127833415147
38.04973351163622,71.33153473157489,202.25579918356715,159.3604504416686
36.72294696597987,72.71385222976093,201.70536870241585,160.87064864765858
36.274686794422436,71.31000319193235,201.34389117508547,161.50293073057892
36.20312976487952,65.65493150789861,200.5716804866089,161.95150850874163
40.58873045461148,56.61510196284357,199.46783988976827,160.59468230832437
40.126405105735614,48.944505291900285,197.87979241399705,158.2244822938877
41.81079665257349,40.8734756749856,195.75683008104824,155.1864840020823
42.91868070392985,37.983684755498786,193.90045861482156,150.93525262389284
46.30836825299417,39.430291565446794,192.183146733856,147.3040175706434
46.27401905375655,44.70762948211245,189.71414257190645,145.03234649805427
46.576989552160455,58.141932363347365,188.96960925739825,145.0971399360239
44.76577588740638,72.81524194559202,189.81136332144925,147.25484282353653
42.24344082387104,82.35515297077333,192.51616180354617,150.60748918748055
39.327703217237456,83.82930938468634,193.8628447842999,151.1351094346057
39.79879760046872,84.01492042553485,195.25088291603075,151.41289711710317
39.47080862632234,78.96974935690389,195.80816567556275,150.8520751994945
41.20539334939468,71.865820355859,195.08575635934665,151.04472972563212
43.83330361310007,63.639253155986026,193.96988706103133,150.3268798571896
50.405937942122065,50.972846984666205,188.4113274255093,150.747313888672
55.62207012155764,39.4897359761938,183.82584479729002,148.8257585771256
59.195815248623916,28.611976793752348,180.0401375708064,143.26292710375168
63.84239291467118,25.330336069752946,176.09831347269014,138.28611703716308
66.44734786706707,27.577675960025033,172.8733542295576,133.75367465196507
70.20136891387955,32.09780944019272,168.97174958061953,130.3157312237342
73.46785624907673,42.306773742341505,167.24037775064875,127.81236865947568
73.89314109034926,53.175120546424864,166.8445716295909,126.75629333744178
74.29753529227776,60.17257779687003,165.8493668381759,126.54181344501092
76.7868448284182,63.398269261131745,164.85987897812953,126.5643665974201
79.26568887743666,63.303011272808504,163.28653045109175,126.11409986017651
82.06407485352918,58.71871463720258,162.44322033667527,125.12560675901287
84.61075509879822,53.827463480508825,160.63835991670908,123.52101838941698
86.46365235216675,44.1752172769538,157.3550412545937,121.86438637636101
89.68978924111164,37.25298360579701,153.82559376683452,119.08742999736111
93.29106475995121,31.19401663084288,150.37337627674754,116.22845621716684
98.44272833137967,28.1796643947243,147.79077323972558,112.91096832947969
102.72383962468874,29.217495392083563,145.2492096229866,111.0368092688594
106.49740460329818,34.03765960000615,142.08401335488514,109.54902487462067
108.20532830732635,45.781328689092376,140.46820249639697,107.9082195181035
109.29868199238462,59.41180467360833,139.27787897208657,106.44645807031182
109.99313448666203,66.62401568919825,138.50237301230982,109.37135740448844
110.07507482204834,80.7538187011308,138.17515609433147,108.96709806031083
109.28189850795653,89.68595813722206,138.4999814226341,109.76392148305018
108.2533029356114,93.39088719141769,137.75000050731154,111.6227916308845
107.81340382380533,85.84341680104463,138.56941520990327,112.67593477369118
110.67260551561944,71.97014111555465,137.99384124445743,114.89214213527171
113.59972047438498,62.10899914622616,137.37579544710457,112.70551722993456
117.62335427834026,53.35447485556747,137.0774177622897,109.948618469333
121.12272464703909,43.93992712809701,136.09098896031685,107.52516379915184
123.29578398981852,36.42722251286157,134.49687418291535,105.81679693709343
126.93720564829623,32.27384140904843,132.84182417803268,103.59095778821336
127.88742478683186,30.331615482666912,131.75518355368283,101.81341804475447
130.3397647340443,32.20922958309109,130.13424513340956,100.78053519607897
131.6177989853199,39.27166404969059,129.03454710376639,99.74904719091951
131.9843208551512,51.17646342512326,129.1906394400773,99.52072247264695
134.92246544188345,65.15675182975657,129.53093018070584,98.97241907036275
137.41200285199625,72.36520165865356,128.2596760143956,101.99933273654338
137.0568555574962,84.31466557634248,127.67908920805573,102.60192887272316
138.4612243871744,94.078429389972,127.05685805848023,102.57567726169947
138.51753054725611,94.98302990592089,126.67345489316105,103.8166311541944
137.27012993989155,87.47039632460141,126.69689327868181,104.73243748614487
137.4377564610315,74.16859991329972,126.2342760181669,106.96009189322092
138.20516155291645,63.8806505054322,125.99813624550693,105.66699504245204
140.69233898464927,54.26228042033395,125.51515873570953,102.99015336450401
142.1494291958957,44.71438810301423,124.32551020217846,100.48230984057412
144.14737512713626,37.14866220390699,123.11459792153022,97.99813816466751
146.42586759673028,34.89532067454208,121.39952262933008,95.54915849604137
148.37572018683778,33.521361734632144,119.42470713283853,93.4788281039191
148.95845907276734,35.255512522089816,117.89366337553822,92.0617190510527
148.17412234618317,40.484219295712435,117.1040347123125,90.8493835906605
147.5572938741622,49.40386723379994,117.17355691552496,89.68925069361146
147.65931741558038,60.64614852620485,117.61891990167743,88.84367278897743
146.05045831592923,68.47056890590457,119.46866775357522,89.51678675675083
146.1065108840785,75.20091680254706,120.39652598187784,91.48875488100735
145.17383957710547,86.59668683244601,118.91852796052423,92.383351066937
146.68239434789814,92.9705537719247,117.38667592530945,93.36359303331652
147.32769822195448,92.8530195299279,116.09428435348586,93.66332769911288
146.36095008630528,86.27965446937324,115.79896435395601,93.83862227334718
145.72854912567726,74.9562349587585,115.24612120227502,95.28564935915186
145.85955194592313,67.6388658317384,115.3398891299367,94.70830856503534
145.22751001670127,62.0855503708347,115.64126803184885,92.52684305892525
146.44551685422192,54.98553974298993,116.0353045868338,90.4102368121734
147.41540767965515,49.86161678720942,115.24464660463804,88.92715621006253
149.2116299181834,47.75815123845797,113.36416029751868,87.48935530912183
149.40172337844064,46.19465739312127,112.06473075653605,86.10100124106721
150.0654701744012,48.37903244217169,110.36297122561764,84.64315102051458
148.45065564885823,52.15780446579423,109.17000143789743,83.70909110794358
148.0612660171326,58.936161858781105,108.58949916143172,82.69766536158164
147.23405141272343,66.0027384295119,109.60549932457286,82.40405460903608
147.85073216701994,71.47297730668161,110.36764410260092,83.44489246748961
146.89610714251668,78.08961576617517,110.96386402789683,83.57824896372468
146.6216823184888,87.75515914877276,108.90760517642556,83.04040751408124
145.78072064998676,87.65702282015185,109.01546711969188,81.90779103977704
144.54191072589614,84.26062730501783,109.57975915472461,81.28840546100577
144.66641403001935,78.55582651175976,109.38737802072258,80.90233558450922
145.16263880758686,70.09174093376785,109.10892273019019,81.41922706214832
145.76485833710416,65.65865671042184,107.34839444872446,81.22197902782227
146.61483917924946,60.39186418130252,106.7277173131933,80.39513050756969
147.80284180237354,57.70747757538121,105.48556597929866,79.52747259758614
148.60599088329553,57.87210222377568,104.41149730058227,78.68212867580102
148.60463915493972,60.758799498850415,103.28751919105548,78.03937224821014
149.1443885398174,65.05627356227436,103.77258214596287,77.59148546932367
152.19215823639968,70.89568142401079,103.19927528529956,78.4705882944348
150.9896562767251,79.01790483175293,100.84844414834377,80.58603718512728
149.52061014573576,91.89601995676809,99.79585857676534,79.50261081388115
153.46851508159986,99.79965288716448,98.32937428563405,78.51941683724364
153.39323302432138,102.58975089654552,96.28802169601317,78.30494347473156
153.79901389518074,100.61470053392809,95.41553672066618,77.41647074415587
154.2693293716199,94.47517248146283,95.39190242563618,77.65835357790719
157.29374929030814,86.62476773297779,94.92253513006884,77.99573972740413
160.6422365533249,78.61923149349778,94.15953391641321,78.27024184808776
163.9102098606783,71.43985370767001,93.1071182999364,78.65623340454556
166.55422928668827,69.88328859503744,92.71428446882098,76.73512862920036
169.1038584751082,69.10513129687155,92.17728433554188,74.51149499097403
170.41229241971615,67.73097006922028,90.65953098356509,73.66401227812472
171.4640918190346,69.30396167379403,89.47926517414405,72.57329354193863
172.33730035278563,71.47762370602584,90.02901333453201,71.53243796426092
172.63282677816215,80.7636087536295,88.78483782028107,69.80877833963464
174.3164759234029,89.31400957537686,87.4277805614463,68.3711255761448
175.73167268724552,94.97491384868897,85.5732116282587,68.37658753733308
176.54852507061622,100.14792579640243,84.17219190592517,67.53895788323916
176.39741616405237,101.62459600353438,83.17488684231336,66.82361595454046
175.76384422133953,99.00922554183369,82.18354421841593,66.16607267155146
175.44380763808786,91.59599927180327,81.65303878594312,66.19896613721043
176.03316369907643,85.01257603567893,81.34439426040156,66.10983211782094
178.07235110241828,80.04533422113607,80.34580098600544,65.04835932600821
179.1239346521507,73.53661796485952,79.250378198827,65.90562128344656
180.00541482814597,71.87612420369489,77.7599674164432,65.61062603485604
180.9850457826465,70.09680734963095,76.66055519883317,65.7853633921233
181.5638105377092,71.53222813798362,75.86181727844468,65.67349040710805
182.9365158903745,78.2304859591375,75.48733939057323,63.586900797820306
183.6640888961382,86.20638017481716,74.75048686707147,61.35105570294779
185.0792186345854,91.5768124890864,73.50593731964328,60.72575065235121
184.50083547819324,96.88561002740784,72.65901863486903,59.592286435083324
184.2391406199862,97.85288931814762,72.01853134093764,59.21519686395685
183.8221418855269,96.85411759402726,71.46156847412475,58.52295459327975
182.50429116653828,92.19179897882492,70.77479686293817,58.65846199427769
182.4951897146577,88.29940772842086,70.36219280206349,58.72255138366612
181.81232105546866,83.68713463490832,69.69358163258755,59.31276682117947
181.81114513361217,82.80611641348722,68.59175337872054,58.73329106080513
181.0251365960631,83.86784024342828,67.41277052629793,57.484312323538056
179.6847724567932,83.82462464115338,66.1805315997901,56.849576023300415
177.2286196199922,84.67995758586554,65.47992652586406,57.087079961337324
174.76572862562008,86.81019707600191,65.23327704564468,56.472243261643186
172.12208493018673,90.10539568499496,64.8784106965822,54.89530381877307
171.4810040720256,92.98917639795009,64.37993693679212,53.66156922086574
172.97513229497736,95.58873613492676,64.02435876122854,53.07769556600418
177.7113385052091,97.97626538509772,63.912563024724975,52.554892028583424
182.55712696727608,99.59281246799426,63.832591744817165,51.956920161984684
188.46610040482952,100.76794781673688,64.22529626741532,52.30850917710014
194.3870969508409,101.89737196968423,65.63791895908395,52.184068629918215
198.96371116693683,102.15004707802575,66.57918153183597,52.208407009960624
203.7561605436068,102.12276830803108,67.11370473741935,51.95091069071613
205.4570803299801,103.06943705302922,68.91293928805533,51.679458977239634
207.81759478302598,104.83539615792793,70.71472227161199,51.616935689698664
210.88987396412927,105.65224551538113,72.21171015879506,51.37416560085276
213.6164148860922,107.28075208818959,72.16138500584822,51.55977773943079
217.38468363819294,107.42359311920403,71.26419505489994,51.5117209931873
219.16293281633142,107.96978814376425,70.57722189279102,51.414552201276635
218.3477119054306,108.98769834588651,70.74497300357125,51.48375065117334
216.56266605757776,108.74407360528367,71.3311798878756,51.444028255757786
213.0485737849584,108.74733619290473,73.01127712232328,51.33881467923386
211.38396982102057,109.35523172148055,73.44278283309686,51.64700066332669
210.7399073034847,108.65699209271901,72.97999782445223,52.09051537655353
208.79009707627355,108.99950083133248,73.27727686537656,51.50372861889291
206.39978264114907,108.53021720836242,73.0367355963128,51.10415156246488
203.41298989922078,107.67870305452001,72.67695563980072,50.74482959701736
200.37881939499988,107.7207650545499,71.87287204573396,50.167580158267405
197.58317214550743,107.13927948445723,70.83032741431727,49.750641735388186
194.11558596646626,106.50462398275586,69.86464375433322,49.18655225089114
189.8121825153418,105.6889486182827,68.79587540023446,48.703302321420736
186.78155519055602,105.3682448202907,67.44442462835826,48.23695723662621
182.1119000236805,104.77062542693433,65.82641856348867,47.58873701321474
178.587868922954,102.3292640210807,64.99685053117705,47.28209062326184
175.66862715645033,101.0548744678898,64.03858828705425,46.722363526945884
172.0501287117704,99.75426417678482,63.21987724489557,46.26666834911558
168.14428294339524,98.1856167810233,62.64518572500528,45.89799957671955
166.05780919926508,97.46332623351717,62.035919048531724,45.61937033695399
163.6958155150192,96.3695896417338,61.21555388559033,45.27958154809333
163.14797086558102,95.65998434508658,60.89039183463607,45.00767282814772
161.86783692312972,95.02533991592767,60.451437202525156,44.73095965609292
161.83096149006266,95.111061543139,59.92563120535127,44.57123532023965
161.01342122681427,95.40014344291194,59.497186055120764,44.33308654464055
161.47686114522165,95.16789210402064,59.06820810500763,44.023037294379776
160.19640789119993,95.02531452908129,58.86104081582511,43.89455623667792
160.85553632999353,95.35868522304983,58.46535959083723,43.9325531080563
160.43970740024233,95.65157386174766,58.314604218013116,43.89461922732432
159.87453203478225,95.51746520872675,58.03152390054002,43.75189177352043
161.09013346654365,95.8812097675171,57.721367818557134,43.543118037562024
161.00160571556899,96.09340137333058,57.63335681602805,43.50089417823763
160.97388843936182,96.5743875416422,57.73745589359365,43.45621056222214
161.4590224603583,97.61966334182439,57.73007341020584,43.36203249606032
162.12436726518595,97.80636647959231,57.87412263683897,43.39186028510349
162.9172918459971,98.55443683424863,57.836773536251826,43.288961100487185
163.39927545493927,100.016335874538,58.059918530548586,43.200985602153345
165.26076196910918,100.44634891361625,58.04368373577505,43.318343137583255
167.21335531142478,101.84285197197309,58.00651067152049,43.23207191657575
168.02217812917547,103.30699079620081,58.36772457981943,43.28361928795677
168.43186816366702,104.71951441277031,58.63757993583175,43.265364314034045
170.25840503106832,105.92612155011895,58.76595671105416,43.27959568943748
171.83223281143995,108.11127907716957,58.756655690182114,43.321581222036684
173.06057316967224,110.17648973704637,58.99617892078481,43.37624424523963
175.40973136504263,111.58836027763489,58.94983720808357,43.077116306076135
177.99343512762073,113.03657312660678,58.904973494725496,42.75285323630618
179.560480641854,115.41164326274793,58.731614449443704,42.59973549744062
180.36892858835813,117.15140857095348,58.670014143021504,42.268194392519405
183.11722213560253,118.92404716077621,58.2642712028906,42.0841056245866
185.3364343530663,120.67086977797824,57.804849005283,41.787785142990145
186.25129780763515,121.56384388706745,57.59351074894681,41.51821759249818
187.58174658974255,123.0408340944502,57.34722070960387,41.18079310691663
190.86557417550938,124.73521583803497,56.96230431904556,40.70927238517373
193.19008787999368,126.7894876230436,56.78510727811893,40.404637640077134
194.71830236344434,128.55833797821063,56.38385447393732,40.19999719433047
195.93184713272686,128.9716961539957,56.0387814034204,39.77441679404093
198.60195471639253,130.75373282730027,55.49149064023334,39.268287745222345
198.75683455044918,131.05377622398075,55.39687438447162,39.050383937405556
201.07590815397612,130.3723002014793,55.274290665424346,38.811794463243416
202.24745004752594,130.27732882382497,54.9961211048567,38.58930034583137
202.89329453908397,128.44809042701502,54.82388972424157,38.21062055757262
205.53364432033058,128.13068670242208,54.29634157852687,37.94296963702658
208.41574082201024,126.93960994844089,53.72406217990391,37.81724579513545
210.40574692751943,126.93646274875427,53.263951006101706,37.22517268228259
212.19229850592419,126.15533734704583,52.79242918435995,36.809774154606636
212.86150940330816,126.27860557985319,52.40927976612933,36.38519237146127
214.14003103166752,126.81032691194257,52.13501524933979,35.90896489244792
215.9191932954796,127.50821033170004,51.60739116689081,35.51514331011988
217.51290773900735,127.53019731683563,51.202645413914304,35.20128353161925
218.3831694826935,128.37378939116564,50.714444481130315,34.824230694375835
218.8924700101024,128.86475439041808,50.1874606290713,34.47611193129881
219.92790725194067,129.95836588404632,49.76918452643726,34.04625607813661
220.6524360912967,130.82809396437784,49.16348351667435,33.71203604246589
220.61218147093865,131.78247864449014,48.53648633916224,33.2158666034678
222.1868098418749,132.66441478553935,48.302593147475925,32.71393980743814
222.83822685484537,131.8964747674741,47.844270690081245,32.398835985460074
224.0642228381335,131.5732133080234,47.47968059041785,32.21888095951054
223.37114756092578,131.07518374699495,47.20372928001856,32.13049651238413
224.14130105478776,131.05617120561163,46.93886405807981,31.90414185538944
223.71235274053532,130.15373516356132,46.92797464961642,31.674768448462224
224.68224693116397,129.83669677006787,46.61165144875618,31.607267929655332
226.12826825498084,129.09494335633516,46.4108307535608,31.478743178103134
226.42923868003703,127.83778688798654,46.105844505451486,31.407402332909506
227.02003913047025,125.53814923317368,46.06011227314124,31.45270921296977
227.92323975675143,124.42811705682604,45.68866661750276,31.319721187964277
227.68361454525314,122.46599499579419,45.46993246427404,31.318591755798224
228.2233367266187,122.06418802026259,45.16078187376356,31.300732406404425
228.21934094086072,121.80548077098865,44.80596387663592,31.19672920370794
228.91591320755555,122.01840670905999,44.588155227340515,31.09342363083753
229.16227752103367,121.9384588715135,44.30296325306847,30.94959999397789
229.44179710571035,123.11630079092683,44.12442207575383,30.66273472433459
228.9563050799345,123.36518220900754,43.765517068238765,30.621482372391753
228.10551879371008,123.56029481029883,43.67648802955024,30.539274870719765
227.61494077433713,124.65348606552807,43.73946360259791,30.410207471421568
227.02782201551307,125.07217016973897,43.372505846846664,30.250575664557672
226.52737355958763,125.47353665884965,43.148308559516906,30.155315666358753
227.95028022508222,125.11796375337667,42.93093370127551,30.056008598829507
228.91835668907208,125.60686124951603,42.99575209058706,29.949262057020768
230.37990106209085,126.32310033807335,42.93226174275817,29.88574139943738
231.87572289487917,126.08512798790932,42.84605602350109,29.89050926685109
231.52650117780183,126.342624986728,42.99899268227657,29.870671825581596
229.94848149667985,126.06253833286101,42.73621452437896,29.795128516208194
227.7224859777939,125.96173049623786,42.81080897859374,29.886590462221065
225.0325458414822,126.00326018868805,42.47213618496349,29.943033051307324
222.04142814931333,126.13824752914208,42.13769590630683,29.803549865531718
218.36092124262768,125.86398940463602,41.617516558667404,29.49453414976496
215.33820386158968,126.20068545383313,41.156230300998516,29.222771201284516
212.9074658391503,126.040909941031,40.621913384756695,28.871100553400154
210.3655607092354,126.54882051153456,40.18658006319605,28.628630902890606
208.21428391171366,126.33877623576633,39.768400969335715,28.356442559380845
205.988656000805,126.19639044148781,39.40557750648509,28.091780737770193
204.856519489894,126.48499396768477,39.267065465517206,27.92650499149999
203.8726401708248,126.11670557758892,39.242155474962935,27.925113982518592
202.78286616903503,125.9379252756651,39.27033223792664,27.838100140880154
201.9777278541292,126.47846512207074,39.321432661149586,27.845635388712168
201.795347233066,126.02654852674023,39.4489931960788,27.901763095936623
201.13246892485577,126.15756763754291,39.44108134211656,28.02849289162327
201.49400505294847,126.38536774417005,39.51252219227726,27.984565151322773
202.34723752656322,126.60331294435812,39.310287505896774,27.91502632560599
201.93805069958876,126.48619621174859,39.30097395596157,27.980753332423376
202.5588131669788,126.9321427607855,39.174836580118544,27.816983243554432
203.51795964727788,127.11654719744344,39.210391266233685,27.76506282181478
204.0252530355952,126.89055421776709,39.367637051091975,27.808664607058958
205.3359008222692,126.26607954476705,39.484970103613726,27.744620068972452
204.67406704543183,124.83289878198667,39.948042192582044,28.02599657675672
205.85242372175844,125.14368929488224,39.81273959127155,28.007046583432473
206.63979247974834,124.4554340728967,40.07777596864812,28.092103904310903
207.9777447648257,125.5393039858022,40.15369530062348,27.958276498772708
208.3208368923958,126.90479535975692,40.46336941674112,27.986717245202286
209.2079335746764,128.57769454071592,40.679049342241875,27.903068217238086
210.01854020147243,130.5778159179362,40.934139165393866,28.021830189207478
210.91555968653287,133.4904012206312,41.31751723514417,28.120059032212225
210.52143957772412,135.62468511943388,41.41114459208207,28.178169510668937
210.3566426319547,137.58715821656136,41.849908272279514,28.400163547737172
209.27638249893397,139.97907934320773,41.98038803577279,28.639144628184667
209.18241510156943,141.55646541675605,42.092203757766534,28.920716627816518
208.3132947189399,142.09157371151355,42.0183852397691,28.99847917858321
208.07087225754893,142.94901214554716,42.01687643735606,29.103214694358464
208.99560944910155,143.08184302842068,42.19658711093721,29.018922218367265
210.33469577030365,142.93042217482815,42.15388867355013,29.088662766218157
211.86738323683406,142.83864007068544,42.03665007014018,29.09815813614562
213.57241952576348,142.3827882945484,41.921621199175284,29.24129472236291
214.4089906148074,142.20266808867729,42.17942334462711,29.345525138167766
216.0949849450089,142.55717553603,42.10997498650079,29.36265861039045
216.81951988113153,142.83639951683602,42.30659472092209,29.607889459374846
218.48058101189312,142.43768269769623,42.37789029463448,29.751034388490773
218.15498279777665,141.3609976946585,43.01005650206084,29.917047612606716
218.94489431540148,140.77618700070815,43.278227913565615,30.569744500041992
220.06603319228097,140.75610770311403,43.57689521290724,31.20719051168838
221.3565568045959,141.914138006058,43.76366477027507,31.819023067574115
221.8652850087987,144.1522112993476,44.05457168031275,32.12371020215579
221.36153513297728,148.60011092703053,44.37896018155507,32.161350201550725
218.40578016185674,157.2476222714489,44.79106712391821,32.32842658803136
216.83152068057584,167.50730709738443,43.988049669472574,33.43193024243471
