123.5,87.5,132,176
122.72882547190753,86.7872977042986,134.46120627301997,176.15720693572501
123.8334460248524,87.01762524677942,135.593919636811,176.8599055323277
123.86633447211659,86.50312559304083,136.56330316460776,178.91248086099932
123.7521411010658,86.18582996152094,137.03437491177812,180.2533500309338
123.82153334325096,85.29030593437011,136.70397655952888,180.98862208521257
123.0509571678544,85.41016999724434,136.472059886236,181.83953355068115
124.79526420181722,83.74519182550709,135.53344052541792,180.3880772926847
126.30374166883271,84.01656379256647,136.00694527194418,179.82027758687235
127.69170337935702,84.50018251469706,136.50589892227617,179.882837577418
129.71738891112125,84.34929849866428,136.83893251801894,179.4197092166613
129.6777170009913,84.60483217286003,137.18077170699797,179.75605022255218
132.04003093217943,84.61024236466602,137.24213503648573,178.6254775510755
133.0372269135592,83.89630165700787,137.64228409888787,177.6457492652352
135.16522377399457,84.75322665457692,136.97731835309955,178.36912961868413
135.99964715534404,85.06542031072864,137.50167480123133,177.7599470349617
137.8298860931033,85.1673896048794,137.55441013105028,177.1847046796943
137.6837892331605,84.64933427620196,137.92766900650167,176.7611021164529
138.69667399580334,84.79541484824045,137.92967977563433,177.7047041645527
139.71529615676877,84.49571233238215,137.83617343740707,177.72718457421044
138.83849662496814,84.34453914392287,138.6668990636037,178.2661583212481
139.02045349660295,83.90270282388599,138.61481825495207,178.76922210464386
137.5989863502846,83.2605135294049,138.7268966058163,178.8386202105509
136.7057492787805,83.45810408223147,139.19833314067785,179.22567627702455
133.62656030240896,81.99944454325087,139.5433470644903,178.9230546926017
130.84716686391548,82.58553551471277,140.11045474988788,179.11363305508257
128.3825841531818,81.50636906530954,140.04188800887965,178.34565708357349
126.78105567716536,82.01393401567444,140.077146441778,178.23451810720206
125.72569887978983,81.98506964999277,139.67844607893323,178.92192484950596
124.61177706307653,81.95284261062721,139.54133929388755,179.4412534437705
124.1782014789733,81.59718066069695,139.83737055757587,179.82937497203375
122.8113141444209,81.16480814392148,140.82094102116767,180.37284530780408
123.01773830137101,80.81008131755914,140.7885011433274,180.9470707289795
125.23653791743418,81.87670319689491,140.97260648960074,182.91762106820835
125.46135934880512,81.50549949849348,140.74558547007766,183.14674586794624
127.40289987561326,81.1157125535511,140.40421145534077,183.18523190392244
129.05826281673038,82.00125918151306,140.10234377699447,183.55093393036242
128.71188914570487,82.25002680996631,140.45683663749145,183.43404576651355
129.65186041921464,82.03369208557791,140.68675379544325,182.86349143847303
129.95255746159836,82.47884783636097,141.27400328539048,182.90484136392794
130.05839772268774,82.83504340838827,141.65660133720158,183.25252729106322
130.46217391943273,83.10122403452172,142.17223402996188,183.1484726481885
130.41044519453325,82.83034347942927,142.59273579748316,182.95198856918347
130.31791599047142,82.2520534046364,143.02201879865012,182.9739412573358
131.10229353341555,82.15592172132858,142.97831304156588,183.18710196956886
131.85770665602575,82.24035834888639,143.22727328297117,183.97560954569485
132.50920451001218,81.67194087415612,143.02095690487042,184.17232922215658
132.50595657409227,82.14625656451643,143.03325723254937,184.8269059064689
134.4023589126987,80.05333394188922,142.74411299578145,184.4563437000937
135.14087074255133,80.15161877579456,142.58737561003252,185.41681772773285
136.02364932440796,78.96460841935547,142.73176798741116,185.5169849001905
137.27498970425495,80.06056023439254,142.2479630650432,186.18406931676247
138.25786443572656,78.54920295020713,142.59649625781594,185.81707965768578
139.24797530554824,79.42811560223396,142.32188729683622,186.4208840781347
140.3998245201052,78.16617171149834,142.61025134101945,186.523099038561
139.58891025550452,78.89882487006477,142.89726842116988,186.80996900621818
140.5939347630309,78.14316010878517,142.73933622931355,186.8046888600457
141.4728183846395,77.4795333792602,142.75741892448895,187.14601515454103
141.17164425563135,77.4711888496898,142.68714217726006,186.9397364847094
141.21401229194706,77.91325120894942,142.55576552224596,186.30112533947909
140.77779820468652,77.66069609399037,142.79786945226786,186.51678680149672
139.72160167968872,77.43101007521365,142.920036591123,186.19986603814684
139.18700697862465,76.36958728399463,142.8604750729554,185.43379846598282
137.9437814291598,77.44052717563761,143.04886384736122,186.38216416800265
137.20842961338457,77.43808235153787,142.98823915840845,186.23532789814755
137.05855833254003,77.36800365046005,142.4517211629228,185.87368345189162
135.55095145786817,77.04048059158515,142.6220412183426,185.58489764901765
134.73292906788353,77.83457928144333,142.6304751956614,186.09618900450027
134.29521182615608,76.83293633276712,143.13635179180056,186.06116914242276
134.44902823548622,77.94749711141476,142.59748832676843,186.68519533025992
134.404063011693,76.88251755959357,142.6353228060786,186.163738132175
133.746456075308,77.16082136151117,142.63372595172913,186.14370906437344
134.94897497699654,76.59741108979549,142.17548528084416,186.19964192298272
134.42317361333644,76.73117548045158,142.35822263741392,186.48158070529968
135.15060370512361,76.29174428754968,141.99760490741474,186.6631372925729
135.17580361783013,76.22097481264669,142.07031097305062,187.10273925235623
135.82125190965837,75.35070785155213,142.4086755254491,186.60549808718878
134.37765687422484,75.35281392157819,143.60383862354547,187.2300166614578
133.56885028915525,75.27665550794387,145.54888353206127,187.33333169069272
134.49443807535914,75.53012617254218,147.53261263036885,188.05997667283643
134.42288449978219,74.94178551340167,148.82858495295523,187.79315568417928
134.5035288682967,75.62794062213982,149.70454661551568,188.4871420441566
134.78774019034026,76.2994613103873,150.40823669859384,188.56714570683857
136.85277855655605,77.30162665891382,150.72567879169327,188.52011269254768
135.7290103475589,77.56577211500694,150.92800627871833,188.59244401709012
138.07736253663649,78.11819040380999,150.59730398338783,188.74169369551123
137.39907179612197,78.74208817097235,151.0651265666355,189.244020231499
138.4355006905123,79.03743110316019,150.7082134256439,189.08807228788444
138.35048783760595,79.57389553049396,150.7285850708544,188.96314577162633
139.57582408369416,80.1200714388323,150.32765837678895,188.5910919471791
140.63843350174113,80.00330605263866,150.61406778700234,188.20822176245883
141.0408259793977,79.79674925335694,151.09017377330906,188.10049203397685
140.9504912983505,81.0816484831033,151.2605594109986,188.43515781932666
141.50147217206472,80.65153625478979,151.1485371743925,188.55255635060348
142.60163958099926,81.04205835459297,150.9272937623919,188.24762156628987
141.28098883642627,81.62524430275461,151.31476052711164,188.42613966840256
143.30292649395167,81.92546891348383,151.1345157452792,187.5675395117711
142.59067588597526,81.9466967675412,151.49170674718937,187.2526189322498
142.5639408967987,81.68293534984545,151.62495770648712,187.38388245977995
141.85089985335034,81.02745147810397,151.38904688585973,188.05506407903349
140.78912447732938,80.77112513983865,150.7644542033771,188.39364271670095
142.08537024804136,81.45575006236831,150.1909081175043,188.38425782182168
143.29012786397683,80.36718967651856,149.648618532606,188.41048085220342
141.3921308250659,80.128251523226,148.88425313243107,188.2603533827151
144.3338695630834,79.78889494292486,147.9226816508113,188.07344372484738
145.32693457516953,79.87664702500673,146.45616662116498,188.710905967029
145.7496051635306,79.1971233519546,145.51151235668146,188.47895168330385
146.79002778179742,79.65336522864749,144.1203261791955,188.69221882923296
147.2296893416058,79.57152038986148,143.37396290226064,188.4367064174953
148.82736261225836,79.18633007608062,142.56218560152556,188.06904340301293
150.11810689489198,79.19601433493503,142.0059744124333,187.68809654000535
150.885800496895,79.07482846090036,142.0317339445722,186.62295791209812
153.17237455817826,79.16592205880237,141.8265462750392,185.67277345143205
154.74313516524796,79.67156905511439,140.95435627771187,184.98978568673044
156.41205386436383,79.91896901577174,140.82479729706745,184.6309388639513
159.06466852034532,79.33096347132235,140.61447288470166,183.98341689468356
161.8247340722403,78.94805480885316,140.31317236639143,183.76661600692205
165.18179354166142,78.5684146298962,139.61213450131012,183.82764559426712
168.05679876638453,77.9570123950191,139.36985119801258,183.36055038102265
171.2358019846156,77.36147207681543,139.50681365269426,182.5261216599776
173.72886061979864,75.76949735745302,140.02342246036164,182.3132207511835
177.555635682145,75.93825142270393,139.98172641205443,183.0693757171096
182.0569923458791,74.5862054133574,139.42338812273317,182.51221247152043
185.74408261286277,74.61366202679005,139.31038798961427,181.28837002540922
189.71585025251795,73.93503317486764,139.26790184741932,180.54813002760915
193.290233506304,72.8967317143368,139.52945705234117,180.19254205359027
197.82583530888556,71.90234550956983,138.6111236254007,180.58055233429425
201.5298766815697,70.83866706268316,138.233141225644,179.53933322594662
205.63880069228009,69.2499678436385,137.85733708087113,179.29045259604277
210.01755177002485,68.17631740944182,136.84309578582474,179.2598655478712
215.1014272247591,67.33640263910436,136.76919024378785,179.02309688774807
220.01794649300425,66.18316315319966,136.01702519667748,178.91313131953368
224.53364549069533,65.41150260170005,136.13673689672984,178.9761399559115
228.669964053732,64.69874690634776,136.5071471034202,179.44276531927994
232.1335477352361,65.12514068964316,137.3609212267706,179.11862064552668
236.82405142695356,64.94042380428141,136.93855203455888,181.01939811475177
240.8933174036564,64.91565353530845,135.5968655172494,181.63056615990746
246.940725923806,64.41518760987097,136.0077123487153,181.6837804037611
252.418918071375,65.48767492570764,136.63007771025454,182.1048839581229
255.67543196873646,66.28393844538907,137.1732380220685,181.7589691099603
259.116292631189,66.94712740093736,137.6979507563065,180.14472225207302
261.261745129995,67.69723314608761,139.49138585421457,178.46056030777586
267.2264528226227,68.11305834982807,138.41711878438872,179.093089177715
271.8765967395717,69.70243618802678,138.1133462245386,179.45321241901166
277.7046475673645,70.31710621933097,137.49574821580367,179.05880158423227
283.20293393390347,72.1877231617168,137.53469794366322,179.6465505295082
288.9978030194749,72.67540719079238,137.25991834490807,178.98851122244423
294.954911893887,73.96555522214501,136.89153895210185,178.80673992093892
300.248695682629,75.28624260475284,136.51961621104374,179.40705746033447
305.2515706279972,76.46999578502678,136.28019417827852,179.23531373406394
311.4382743311495,76.34899980182412,135.79753384228633,178.525286843467
316.28387964890595,76.93566088816047,136.0307998303086,178.18520309366494
324.8607611820225,76.41189849099825,136.30695696060877,177.87392020499834
330.30889764973205,76.7531084577575,137.1781610607121,177.61227103583073
337.571554276391,75.78240694291372,136.64777902840257,176.6770768994569
345.9932216869793,75.3849311301874,136.87556923774346,176.4722447705608
350.58312391372897,75.63657242444589,137.2046387237583,175.76241030239942
359.7444723843636,74.14919180939054,136.98405359889537,174.55873763739902
364.7571457396138,75.08792103762559,137.546552690702,174.07855641691373
370.1901925495039,74.47073665135818,137.92221264910785,173.52625700802918
376.11056366837147,74.02548899730502,138.42610065276682,173.57099799074564
382.5022287878291,72.80379963500428,138.7540813727138,173.63467915408307
388.9138937704317,72.86984353933639,139.45310457981088,173.35752177606958
393.17768408380977,72.78783360218833,138.57700605830988,174.190640444826
399.70017812729697,71.67260451556709,138.09098651534177,173.70315041975
402.8814049212467,71.6080390643929,137.7567640713937,173.83606021210647
406.55491476756004,71.45435046881025,137.07754861994755,173.66558529717742
409.5581788142972,73.01327814569981,136.75473205525117,174.07376358330612
411.8182562681072,73.32213028605985,136.11616346087894,174.42737784554336
414.7258829348924,73.31688769700322,135.8233052612806,174.9862211064279
416.90722285684353,74.10318632789159,136.72692800298026,175.4585681309976
418.41281184366073,76.20025639910469,137.0323417690004,175.98721346144129
419.8479380750232,77.57109903743446,136.5750228943034,176.5743996733529
422.39120804789314,78.57083815621934,136.26011418940823,176.63938385910774
422.98217132340085,80.0185912657781,135.77400659905945,176.25038789771116
423.98397300963495,81.89173989453244,135.68820448753945,176.3836244079027
424.25855477311006,83.28929313264211,134.67643894127923,176.15109207986143
423.72560399569676,84.66790780392407,133.94400446705308,175.8458106647725
423.4160088780536,84.72469000265386,133.648407231045,174.88385312508956
422.9087182225576,85.81758607829725,133.79239255042557,174.18615220419522
420.5070135843275,86.82301451110905,133.5266094173703,173.68688379281815
419.4599053196469,86.968371073003,133.2509762648773,172.5575042895785
417.1341361347943,88.24029885033204,133.39458197161866,172.15396689020912
415.1674263086741,87.89371024577022,133.3954368884464,171.3374293766994
412.3200253275962,87.36173006936264,133.58270720768837,170.6054749603419
410.33541741339855,88.74822591495513,132.72033142994354,170.84666035312603
409.43564268762987,87.67693246097485,133.16122828977566,170.12781876186477
406.8917424323837,88.3475776747414,132.48171818091373,170.83206580610292
407.0867512823323,87.27800086583369,133.64154856069797,170.12804758897266
404.25566659571416,88.04077325449923,132.83951314572613,171.08689569303502
403.38536317461603,86.60138946044933,132.85284080167366,170.59186657970355
402.1634868462452,87.21307912830166,133.33297470307474,170.2782321623453
400.0249636021269,87.55809618265536,132.34115560598426,170.80124293545856
398.226473137337,87.51543797896173,132.79034658042482,171.2568088228549
396.12363774465064,88.11378344940364,132.95968380485402,171.49321345635005
395.84256466176043,88.56246780283217,132.85672558144364,171.5753385463184
395.032226120048,88.36682941037003,132.35525319740034,171.3455748677951
394.6375477085777,88.98179273563633,132.31145373267074,171.34527594572472
394.12091454753,90.04743923553298,132.57829557766576,171.94649375106144
393.14608413187614,90.52893527462953,133.00297204923226,172.21626794350584
391.769740592522,92.49034572456827,133.25201537679624,173.21084883424726
390.1491761655251,94.12312273763368,133.36435599798662,173.2630431162982
388.4293484760116,97.96299691311671,133.47849992147772,175.0573328894166
384.4126454419923,100.74601931272201,133.68583854185394,175.9321116451987
379.557980167074,100.2686715477842,136.14333946751464,171.0584714130504
374.2020322847015,111.44138504957417,138.27292360201054,174.45369267912378
370.287495035813,111.57496819479019,139.8997705073193,174.8887369342316
365.4374970138839,113.71069000515539,140.79593449703927,175.30279155111106
362.31675485894635,116.6624124354808,141.50081678665072,175.36498055963136
360.7942105831453,118.72494928618127,141.43079923244835,174.50756819131453
359.46669493225016,122.01776296868385,141.50178846194254,173.99388267887895
362.4958827245756,125.8654118392198,139.59325561639682,174.55627918219182
363.445089162395,128.4951765112823,137.78077668683108,174.0604164678581
360.97522653056797,130.71049324466858,137.84114270518486,173.1261380578482
356.38500122154437,134.87145887612502,140.24247860002652,170.63632292194947
354.45588927246735,137.06733493118156,140.7938823439905,169.38365801200123
349.15458954781116,139.58411539478794,143.83774499215536,168.87925472333828
348.4645471618986,141.58580083231553,144.9022493363339,169.71225097856262
349.9871388920574,144.89538360014882,144.21230622101763,170.7142788518621
350.5081190891945,145.44344408983744,142.60512380182573,170.49710751466625
349.36953795396755,147.1303179441751,142.53643727352784,170.509973174979
349.08731012781755,148.42860878638672,142.1317804103783,170.61404766616914
349.2906492732578,149.89637387569977,141.1405258107705,170.3988868265323
348.9026032678579,151.9166379164189,141.05016482960792,170.43110549878668
349.9203517747492,153.93472645146403,140.21881265129736,170.11536857800363
349.2440480116685,156.5066152577631,139.67309664153962,170.63994499982937
350.9235222492682,158.56126764418653,139.3805348660166,170.04454217591132
352.4817014946352,159.63631976479508,138.69972849549137,169.33100738698002
353.71322633324854,162.16649966638158,138.10731408933714,169.0849638565426
353.76842635087996,164.32783380224996,137.22976102940086,168.74307284844718
354.6993399276578,166.33380204049524,136.6055914228423,168.7124510310753
355.2519082654462,167.42606506301118,135.61344826329332,168.66728660599273
355.6318926335185,168.23961378901245,135.58937855831107,168.32510090573732
356.8440750982198,169.3321148822879,135.04264207453377,168.0470490737625
356.31656316209956,169.81143780780332,134.89279858379808,168.1284126021186
356.0564410844346,170.13399927975013,134.6144584567298,167.8800855569009
355.72643197412305,169.87559482747486,134.48318997042847,166.93000758343786
355.4383985340887,170.44718043078743,134.3518479454679,167.2861276775863
354.8542621019244,171.43349918576888,133.69909102750123,167.39109469986525
355.05444411057124,171.30314338727484,133.8184576377443,167.07013803913998
354.1405300763815,171.43102218569885,133.2728316121908,166.92748586604048
353.7023682388477,172.66265224051895,132.8834438605234,167.5700566642219
352.68813623433743,172.35940920569766,133.1804241716527,167.51439533110116
351.73111733167957,172.01045578395573,133.7097641820542,167.4848336839844
349.62340924181746,171.43361152933306,133.96553842833725,167.67856620291528
348.43944823126265,170.26446246380976,134.16887319015427,167.61973408303106
348.0007614704479,168.67373886090735,134.2123405380777,167.531338425753
347.55300330915486,167.8788071253472,134.08439384987577,167.77235009690838
346.8400798400112,165.55913887947793,134.2646949240579,167.94501941335395
346.92342283048947,164.34543651917895,134.42378480484143,168.4200433575466
345.9068583487619,162.4835971364098,134.578665553575,167.53647524732196
343.7969418628084,162.1922376183195,134.28362263665744,167.22719229699894
344.1554312693874,161.761967795631,134.33544020783404,168.44340394421468
343.2643886158297,160.0661586895201,134.8928785890232,168.25571245451687
340.57478950717257,159.23984187253714,135.6938531010457,168.1819867211122
338.9715634210198,158.62754945534317,136.55241203528357,168.5308427695085
336.93332882704067,158.1866679712768,136.9103388858243,169.34603456903974
334.7091999914933,157.2803367977541,137.52079366995622,169.94578399894792
332.41336368458445,156.03761082261565,138.40392250630805,170.89438633126682
329.4494389980313,155.5082557721289,138.6710405638015,172.32336844280508
326.3143405046695,155.34824226640717,138.893255811481,173.35985156949437
322.94581304316597,154.7667205802407,139.36983271477368,173.96116300727985
318.7988668314772,155.48302277099097,139.90994334264946,175.8185855289318
314.63040911419324,155.6042827748841,140.58120221059758,177.11418769826955
311.0502313714029,156.23673366908264,141.46560058863435,179.01651174758004
306.5302518930215,157.07804057695637,141.72410069072185,181.02163635041165
303.45276512726883,156.16176575297388,142.37007535137755,182.5734869241083
298.65026166761766,158.44502129207675,142.86873423296012,184.86270971736252
295.5564440471461,157.51468986895227,143.21545140978589,186.310632780086
291.8334586621304,159.0181840410543,143.2061638103715,187.77581908035216
289.2609974328014,158.23812449857377,143.80677808345206,188.5918518997493
284.78161339942204,158.6788199212667,143.93157798767416,189.07661584428803
281.7780683876987,158.40458136533277,144.32156348078644,189.64872641760144
277.6536581016105,157.94562912838398,145.0207228934473,190.7503532981248
273.33564237921496,157.00989520318055,145.27465041825548,191.04784272445937
269.28861764731244,155.23366712328004,145.29824814561033,191.0543577698347
264.12412135986904,154.18848060272867,145.9015136391983,191.01718235474544
258.33376725469395,153.0744198244194,146.1598122197268,190.77383355537646
253.0665034605628,152.58080653891432,146.80964952326002,190.72315586384389
247.23623474417965,151.519783738379,147.85072685013034,190.5544345104925
242.2510637616287,150.04509248053213,148.3312016048441,190.4793271465781
238.50227304768129,147.58337818002275,148.18346786245084,190.28020907477585
234.11855324140163,145.3009223157873,149.05569816257116,190.03259982241178
230.31242179994342,143.03808469280276,149.58873312114065,190.32818492708446
226.77586798678203,140.56304757408753,149.63928682671755,189.80300939721144
223.0325440565725,137.89063150456138,150.59211501169108,190.195567213754
219.39689809569555,134.79264481484657,151.2217972647133,190.8235669794446
215.66052511891758,130.59532536371924,151.8030413147353,191.11615510044925
210.9309971090356,128.91225461821062,153.04078004323952,192.1962000185905
208.5766160051461,124.92238812944467,153.1276831773796,192.96439754232603
204.92172238018514,123.21964119856892,153.74138068273362,193.79408454792213
201.9500136001243,121.31352470455647,153.9580192587855,194.30168916375465
199.6869323167056,118.08002329138537,154.7199017448276,195.14475486012248
197.46583496857104,114.93611973275421,155.8078257444567,196.41131315994096
194.93839738032824,112.9567396461574,156.8490595635204,197.3157472757005
192.72538169068577,112.23263049651007,157.59204650921163,199.01563328315365
190.57192842190938,110.45767575103235,158.5523594283715,199.82431920042438
189.23497547640343,109.48711065544214,159.38892913678905,200.98628013014928
187.53391978137375,108.76781357648744,159.80237470768034,202.50155717603008
185.01445901212037,107.16793876148162,160.77528767837705,203.21985672517013
183.13687189304173,106.95714608313648,161.227185616104,204.42273773901832
181.88404706763174,106.52766475075842,161.41284320149427,204.80642423161333
179.5307221159375,105.90056047216854,161.59928236193235,205.23273601497795
177.68525699689343,105.20268468698586,161.65937945106415,205.9744045122041
175.21181182632745,104.93970595929582,161.41160102235972,206.23675664117007
173.62682251268632,104.69241696570845,161.60542937536528,206.08999401497965
171.06909934127185,103.18511138815632,161.7187580843746,206.30871507723418
169.6795301658325,102.76623211104157,161.7420947575495,205.96750400980534
167.23903359001872,101.20469741692051,160.9124732279331,204.78629931586363
165.98832191993495,100.40158256337837,159.9709177091529,204.9837691905657
163.89153048153202,98.91717333424891,159.41915785448293,203.7458291496791
162.1825966516456,99.10986524260008,158.69700705112098,203.25814428672453
160.8930444458885,97.23953151016164,157.6252091913644,202.15435650944443
159.25607281968456,97.41754179660403,157.18870513237096,202.71751019050024
159.09479953240646,95.62439679950043,156.2598022411755,200.94158991096475
157.35737590562786,95.67950400942064,156.25126417025456,200.3471110577404
156.68844737904027,95.31703282525785,155.5941889295378,199.1457287009149
155.84690015687926,95.28323435085018,154.90484088995788,197.80909827374606
154.06201552098952,93.28011654719097,154.816413474039,196.63773921935183
151.93095856006406,93.7941651394722,154.18902153270022,196.16681165101176
149.88630162430667,93.64720453211972,154.17305071335807,195.40926759281328
148.24707601958838,93.0137671229005,154.69152529735214,195.01960082532946
148.25644251405092,91.26542037349378,153.70127385149118,194.24787219737289
148.79101035259555,90.56985992619562,153.02570680938882,195.31586421289893
148.01895297141542,88.94412585937147,152.72813854162058,194.70512564908324
147.8683013234846,88.43111438105078,152.62360635798433,194.72157586135512
147.8773797668664,87.49375904962261,152.112565908179,194.6744633802524
147.96503413668506,85.05110405807724,151.82837369824486,193.98381463455286
148.67896199877688,84.24299171850629,150.88214871661108,193.03566367473297
149.21289053077584,82.6115754436185,149.94815338807632,192.25477407179858
147.82927983461155,83.2873120262767,149.3496168382052,192.4273123992114
147.5290282494356,82.37451641354423,148.8153019314697,191.1412059508787
147.001165217657,83.05224574102047,148.32646160212835,191.05592668683352
146.05740117540654,83.72891918964676,147.93060250248615,190.52272456211054
145.6983816176446,85.58084077178354,146.72193291973736,190.62326348363715
144.58286138581576,86.64922789829383,145.51391078802763,190.76710479877758
143.63806537651882,86.87246293988085,145.0644823159751,190.35913006995793
141.57523057025895,88.80028978975719,145.08896994454713,190.26839827381548
142.38197393650086,90.12901701806214,144.66765776593442,189.58268179804816
143.35411951698035,91.46831599504739,144.53736876123307,189.06821047867544
143.8698090839842,91.16520099931151,144.89902313171152,187.4764731792689
143.5573576974448,93.51733105531373,145.55099896029608,187.81259592935552
144.84591043905,92.52473033550888,146.77356727278573,186.8551298846818
146.0305443865749,92.9426552632713,147.50197017126922,186.7454435356648
147.81540641601154,93.64528049473684,148.32175054507417,187.2700956262921
148.23504660951698,93.43158741080363,149.74267232748159,187.09290472964435
149.16822886482782,93.4056875831804,151.65578827416584,187.21905136683347
150.9816202421618,94.0203213805107,152.6892437854891,188.16876746052736
152.6373089021809,94.43489713682833,153.90447254836715,188.57157147615138
154.6964156557457,93.87483995572458,154.983405456948,188.78477696861552
157.13026551506292,95.13791772144322,155.40116334939756,189.39922283373892
159.0643090378614,94.9042885388401,155.04292585214048,190.02709512321005
161.11802820333082,95.79501314357897,155.71512008956097,190.0040394398096
163.31130510603222,95.14228684827589,156.05356809613937,190.45092056063197
165.59635502537753,96.39496127102446,155.44159027244814,190.9556582515423
167.309961086445,95.99870000338643,154.9283433755329,191.14213291808971
169.2169658998462,96.76623975454308,154.63059651842963,191.48710097551458
167.965941776245,96.4310234191714,155.61838983799686,190.22336161199433
167.915479885228,96.67608988477494,156.37062847465273,190.06159755319135
165.1368784868962,96.94944187294341,158.45211420359786,189.52322979027176
159.93293606676383,97.9744096597675,162.14937625638694,189.2247427287009
159.17865960462132,97.3009394771419,163.04806542258484,190.1655188054313
154.60011334423567,97.47150337076388,166.01029843865643,191.23240698460273
154.67188922312465,94.85706958101096,167.07240511670003,192.6495625375125
156.93148195426147,94.01470186804005,167.4667056583021,193.30340690262517
160.591634918887,94.74913928688377,166.283413641252,191.9150371901623
162.6746349801221,95.31821543254507,164.1186666468335,190.6734059828503
165.57232738617935,95.49583172572385,161.8426008921836,190.3524482204564
166.3450703231439,94.27372245019419,161.55085675943494,190.48356667195213
164.85612543037126,93.28147451921345,159.49545520510597,188.58936203914737
165.81406282443606,94.71307368034714,158.5818805602182,189.03693232115856
166.8907861769266,93.89932494512769,156.9113248187915,188.56474984469804
167.67936140248713,93.30535720213032,155.82502818394127,188.87652345735216
167.9687590196541,92.59565913649635,154.41815235506775,188.87754063945476
168.9509202821768,91.07647544976678,153.37817979368728,188.69999853186533
169.89915569836091,91.09735473345427,152.55869145948805,189.12802669787925
171.4398539641715,90.67381802110461,150.52899587753572,189.00516929496092
171.85833796775103,90.13252549412084,149.34798345323384,188.89075467985344
174.35365984849875,89.67990219600391,147.49876196346688,188.64685293109372
175.5062319643588,89.44418262677098,146.39212885540402,188.2345881224923
178.49204844140505,90.28741611314881,144.76415530225148,188.94508617659213
180.8241270660741,90.09568809726531,142.69434505303542,189.61486459343183
182.48288878555365,90.46325408370464,140.67560968475505,190.6258977769176
184.40594113171647,91.0525779453969,139.2692137021462,192.1432251187644
187.45769831782405,91.9844107641369,138.24408849771672,192.30669080033044
188.3947563457477,92.80619113977092,137.18431291409075,191.538923446489
189.88818348422393,93.74493796952197,137.49922431745142,190.59144386083562
189.45958597031733,94.91925952660044,137.4264140929033,189.9035203797811
190.8534459463908,95.4319442196811,137.49519476636675,188.763014765118
189.95922892428462,96.11195994693702,137.67888401859454,188.35868341007438
190.85092828102486,96.25914619535504,137.60632946424033,188.32130498186092
191.32720100384847,96.68536107431413,137.35901437385587,188.2676081007204
191.77298494988128,98.45687916677772,137.33762810191124,188.60861918561437
193.43939445491787,98.63215152035572,137.17171592548672,188.54653804118536
192.24137592314918,98.7851253057816,136.96262732335947,187.6677167587476
193.76353333109046,98.53580997164593,136.74922938903822,187.73246611441022
193.36979755270414,98.54701114103825,135.8802946624322,187.1900774441627
194.3371394803779,99.99127207944774,135.81903283371886,187.3308939271765
194.559128789664,100.23926540884125,135.77870813484358,187.28252456079366
194.46918983980598,100.59644707477267,135.73212451972898,187.18631778124558
192.97757601297997,101.06852931656456,135.51452672057644,186.71895683884526
192.87032134679183,101.42529640321493,135.17920275522323,186.98091287798502
193.89359168126686,100.69213223350093,134.6184398219833,186.48730400256164
193.09648640457664,102.03558589252366,134.72769434928645,186.83765459429097
194.2690692813366,101.49993696390662,134.22281961902092,186.93255672532112
193.87051395981945,101.00862128187775,134.70409192511067,186.6693835411153
193.7216545647434,101.1063857429157,134.51082219249477,186.53303459934722
195.12894432705457,100.51146756135739,133.99792418642707,186.5006349252095
194.75006739829274,100.01454817305368,133.89331565915464,186.38565505157126
194.78728716364313,100.86202491778603,133.43191735054933,187.00378044241663
195.50935110819876,100.21936785795478,133.4068481419724,186.86825823261898
196.71471131740228,99.06015629535838,133.1196490515378,186.6028278746117
195.55126123815194,99.39563405200076,133.57526830145392,186.12978731932714
196.3049884119323,99.21459425473023,133.39337690784214,185.5793370280993
195.75421952565085,99.18249474635572,133.71251800624884,185.87881150711812
196.82001613198304,99.09597345347927,133.5764730418755,185.4653922508109
197.430517318329,99.42261172942705,133.33361608973485,185.85356870279873
197.61877957492567,98.50677828897312,133.26791877218588,185.60653456441946
196.5862804833042,98.48336903351293,133.6369136375959,184.91106549914127
197.88091966390994,98.85607119867515,133.12674899823196,184.7872873671086
197.41050324217912,98.82552096279879,133.50518161986898,185.34738651063142
197.0970980937546,98.58623837550043,133.4511350927968,184.66004120282153
197.1527989466781,99.24047942498746,132.81349297852918,184.4845229996452
196.88935390031625,99.97989130700779,132.6967590039464,184.04208894412352
197.19110896320583,98.91933833850209,133.04578391139324,183.55653379982084
197.03578427244037,100.17951762481115,133.03584872752313,183.81938097480707
197.46738656159968,99.11009563305777,133.68721450461982,183.93297356976404
196.0435386244229,100.28505488084363,134.57571238092652,184.0994012903941
196.32951294049403,99.90466322730231,135.00415523209114,183.6634408707464
196.45997944156034,101.23068540950763,135.02946665215586,183.73490629484894
196.49760516605164,100.67906218652746,135.702775572188,184.26074776491816
196.2449348230462,100.69843384677804,136.16913098719203,184.25753802534604
195.96556802291394,101.47649630219533,136.36334403768237,184.37900861068914
195.77629454419792,101.22916472675676,136.63341714283766,184.3164459977685
196.31278296018803,101.42201158532566,136.2586585968949,184.131166431584
196.281791814075,101.3966002144058,136.3468061547109,184.19116596972594
196.4866258188593,101.79229441442243,136.0249090989167,183.969501056593
197.20680069924856,102.20119797569907,135.70534493212472,183.70976548774684
196.91301837792412,102.49978597683317,135.936532062557,183.7653166721585
196.8175960472617,103.17575934638202,135.94114971518152,183.55878333180345
196.61275824817352,103.70542249701448,136.19145180645418,183.513889103178
196.9836851173722,103.68024873370221,136.056077414809,183.5682402677385
196.85039844379014,103.693659714121,136.08679714955016,183.29189003296085
197.31256258670373,103.29167667069554,136.10425557017058,183.28040056389594
196.60058884814805,104.1066617095577,136.4462552437847,183.47650866267003
196.36664596782958,104.30148960740098,136.45187050614584,183.41519214568143
196.26060928701276,104.73086806505671,136.6008927483327,183.30419916212122
196.10041590019796,105.30906987075781,136.86567243032687,183.37169992198062
196.7681943826578,105.05522245262279,136.88871334004858,183.60124256065126
197.2356215138987,105.21929913935173,137.15618156062953,183.46533210759208
197.57118313494334,105.56678920132592,137.22040427820363,183.67435363683813
198.21513393654965,105.59484446637114,137.13945941918507,184.28435517206293
198.08892564004748,105.42313824788383,137.503422491355,185.15535645333688
198.67652763878425,104.760159704009,137.09898528856297,184.68766029134594
198.04133107149605,105.26752816264795,137.1084753030985,185.1884552716129
197.66193713549427,105.68706682382464,137.37030927047329,185.68408032181048
199.1821639976239,105.1095544844519,136.87103877947519,185.38937293535514
198.287052360614,105.92081425813946,137.26727761650608,185.48980122390228
199.22863811841248,105.66994286391659,136.9768847836179,185.89009927622493
198.12110411529505,105.72379438060324,137.37348862988725,186.28246830486717
198.39563856031947,106.14273813931831,137.18127861916616,186.20852481724506
198.51267276504214,105.69866650167606,137.19761754786322,186.47780552319745
198.24987767846085,106.63980378026349,137.40641010692818,186.6205255777627
198.70055868370824,105.98315858014504,137.6573693158777,186.3795184115857
198.43049581243628,106.50873511851094,137.46621306264834,186.9333378165815
199.24781821661236,106.26371007063396,137.38981617814713,187.14820626122005
200.00167686440784,107.42629913150638,137.30223259246372,187.68270163953625
198.91440422078225,106.58452694972667,137.85429188442225,188.16787495035368
199.7017698275564,105.83961233455179,137.14503596784814,188.77628106497315
200.07155800422856,105.69431281946109,136.9889820535068,188.9963717789953
200.08886662702275,105.71638900685258,137.17077456565173,189.49730781458982
201.04935546518698,106.21113554202182,136.8665991048995,189.74931321455773
201.70602890630832,106.0857430262813,136.8738739515539,190.23085981875738
201.26973614518744,106.34069387417759,137.3336076633403,191.08200670218082
202.87922084032016,106.7227856834986,137.24797481711175,191.0293271256874
203.7553073488712,107.15127298064874,137.37493061375324,191.73651991172005
204.98661098996587,107.07251491574415,137.39567646953387,191.79265512707954
205.5471679544616,107.11127801536114,137.42145020056898,191.94255319179973
206.12438645447375,107.02687393046978,137.53857684972223,191.78280121787327
206.0220146730586,107.06275509875647,137.88033085278292,191.79627888774672
206.7552246040405,107.73667575673619,137.86613083468353,191.93115079429094
206.84605380272444,106.56343086655573,137.89280791144915,192.00320338554968
207.89787137394757,107.1980916042736,137.8763881925869,192.25373967435803
209.3980112973454,107.09405188076887,137.49022024612083,191.58821375084594
210.4519317802538,107.23698493540846,137.3207532036057,191.46710474429466
211.19914576937828,107.68355397189438,137.63579719019287,191.7890854371538
213.84605123660924,106.23962840081427,137.09466703423436,191.48918790873603
215.5715212232132,108.16410415985813,137.186057087653,192.14561845165295
217.6519951062061,107.96260437213964,137.2983088799253,192.00062472474465
220.18215950172316,107.91993112386162,137.1484725090877,192.35722734031353
222.52625392271327,108.65537066392432,137.48264542247858,192.172916186595
225.07758227831738,109.1658348429518,137.5024042538729,192.27603260450286
228.10031478308292,108.68564969159087,137.3912186861753,191.9462031506024
230.0693088156271,109.54109391568986,137.3887975232476,191.88363084734766
231.79173729498976,109.56621697048939,137.41553465975238,191.5994032476134
234.22099752431222,109.28243485351828,137.55839941305206,191.58259245771376
236.61084438276788,109.60002076804832,137.02641401675842,191.1835884618627
238.73383040086267,110.46746011950562,136.97086117765133,191.0822879402149
240.4925072449064,110.31376028474844,137.2321835225839,191.3229854077668
242.69648485424057,111.05625198028162,136.68787051964435,190.90428691164368
243.92782719109658,111.53965588781861,136.76192972525052,191.19738979927507
245.67894399621673,110.66359923915084,136.87518917416858,191.05821362403066
246.75997776647372,111.46479864220744,137.21070287716958,191.42790387011777
248.48530575792768,111.75347276194086,136.9464046308492,191.22139808746857
250.0678593549136,112.06929811099278,136.80852221600637,191.48985060076762
252.81967201555932,111.0890227801024,136.6688905394293,190.75652690341752
254.59571029776723,112.18066011384013,136.63116009775518,191.1672640195419
256.7470470209343,112.2145400760468,136.46836158657115,191.09821167725494
258.2402048538717,111.3919931909368,136.30996278127677,190.58860039986752
259.19777398866785,112.04514887451224,136.26881123272335,190.94757438160886
261.05422046230206,110.29952275157234,136.5269518586055,191.01596743559412
262.4975055711228,110.1417448438458,136.8127926059299,191.01115826915748
263.519344037178,109.29286233815687,137.41039894751646,190.98052710324347
264.48648225408635,108.31673393413669,138.0604070576908,191.06789631610712
266.30241567601865,106.87194157318325,138.34164617848685,190.80218924228342
269.0912953967686,105.9845408158489,138.4828126898983,191.47236433979208
269.8854242223398,105.35671506941046,138.812745756453,192.01344423747702
271.1176926803197,104.6048566985244,138.99923628151802,192.34382316205705
272.7558283248977,103.27390700453074,138.97828983290762,192.49591567863018
275.318083405533,102.6225966896343,139.0462416391054,193.00936008276082
276.49696435947794,102.51978326109014,139.56341082824608,193.83642639678885
278.7358458587321,101.80816927657479,139.79499412414089,193.92138012532578
280.318713514229,100.90127280143933,140.01584071088266,193.88212785045326
282.63355647931064,100.27545048008746,140.2664815286137,193.9730973251196
284.65801227390705,98.98430838901058,140.18377696685616,193.82464358269755
287.3862663725887,98.31809466061097,140.11210353588086,193.69397322875153
289.94839589830065,96.385417625156,140.26635076344854,193.53064935929282
292.1280534567269,95.03531416036478,140.37574130074034,193.56250344654433
294.49187772211,93.8818918197379,140.645931267136,193.8521369289913
297.971447103969,92.3684062414425,140.72656549078374,194.15678133005844
299.474319317889,91.71699443766843,141.60237757386906,194.2996115274961
301.57579160919454,91.1099921239927,141.8955939752973,195.33656042343182
303.8136384627604,89.52781206308143,142.6052645145339,195.66392661253036
306.8278002859571,88.61849852843932,142.3996098973764,196.97354986377945
308.74560383756983,87.75253356103616,143.18232850444755,197.7579371908015
310.99528791120446,87.2451860472943,143.80292924832213,198.82355049936356
312.0454011636205,86.06616477360788,145.03341005512024,200.50804029519526
313.2419863508939,84.31135906677098,146.5733160622568,202.05692044094
313.82918492410056,83.3843816455649,147.99514465436894,203.70264846848607
313.9588196231199,82.18773699771717,149.0697656944101,205.90682112230246
313.94990835720665,81.08055794902845,150.41589275542663,207.49530428309924
312.9086247118721,80.78043781014188,152.09717660312168,208.54180113884098
312.1367799108808,80.0822331535021,153.20710743964514,209.78627292267583
310.4289294671906,80.56956970392835,154.36116587097095,211.6553400466616
307.62799008575126,81.46612989498084,155.83049391744942,213.04731211374485
304.71986651063185,82.40588310209966,157.49814335040304,214.2445411960282
301.2068332072886,83.46640686751826,158.91716907497897,215.54526542994626
297.8284952420772,84.99488601065985,160.1812340740052,217.87001671931614
294.2954708552266,87.44702396876764,161.22331701213525,220.1446133883972
291.3240508750821,89.9960104708554,162.51630469657587,221.7634258151299
286.03972114287234,91.56750641832568,163.64593732841482,223.0186434920277
282.21726377657865,91.00414990805902,163.077186098783,225.07618705083388
278.28605754445016,91.70559944722521,162.25979757579623,227.2654121962106
275.1103568869234,93.56748619877715,161.51708601777239,228.80819209505376
271.6907392354573,94.5872133927915,162.3038062907974,229.9256741141143
267.6030219858493,96.07139649773765,163.86619319022088,230.66276201532122
263.1375645076942,99.00525468243733,165.8370599478311,231.69113090822046
258.494826588969,100.8287171182784,167.14064844473592,231.48325456520956
254.751647183758,104.05035822694624,167.8068392368168,230.9331880041544
254.17191859940965,108.09148824866514,168.55645227523587,232.14425910695684
250.49730184119846,111.79768397027337,170.02721870868095,233.44793688523697
247.4432058721224,113.40881203830772,171.72742209855429,233.74643890117633
246.25099719745512,111.02631180460313,172.7417395457358,235.57453684554474
245.69036113819223,107.76418391194659,172.35193259130932,238.6397834603256
243.281951759168,105.12973131981397,172.35833322039045,240.4625094930558
241.65602770340575,100.77953586900267,171.91374897984895,243.7699765627387
240.51628626075944,94.6900785329148,171.4787862741687,247.72049386552968
237.71297434082197,84.30749275934954,172.4595055539545,250.47188100409085
234.47446716932308,74.95965182882532,174.23796681162517,253.64335574996596
229.1833391404712,53.01656896053079,175.42474557440704,251.89593841770736
231.40312194231856,46.258610539213095,173.97720677658998,254.5007377066318
232.66637852186054,34.41535930786915,172.8551118475628,257.0986056783529
228.27127850841515,15.894543109670522,173.5603957596464,255.37628009745524
228.45300967811102,8.703791170085665,172.2332382517595,254.35175904376362
224.77888418987663,2.324554703073318,171.18726792238112,252.43552170404564
221.37447850889632,0.06221899059653424,170.84687836805148,248.7004332260451
219.92613404737634,-0.5634296593350143,170.05352980215406,245.15562704843018
221.87558871201793,-1.732591162864864,168.11373252102,241.13297383631263
219.4942106267209,-0.6138433693365215,168.32593250875271,237.4882248646658
213.13131581991303,-2.2384189671310395,168.15906388872588,234.3389628789499
214.88985654457565,-0.8598277837634498,166.40337479436585,231.36334218490225
214.12529085970257,2.3278025858250544,163.48548992494574,229.02167653086929
214.239239206847,5.564215160111459,160.68501789992266,226.72382200912753
212.84688882954129,8.294425904060319,158.23241062917396,224.24536296362788
212.44317066656168,13.419729161703273,155.86759263117384,222.20320581205047
208.96684966486634,17.345001931963196,154.51336131303128,219.1565504998021
209.06836615049158,20.700165049571567,152.73520562773814,216.43736153074443
207.8245140847891,24.863714191007745,150.49076397285774,214.94565190830298
207.85710130732144,26.716344392947875,148.6401109358741,211.44154378439575
207.18254321621433,28.885415762939104,146.8707848211065,208.6863882337062
207.38183163023038,31.28399813790952,145.21693178991887,206.25400605555797
206.95771554909618,33.702432693046575,144.6299052060401,204.956195392168
205.74957712876326,35.05530453084418,143.66469443875002,203.45691910663322
203.99531112103054,36.528539215561665,142.75848779912513,202.88641509402504
201.56523149661848,36.0667407447213,142.2748975247864,201.8600911429903
200.15774784124096,37.99077527521783,141.1233419034888,200.91701299348102
199.04319124194598,38.26669447415051,140.93316241370906,199.91766935994366
195.73765215987805,38.75325487673828,140.5411172944587,198.74705458437398
192.52300604929104,39.43703102829582,140.6496907503739,198.64388190181097
189.22621433629305,41.06273478938529,140.61684175754664,198.22070404538826
186.10190032843167,42.53167115135514,140.4838240937955,198.02517283985065
183.0790733491202,44.327149645229326,140.7465200217178,197.7488535130825
179.63275989824612,46.82604538162143,140.7122150654032,198.11212933537277
177.7905203865846,50.05332931021101,140.28476896360417,197.35593574958642
175.91121481730235,52.63874143048055,140.16596849824106,196.85805653163035
174.8690081032671,54.82454115612407,139.93898413540273,196.69850227306182
173.55657994501712,56.22448984055109,139.66205698556362,196.7832517967554
173.3209175838274,57.539967927662474,139.30888931301888,197.3615198466232
171.03723350941053,59.64806401100181,139.68346266204793,197.48066245777656
171.59325525884503,59.68748292422893,138.9876986579413,197.2042092015633
170.37279674248214,61.058678592230166,139.46237528463078,197.2452081491454
169.25456926987022,63.58967668736298,139.45104394636155,197.1966144208854
169.37421858761763,66.38165790334682,139.37815571233023,197.6065875739397
168.31162522318732,70.03778750046075,139.418142369856,197.65761535175773
165.07558882652808,73.96361264784014,140.30139804357614,197.85706578789495
164.99518653796844,76.50160024540637,139.81959433574517,198.04633698405888
162.69599672482306,80.07951644492644,140.37876936456274,197.74830936025677
161.90078894680988,83.21674017215167,140.49414138535656,197.12381145643496
159.83370740455098,86.76456357634508,140.32833050518317,197.05966641806768
159.71274082598325,90.03568447856853,139.80113635299634,196.62554505505756
158.54004310042276,93.54120621043103,139.46183751395614,196.02546751082718
158.54758167998725,94.38430970099233,138.6848210676415,195.87378842753935
159.11314374713905,96.15962724190601,137.97105372245,195.38191446555453
161.25339926420446,96.5003452954995,137.33809517855354,195.27489082346307
163.17110518002832,97.19053306311628,137.16975397411835,194.83613873755507
166.2537037426594,98.79628224730695,136.8338009856665,194.20398726439163
170.94565305948453,99.91500642750663,135.83455258242395,193.68131088999996
173.79731143490466,100.46798166581223,135.56043075879927,192.03767007191612
176.10433090217447,103.28086230100647,135.07947278357975,191.4265567621905
178.97385073175712,105.0038105474394,134.52288198839756,190.72602731949553
182.18260429523974,107.10866067952716,134.16463904447673,189.45653811298297
185.054034519362,109.46701648581501,133.8678778775433,188.8604157566939
188.10810026230635,112.32265543701237,133.30820401418265,187.8902047869774
188.11776456973473,113.75057320741425,132.91872149536468,187.80638839404656
188.2183115537249,111.56680045084698,132.5869829079195,188.63650195184357
185.96479033166844,109.94210094682617,133.06036541703486,189.73216436854608
186.18767406674237,109.57212220276963,132.76238147962567,190.39601909324477
186.360024119104,105.49059015056899,132.61884840702504,190.8265969496297
184.4680713103011,101.04879840067213,132.60294909871226,191.61691491597617
185.48346352773396,96.78710345530278,131.97045482116465,191.27146649647315
180.81502611466794,91.44440105229077,133.2273955271185,190.5333693341134
180.85754862798905,91.11398753736816,133.0491147842525,190.75597705510546
175.3854919433437,86.58367353660903,134.17233295853592,188.8263811720412
174.9158056120145,89.58816377798075,133.94015546650832,188.0582883312045
174.0531300636586,89.00942115825984,133.45451541903978,188.0274237276211
169.00051096083968,89.5311105610011,133.9084388892651,187.66731567456856
167.82276344992448,90.27884742076581,134.4581548116311,187.5085828064414
167.09258602861863,90.16374761210015,134.42098992272116,187.72242788340978
165.46614902526997,91.50256026291132,135.0706217705287,187.58912125778232
163.98004127405787,92.05327618876537,135.7077325690497,188.25992396513337
165.73313122820937,93.1661693946719,135.46008756904138,189.14829880629577
166.1434488026864,95.05952697209915,136.16526611885593,189.09321636094444
170.3833037737307,95.44524118635042,135.52451205597876,190.0133038549883
173.5532171857331,96.26068114988095,135.28601885013805,190.30775289788266
177.69907095577884,96.71994997041173,134.6918058168825,190.54056909288067
183.00026283645417,96.04982420441048,134.98765737657678,191.63206682389497
187.8100703195131,95.03729102323518,134.84973090990957,191.89723130502762
189.9908470240386,93.92467733324904,135.72876902689006,191.83459924515006
191.9003850016947,93.40496488678693,137.00579960081367,192.39219264708078
192.25823695140735,92.24231640183335,138.17784179704574,192.11767687093996
193.44614034037596,92.03639228455256,139.19653527469325,192.23819202616346
193.15014639314222,89.29550463256186,138.78033158361998,193.10442730252646
194.16803682959386,88.6548191903546,138.04830337146802,194.2407066085766
196.33625097280617,87.46939557181221,139.10462248723456,196.07998782183478
196.14287135308348,85.05320757473726,138.99516352218168,198.17473344870564
194.80534873776156,83.68774635361416,140.22389096088668,200.03807547713348
193.13634984522656,81.35322239021514,140.64800792091395,202.09649694480981
191.39252362946638,80.50097240808829,141.9647075554983,202.54849923602885
190.89365666165736,79.75779581637181,142.69476114415053,202.661118898954
189.52205539656748,80.34646396300872,144.17768127706012,203.37923033669824
187.63982717202208,83.11320824661958,146.61280763944285,204.85633089224874
186.34333833198286,84.256082060436,149.30279571594224,204.63790051200664
185.73777818729104,84.94325737221537,151.52233694953972,205.55740102560915
184.72690964714377,85.80441153897479,153.76313805690526,206.74516644926194
184.55684455119098,84.98480632605009,156.5152286121989,206.93700026626277
185.5440108508285,84.34792493517254,159.45612628712433,208.05025672503794
187.41554289262154,82.59552538866323,163.26436654390076,209.01740666339347
190.36276359986311,80.61734475360953,166.09831868410515,209.58925741638052
195.17188016782438,78.030472962458,169.30931108834375,210.19656375426828
199.5223584253105,75.00694948497099,172.94592190277825,211.7069066458268
204.39104692286514,72.64301416738203,175.1733400202788,214.03647186489752
210.50741947114895,70.71731411197024,175.9844925524954,217.13133149844526
214.07581781103,68.59801938988556,177.6298690294716,219.90350100738817
216.35822748137065,67.97698508380677,180.2882213997583,221.6012180715893
220.6056991301303,68.16585468585592,182.20713460858664,223.65271027274918
224.57685649279153,68.99502393304562,182.46638657943114,225.98603380382144
223.89968569328445,68.26287193939268,181.57998859447622,227.84676148859893
223.22080666175987,67.6990024073549,181.92575074592716,228.8298813709223
221.85127477142353,66.76737801681622,182.5310717173042,230.35817091323202
219.62512099446752,65.27480621170108,183.22946706075174,232.72153108811762
215.20200723468852,63.19381244640874,185.5798773958615,234.530389470219
210.61830598756345,59.64980201793381,188.8947641926324,234.77698204729217
201.92376304601544,58.45475709880148,191.02851331425384,235.48867577979053
193.57966965665383,56.548052495072284,194.07104732198093,235.19371659048988
183.60919774267614,56.62475700979394,197.8618675537449,234.1573557053871
169.987251693629,54.899826899483855,202.93851569431968,232.28417448695086
170.9088253591676,58.59599576425293,204.61348197637113,233.34187662099913
154.70813469733403,60.369919882166386,211.60771303148357,232.3872686462501
157.0433389878633,64.02351077466992,213.83607192173847,233.8425523382328
159.68951617213108,67.02259127742855,213.24314134318098,236.3287472592292
166.5518881320974,68.26204218940413,210.7156249012757,238.8853011390134
165.39508861528276,68.80876533752243,210.6539318721456,239.95617769586516
166.4994607037119,70.33033704598252,209.56664348389967,241.19275458534148
177.25699040763115,73.44270180892599,206.40921003736486,244.59362968897113
171.97052651847008,73.90831674411618,207.19923795911964,246.35261635988104
176.77714273058217,76.33552694786181,206.4448550603471,248.5666258992892
175.20351190303808,74.97682287465881,208.68688261700086,246.99926641797913
188.74139083827134,75.38540563404825,207.71948694441025,247.7311531376646
188.77142377312316,76.97112842350825,211.13735805781516,246.61959759055918
205.94009130482868,79.51977096991229,210.05960551393537,248.90531287159143
217.4035969960186,80.96856715654053,208.59541418465614,250.0514793675061
229.011550804989,82.65683767015918,207.12246654291158,249.83902229794091
233.00850338194385,82.0701291766282,206.8693460340825,249.02607289382092
249.52967816246948,80.31505622593676,205.01127114649313,249.707655820274
246.41135285023194,79.24160528731069,206.6400016011379,247.8915306970989
246.26812990160218,75.5802326914073,207.81449012716251,245.3605886025287
261.44510179544557,70.48627715999885,202.9581983933088,247.87371166714615
258.22243013034733,65.0395310401575,200.42646328569998,247.59052143459985
252.42289416392677,59.87703029988198,199.51601850253775,247.34134803416944
263.19615641029685,57.178322338383964,194.39728941995384,247.1066628982055
258.4081268238019,55.56022227511835,192.89458653850028,247.35673302557598
256.13851120807203,55.067973006827586,189.46424188800216,247.4511229171952
255.27370383729018,58.626496212923186,186.30860939903602,247.7994118741141
261.54414615855325,63.03198533274468,181.08416390827384,246.60618427915495
263.064679589663,69.23066634918844,179.79497745338767,243.25817489214145
261.6966976902791,74.76642121975303,179.15574503366486,240.43355903376374
258.9455177996175,80.73969992469321,177.81592551658713,239.06034871555818
261.0778802140791,85.10761077028776,176.41914755083855,237.74573635969622
255.16189888838696,89.01698001367821,172.08773625507916,235.73892137679107
246.41218883360315,92.6512570534218,168.61714560720048,232.28819070733806
243.6321585064366,97.32128792797684,165.63811038293252,227.40905310678755
241.12067749575277,102.13520608958973,164.37052026501794,221.14627830509193
239.36099879506943,105.18603196258525,163.16487585440342,217.48058089145258
238.6633410608076,108.48162451054247,162.88897888815842,215.20773562021463
235.62223514301544,111.09943374960355,162.6813137858765,213.9098121684902
238.33434176594187,111.6074041366405,161.46197553239423,213.0109260282125
243.71190111826306,112.53208843330208,161.33511744023969,210.71289297828343
250.67087425734377,114.89556541729735,162.41630999417052,209.10090731015862
256.8282878896483,115.85238564955529,164.41332374060886,207.4429744076125
265.19405785523486,116.9981086131776,165.8425656697873,205.5292062190344
275.61859602364206,120.50308592761698,167.41586596566336,204.13658404865174
283.943748884432,120.2104620914872,167.09511957025535,202.66966835840825
290.320506047786,122.87879697503067,167.29862504945544,201.35031970109304
300.4442319567962,125.4029610543702,165.99557211143997,200.50652273519353
313.41379222941225,125.27209926082438,164.83509994267277,199.84234514773988
320.72187378421665,130.70304116403756,163.6780680739087,198.38484309332767
329.31379205419626,131.70274419577146,162.35469467634448,197.68647839452964
336.0049047358339,135.2137024674003,160.51147840730744,196.94038878227173
345.63748750237994,137.13675629133297,158.44978501166662,195.66124170760278
350.5816590436216,141.77570120284798,158.15689519151243,194.08110054561408
355.80276643298157,145.39132899536574,155.92542527058055,193.55031731546745
362.35646949186673,148.72500441225642,153.35463643186287,192.0560278525357
366.68781971530257,151.66522498898397,151.51012226810286,190.4260487542869
374.24874014238867,154.75410063323852,149.45825154485095,189.02810741756002
379.40654673746815,157.32452426211734,147.94937816182102,187.43666597301956
383.6518148574892,159.36842002769686,147.14150536248312,185.24452029871784
389.8652781395679,161.63154501674586,146.42166726878474,182.9307174870627
394.0096153698408,164.33648567126295,146.9119120282097,181.26014715787161
399.9884903078164,167.87083654930137,147.89768842026388,179.96450715411413
403.5638871321962,170.454659025125,149.46935551826937,178.9467330749644
406.883661021069,172.13827458233442,150.24913595326194,177.85000452783686
410.38103514645525,174.82744902692906,151.15129312470003,177.34515074057632
413.4070853793499,176.56240538022658,151.04923681403156,176.62845096275322
414.94079692113326,179.18355311421112,149.53637916015234,176.01999557886006
415.1499527357137,180.57678212368717,148.19219186723407,175.4002777389699
417.11167905978317,180.92153709555544,146.18867170372198,175.17602320471244
418.20612954804824,181.2022615724805,144.94868972543333,174.49778903006052
418.55968514864577,183.02206326681073,143.66183722508583,173.30467282973927
419.31770039923373,182.81048025539548,141.54469781525665,171.65197024600238
417.75465256388054,182.54846190001933,137.8654622557994,169.81296388691524
418.0438598301659,184.80021913744224,137.06817386477687,168.45149634047516
413.86276760875194,184.01991461048004,133.96506060863018,166.95010821918288
412.07758486508686,184.59537531408134,132.3330106296518,165.8035735257086
409.35166410194665,184.65649111182248,130.31297505784875,164.60104589064503
407.69049491068927,185.68388432105576,128.58251612285864,163.0540431235304
404.878156078414,186.79927559997574,126.53201525957704,161.9057131013197
400.676921369307,188.0951212026607,124.3057958655352,161.6545818553614
400.36618597020856,187.60535952579005,122.9093342487235,161.1145670449639
396.7268205969601,188.1894189578106,121.69431728403873,159.9485218938026
395.60656345155576,187.63856642743488,120.44412274687505,159.0639287510857
393.953300221454,187.83498187688224,119.70346140190284,158.86174877723127
393.60410265688313,187.58953458330146,119.14104067220364,158.297020548307
391.99163869370466,188.7591955747314,118.4152950183909,157.56101987930512
390.4906778310532,188.95363636808258,118.39132400916625,157.51922329168727
389.8033397519009,189.20956227468503,118.08714045677738,156.93691084603896
388.13633086050584,189.5017568899953,117.94771234723359,157.15616519966977
389.7938803315384,189.94468715059713,117.68770478624154,157.11937695601205
389.08695987629255,190.3608768820397,117.33980978059554,157.22138100467018
388.77462356021454,194.77092764080643,116.63186548751197,159.02017311048877
386.1529156789213,194.7809947915452,117.45225659570991,161.08818287296083
386.83033997564524,195.92867893126652,117.00112689102176,162.2380777408723
384.96303330970375,192.26853043828322,117.70368627545604,160.5093778014849
382.2508279078276,196.06647912141324,117.42282202046191,160.5826832397903
379.81978934971664,198.53270539737937,118.14660300936448,161.00850228667395
377.1107010103305,194.29867323975049,118.61372654558919,159.9707386981842
375.26452213073816,198.18124393536314,118.0899330672861,160.4226707475106
372.10576275304095,194.05340199960665,117.70416422120957,159.2925389986012
370.009135448653,194.1390745308294,117.57159790713388,158.83697419433446
369.23399662079095,193.8346314556778,117.02058867473548,158.69453890966298
367.90717148579836,193.35084418737392,116.12424495286879,159.0783629002922
365.94029207335666,193.80003734000275,115.06385886121785,159.30336107074254
365.1306816829274,193.7490736152949,114.09071533085802,159.5726795372376
362.62516240623097,194.1897195027918,113.48940532773236,159.6632684962106
362.1617514739962,192.72763510682813,113.00245389393831,159.7172717016664
359.8956252912866,192.5201393241851,112.75514664708334,159.18146910658638
358.28017895538153,192.67394932409616,112.73745171055609,160.44185061547705
357.15632707924226,192.4182590530476,112.81520307025647,161.2178251760335
356.79679288171485,191.38652163097538,112.29612599469215,161.6397988318997
355.3763942249707,191.0188401187034,112.31499146919127,161.93919909003478
354.3456555245275,191.29692704496784,111.89557478133248,162.39153606552406
353.25531233636843,191.06877312086047,111.92128908123462,162.34417798966655
353.03491660156624,191.21801157003313,112.18886271779687,162.43193075540856
352.04325382594806,191.59019446341597,112.07438276900265,162.84738326030697
350.93900198074505,190.777086408643,111.71696229177564,163.0283464744977
351.4232052411875,191.18870759491062,111.82657479383232,162.74985747463165
351.55184383766743,190.96759055547568,111.7495965402197,162.97047154515212
351.00715242049387,191.4745291525266,111.59648812929714,163.1603893072576
350.6050301451045,191.20276210964107,111.51858405660934,163.15171961857644
350.9097096490901,190.92257953113455,111.75041747293555,163.04789752306795
349.4400670537482,191.78421794073415,111.97225323696827,162.4745625058936
349.67622155351575,191.88906582294373,112.5962909733875,162.59125229912596
349.3951055366082,192.10675707622272,112.4320905645375,162.40121483372377
348.3157186690512,192.84634628476695,112.65158963095797,162.3137921167467
346.88632566275527,193.53091896515627,113.44039311486321,161.8055146139011
345.75103695304443,194.95955208240633,113.62899984260403,162.37024902599214
344.0357936577251,194.40749426093836,113.99153761503595,162.35379043301197
343.07289879759065,193.47966233647224,114.17458968443353,162.10616634668727
341.2857341210554,193.14957315401628,114.27839186541536,162.3469032798384
339.56897970293653,193.49922321658948,114.63706778539338,162.4450637703269
336.18183078582604,191.67542850136456,114.52603971095341,162.21152369752662
331.97338088155243,189.903851420583,114.79384970626828,161.42798050954136
326.63299469991557,187.86344240545083,115.36756449813086,160.74349206702743
322.16830046008346,187.06269444749367,115.49003960194052,161.01319586677658
316.1633281792017,185.65688542836907,116.43723430103313,160.78538447883255
310.649779080582,184.43942211577888,115.97652617808222,161.2318124162688
303.7568492107598,184.15472113925864,116.1386438141499,161.15147617675098
297.4407540770994,183.81491674483811,116.36903869420263,161.2921306480223
290.9617672092041,183.96023972635288,116.19862688617,161.2384550202379
285.38242069151937,184.40348414001926,116.1067210140687,161.2068815137784
282.5473616972563,186.8236220863078,116.68712018393035,162.4875911291664
275.31683785781297,186.66003914278852,116.31740595333216,162.6791346191398
273.92513157477356,188.07581528948577,116.51514018040646,163.65454910736148
267.67047389699565,186.013232994255,116.26166962440219,162.7786260322652
267.2402116914843,186.3018855046272,115.99553404606783,163.1663963851704
264.80764777686227,185.56944504768146,115.66487158447941,163.78205499662505
262.00245476126014,184.6882019882589,115.8771152778846,163.23779820889973
262.2062375857732,182.7778975585786,115.41469321302051,163.67254877091233
261.26132074361334,182.088141495186,115.3852286061339,164.23677521501926
261.04801318857307,181.3750232465198,115.3763046494229,164.93621806553926
260.7483974864922,180.19056455669062,116.02502618129705,165.50288696726182
261.16635965866965,178.9946195980505,116.17114504363389,166.27670914314803
261.3017979045534,177.32489891412808,116.63136839584541,166.68187774487959
260.75942601161574,175.30148799491013,116.53366093355173,167.63203610827884
260.1667493340059,171.18873772008052,116.73208576618462,168.52845941413312
260.21595315669936,167.3321030534142,116.66980809835178,169.60715957937498
259.05297671406396,163.3144893090364,117.10167283455182,169.82563272700511
257.72619087797557,158.97091473775768,118.35528696907751,170.4186360947212
257.1798851283169,155.39665335256652,120.02521552743488,171.51581160939674
253.5291978161762,153.35010636424502,122.04430970661741,171.32826927546233
249.36790930782027,150.65843060720618,124.05548201828167,170.38090608693378
245.3834441621716,148.84556564514787,125.51679865067399,170.44196234886473
241.3977993300765,147.28967762659926,126.48140401158045,170.9171374147401
236.30764050086685,145.10433163149247,128.05887170967264,171.9131789265906
231.63708477086385,141.79596864322008,129.27539038861173,172.46441274996766
227.57456721940213,138.00517120439991,130.00291019459917,173.53868340885802
223.7750372721896,135.93706413281595,131.10997523123615,173.90186893988908
220.2348559839125,132.78912905927527,132.25804105486068,174.6009993179885
216.0967737857681,131.85289656543432,133.50254441751903,175.46523481157553
211.4623062415386,129.56699888756975,134.57129468389553,176.31919331046265
209.16777734849154,128.83424097765615,134.72999692113103,177.8601345912245
206.80677246158746,128.7574136207936,135.83827149596456,179.10732723162346
202.68657348329594,129.77642467038015,137.04310932147465,179.6388906942027
200.7146568257645,131.14303656145813,137.16068707661623,179.89583548351894
199.12333115885303,132.15532842426535,137.18520180422271,180.10171621637005
196.98504663312832,132.25387549219928,137.2009027831624,180.65046018618074
193.84442466706767,136.07927176367923,137.33618924534352,183.36001825204656
192.5194187083605,132.33016071724813,138.9907270030403,182.9102532652884
189.79674051669696,135.26086931370503,139.96553094190935,186.07092316954254
187.1718405628398,130.10912001245197,140.02480007264614,184.9192425575711
185.30421068196992,128.08696002550906,140.21352434244255,184.67871002672672
182.06803803775347,126.9680444341863,141.34537881285175,184.96795355335112
177.50149593613432,123.99983999640685,142.0499742847058,185.2881562597816
173.07374351017094,120.52268228255193,143.73347872845994,186.2444538995581
169.40858986649573,116.48383133867367,144.85778378039777,186.9235494869606
166.17116343414025,113.57598891174484,145.8205817249122,187.99304474654946
165.78741410831532,111.03359943931807,145.83640787022966,189.23705773833905
166.00939262028325,107.33124067667768,145.99979946718537,190.41217435724775
168.59637334469767,104.5545211850438,145.6326946505892,191.9826588384098
173.0637414713745,101.61150066067279,144.81234114107102,193.73093114172946
179.07360973272537,99.4753325201113,144.26700704604258,196.22363175505154
185.1653957887099,97.43844696296787,144.7394856161414,197.48749376403748
194.30801270084996,96.54899214107775,145.8423323887851,198.0540960738715
203.07269771420442,95.286288983466,149.60023195436133,198.26860813822526
211.7697077674648,96.81013285703314,152.0320194192517,199.56720096588955
221.54788378828198,93.02638528578427,153.6364721261525,200.42188892988997
229.71425263976863,87.72285479740057,154.3065305962749,202.85670201999966
239.85296660295802,84.5144353513353,154.94674144858263,204.23718637035165
246.46777900832842,78.20097023841781,154.56772164882815,206.62070553203867
248.79349986798462,74.38046324579999,155.49603618943397,208.0695446057753
249.0345136371391,71.70961826478072,157.12439526115617,207.42750425165173
248.19224456371106,71.66924641928165,158.0786893079184,207.8031931826706
245.74297476789368,71.03414645383378,160.2263908582476,207.5734276842603
243.39273353087356,71.92547003928158,163.25124419334134,206.70194545276826
235.72811395496444,68.28885334622979,164.06471910870937,205.9588481198777
232.07075267368018,69.02929114783178,167.2324256228465,206.36530650581707
223.31412886533113,66.1654639358988,168.14849191935417,207.71410808544476
218.52061240188323,64.12480633459255,168.69544191473142,209.958665151308
209.51097321834098,61.87338624975155,170.86837247297802,211.55365863176576
202.35024880356622,60.19185791282152,172.57848745548165,212.69351546126546
196.43671955049757,60.92559058414821,173.45660282349638,214.00213120381716
193.98351805317486,63.16051965851361,174.74401301266084,214.77687811947845
192.25750348389184,62.534782991950266,175.95166263081063,214.9146917131108
189.33375258602715,63.860562921734214,178.77748812458384,215.8829319443327
187.7426493697063,65.66325631037093,183.09639506820423,217.18203277692257
184.30481753451855,66.5501357923266,187.41769071947573,218.13053500342565
180.50971261956988,68.44734055566326,190.73448593755666,220.52855406561952
178.41067067452485,68.24105904498353,195.0152226572342,222.88531533774955
177.23081420762736,70.19587341915135,198.04575678090953,225.8282051479161
179.4257575879299,71.39030130230093,203.47157818070485,227.27047702520215
178.72484603371373,71.82936671542157,208.89102662101587,228.7506802634445
172.58806626694894,70.24277370177069,214.51821335944044,229.97612525909955
172.22741714756984,66.15867730635142,221.28031503066325,232.8418344912833
166.14198168975548,64.05672183128193,222.1629045055571,237.91233403395157
167.81408927128902,59.24325574980679,223.81716584776956,240.9405198971582
166.36979961281187,60.19575482122069,222.5900687616782,244.49582792193294
168.30987988884237,58.73183251185719,226.51409121590382,245.95549140738967
167.29745376817942,59.63276135208238,225.05841414891063,249.01657117734823
169.53421597200938,58.098520440352004,227.56312355549022,250.5681991914523
167.0142365716444,57.543561044210264,225.3816272590217,252.42774694482205
174.39256201770056,55.060804407881676,226.8471977414211,254.08850643711423
169.9781413142581,55.55395285617608,222.81378691289342,255.7595584117565
170.6689003383696,55.66883905171892,218.40616322235167,258.2180770935163
179.74738495685838,56.66124871761906,217.57257159462705,259.3904397399417
182.06466902496967,57.76809906086936,212.65085775437348,262.61024125070674
186.35713681480738,59.85348814865145,209.98856488252278,263.37127488468235
192.80075407611398,63.56473233535783,208.58515699717765,263.82264257892706
203.96215796821957,66.52490232443293,207.36306675752215,262.75295958701344
205.9287435065343,72.53617450890104,209.15696410511754,261.08005129595807
216.46276949358565,74.64972305962854,209.53281510037516,259.4590225672295
227.52105785201968,78.86648602194487,210.3025127212757,256.72622505903973
242.78924010608543,85.22277705769005,208.45289862513147,255.0809294789434
256.9236258850881,90.96073396897208,209.07301065782434,252.03642453852046
276.73824386402754,96.60397465532516,209.44222211815836,248.5414961862916
292.6946249315632,105.87279801580988,205.51661399004504,247.29819722838369
310.56016757602214,112.30415937085996,202.3434129174358,244.82913410995832
321.7020788575236,117.43400392014972,198.54835034893978,243.78851353860048
340.4125931084817,121.2132400969644,197.18229926401563,242.12238661343793
352.18774849564716,129.23891275580826,195.05888744598366,239.75239105008367
362.24302251345455,128.7309685704788,191.31049341732682,237.00206505001503
375.4433193609725,133.77267001743496,187.8974752532967,233.6972733392693
384.847297473982,139.0691226930047,185.9453253779858,230.3797667193615
393.0803580322485,144.44141452913578,184.48540505185807,226.6982352245285
396.1052796533495,149.9474855315482,183.14484134685705,222.54210747141263
404.08292784926005,153.7204987537733,183.1660693080633,218.2104975308687
404.6326808685556,159.6292681483767,184.55445518193244,213.7075420432061
407.99273118670277,166.73910143710782,186.3641215820761,209.1191525500944
409.56401283113183,176.22299789794135,188.46515961539205,205.19867999433316
410.3151017048467,183.02339202112313,189.05271809118318,202.64417356254478
410.5725873690947,187.78905222382525,188.7914564961733,201.76818000040228
409.65849773578316,194.3879100131811,185.92627400361067,201.9353774084459
406.1951159396101,198.32713512465645,184.83381629010958,201.87546966596398
406.14165576536334,203.51972932790179,182.13596306949597,201.77686802094792
403.5148476455503,212.36878972803618,180.46543980945785,200.15668720786172
401.36283508852614,219.92836554296474,177.70534320033101,199.8524636328142
394.7707993545706,229.0421161152767,173.66401755825677,199.69666353799497
392.618963861109,236.47160685891697,172.4026622619158,200.12302140618317
386.48810857207087,241.82435803793595,171.13074819094422,202.2262577566413
379.19493598644783,250.4582318936468,169.4778775113602,202.83850157659168
373.36462287289,259.06790065871587,168.46291703803644,202.00932174603852
367.1144609091682,267.0242653126676,167.41991172658848,199.3360285877322
357.93876661795366,276.58625221627256,168.98752879412496,195.59481768945784
353.2079655586717,280.8291154392515,167.357084175018,192.9716348264162
349.0627208491809,288.93713988594004,165.01866162195373,189.85043170482868
347.4841952140207,292.7912300032628,161.3056328980724,186.57840106735114
344.5167590870425,298.71314820677253,158.65935700444587,182.74661433531946
344.0004795241532,303.4808845974945,156.4791285020506,178.38472076987895
344.107733191913,310.9347150232992,153.82806506568562,173.23559434972714
343.6501185528739,316.28393835833435,151.3680733297411,167.9235994008481
345.00585757333744,322.2217014015808,148.93111428529107,162.9198923336729
346.8881405492122,325.28449997681537,146.63753553427853,158.84053908922488
349.4056733064036,327.6240169644689,143.74935732229437,155.453615557033
353.84740252734224,330.086861250024,140.75600460475184,152.72995263785455
357.1326057882454,331.9262079602596,138.8780438379504,150.2715623952169
360.142194529379,331.4675370166502,136.64874090936365,148.85773563085485
365.1324193023835,331.3692002202706,134.77989510023218,148.98282019328872
368.8845402749955,329.5382793825422,132.1199043108614,149.44509288185287
374.7221711464079,326.48432672713574,128.27958872358468,151.0826174095847
379.82799008430374,321.19277977636705,124.48723662202397,152.75693407418356
383.61244302413036,314.2314782174416,122.11711700106827,155.53744734828456
388.08108873632915,305.7798579740692,120.37461307895948,158.09935921411866
390.9934149520723,298.45922984417945,119.24277213657831,159.95027314296553
393.18391555743335,293.6065427738554,118.09514027628958,161.42324925047166
395.31379355331194,288.39411885696325,117.21920577195917,162.3396742326933
396.42292051391877,284.4662774373246,115.89896776709301,162.27912734708664
397.81133194161737,280.92515750055577,115.12133905689845,161.51077317689263
398.22891624695467,277.78638217190473,113.57555820877036,159.97533364559607
398.5238893228765,275.1798922883727,112.06998517341992,157.57927601336814
398.1461240653632,273.40338274764656,110.4598514447484,155.2136520970787
399.08779086191726,272.42605153647645,109.40141794233472,152.9223852782385
398.68881439424575,272.32786504482243,107.74939228766618,150.9769726399035
399.2006652274896,272.8095531479015,106.11995829943928,149.164283949481
400.82936650399324,272.2538161847703,105.09867644726825,147.36842831641715
401.4109449636884,272.17345565120087,103.77396060177233,145.70081350232283
401.86114618024953,272.4266164132994,102.2548067023759,143.89380061193
404.4933470874203,271.5506300121933,101.76744536960166,142.10218596792944
403.4284292472156,272.19602531433605,100.88551390103956,140.45206676585997
403.96852565068536,272.415373027449,100.25510793596936,138.60781835635007
404.9399521967017,272.17589545645535,99.98380976699428,137.22335718421226
405.39711849094056,271.80036613875757,98.99383883959304,135.86910537954446
406.2629019008011,271.89261249617795,98.19517685938759,134.41392341566495
406.652826886441,270.5140466911456,97.69376974775749,133.8286730715365
407.60858800993907,269.00986564257437,96.82404060874785,133.22003864196088
406.6120763636384,267.650768370615,96.69981965772735,132.46051030265508
406.4643249177682,265.60348502580007,96.47704705012393,131.69907895303933
404.24000251071965,264.7484845386907,96.7137677881407,130.96694077854585
402.9755901205471,263.25794709712795,96.37631558903931,130.66477391286168
402.2507650138982,261.09783964212875,96.63020960536142,130.77624668113637
398.8470507493864,260.21132062729123,95.96840748252959,130.4454600953329
396.0370521038649,259.04192931656513,95.70884859452605,130.0785239610631
393.8635600291576,256.61766365421795,96.10259878664993,129.79825107890932
390.1632203450141,255.42665942511277,95.71891583880523,129.59452588500477
386.91048954686386,253.8788800415746,95.79670552577352,129.0987920323759
382.8844686685189,252.5004192265331,95.73248770757334,128.46680646832132
380.55726561424206,250.84250399758483,95.6203475667374,128.24096040491662
376.73210784417387,250.13678650576924,95.36614068789788,127.7981929988307
375.73270113317176,248.8172212250857,94.90888630938022,127.5627047915058
372.630016589284,247.6339960826695,95.31654545529167,127.41499348957664
369.9584182327669,246.52847396377362,95.1155398405976,127.06276835061368
367.80339155857564,245.14015116875083,94.59358387348945,127.15263491844247
365.9918438607224,244.309958603753,94.3343943895116,127.03255182295902
365.85790170725835,242.46299887311716,93.87675003900326,126.4777568372092
364.39213970636507,241.04635671415926,93.69918943461913,126.15470770862231
363.7437574468979,239.96996539468003,93.73924223213314,126.38100194807515
364.31935600557,239.18866493493596,93.55442708185676,126.72703547044567
365.200208240715,237.38469367840796,93.83477941050162,126.90031087305857
365.7131462365211,236.20485019215187,93.47211112867878,127.30694019881938
366.78193155066646,235.24237029383318,93.67069496129504,127.86146475757222
367.53716736370603,233.4418310705715,93.6931162776444,128.35288543966072
368.3004951958765,232.02852893807045,93.73468623548055,128.24559840827612
369.1250052462953,229.57510590030404,93.79759414462987,128.4604865332169
370.0778099978412,227.98696971216697,93.87411278484865,128.66524992969372
370.8289053134541,226.7178039662684,93.73333396354414,129.0762394357883
371.89620215212034,224.3164847853648,93.43739683089697,128.68361155079987
371.335608133857,222.79526563186369,93.89747798294415,128.6214010292956
372.17250222937184,220.87665948111712,93.98938083386085,129.1623982734157
371.602708913783,219.07827332169117,94.04318934785869,128.9076069001747
371.2613307400786,216.81249047052896,94.00973038278647,128.718740321005
369.58133124617945,214.063781004995,94.27573546837843,128.74215879812394
368.2409570882136,211.99175964690954,94.48998779355702,128.91553295998878
367.4753363585452,210.48654305168796,94.28457783230051,128.9939111539415
363.737234323991,208.8888821391338,94.58071150117084,129.18670526527416
362.4352217638192,207.04639515129048,94.26200903667566,129.46097891976328
361.677072443014,205.93952027398745,94.12312197882301,129.58157638974714
360.12202207934536,204.4045193354266,94.17012427552686,129.5485778644183
359.2128904746582,202.40574102489467,93.96825804268617,129.15374280381104
358.1192155936859,201.1090530782233,93.77290378508432,128.8631205415599
356.32000097085046,199.76149166919072,93.6645580807277,128.54528221040934
356.25679938593515,197.91176646629845,93.94091908623261,128.79087185645878
354.22860728532214,195.33504107113131,93.95107201762225,128.32049709671372
353.9228490294108,194.72630532107206,93.93765326008912,128.26210506858055
352.7526363350389,192.49515689736742,94.02896842697015,128.24759909006212
350.493017461354,190.51634060540755,94.42203744646523,127.92893601205563
350.1075799029555,189.89053537206465,94.44391904729389,128.110683397763
349.1049018298485,188.57119669368927,94.26470058947352,128.08078642132284
347.88710342491294,185.90963479854926,94.24238018590464,127.64534526256722
345.43214324060324,185.35939295644428,94.32508011461307,127.71859093541701
343.9249758118304,185.05332532162737,94.21517457375185,127.71976244324438
341.63504049914485,184.16454812331767,94.35836154433773,127.47036385791486
340.1037795415045,182.96701514980822,94.38522271590507,128.0392796260245
336.9275989160176,181.62022877478003,94.69416412892721,128.73354748544824
333.6154402781774,180.3063921196237,95.26114173633368,128.6271962710722
329.10085917972145,180.01428537805378,95.97613404951758,128.98820803230535
325.51623576400783,178.56539396589343,96.08439150106203,129.44800448272468
322.7588518991835,177.5846495633027,96.00202750158459,129.36966236482573
319.10199081817507,177.1129139432646,95.30626251150187,129.26388312138903
316.3340660691371,176.64395407072436,94.9984464097548,129.3686366248237
313.352103136753,176.66287290919598,94.56807372105632,129.1173804790475
310.99191480045164,176.8164181726597,94.06981292722836,129.4075574010222
308.0198932089523,176.78084751784894,93.77264326537839,129.88442761703678
305.6760379512407,176.5691205007911,93.18630211454182,130.41551428072583
303.1232522737878,174.85190409292557,92.82368089208563,130.8792260900634
300.0898532063646,173.68458336328348,92.32602828611778,131.14466417257756
297.80162685458475,172.51551048573475,91.98080387709808,131.29277148506335
293.8501119969401,171.4274575962174,92.2399961404526,131.6328111372746
291.9694233392722,169.7114389560934,91.66454570081393,131.14429497170659
287.5495176539597,169.43746895235546,91.80738708547716,131.68770197051015
284.570585459817,168.56604889392673,91.48027832923125,132.16302118282655
280.39632445228983,167.32202496476737,91.36083712559665,132.20028555001068
277.36264220291844,167.46347277491955,91.15941090244611,132.00924635719701
274.3803440390083,166.94157184554328,91.1883950285757,131.5365830288768
270.1006719276863,166.9225249895362,92.3823551493521,130.80571936441086
266.47526847797053,167.78550024426428,93.82835629316835,130.51729901490495
261.93486892907623,168.19915771888782,96.35800936053087,128.66384850180745
258.57506904701194,168.61886072570985,97.36917788076298,128.55009279867974
254.1010933241363,169.89658459241343,98.46662588184267,127.84689134975744
250.1611723427704,170.18276479817484,99.70340048465012,126.1637920647529
246.4137002387314,170.49766505897605,99.98568533374984,125.22157883415275
243.45721268914383,168.97746790443918,100.39830280505636,123.77675700247943
241.57584660024358,168.20869997882068,100.78374401873026,122.44980663621766
239.3374791939819,166.99224844545267,100.05724988075312,122.37124868343764
237.2328842443018,165.62167985846656,99.05872093093119,122.2854715469546
234.79017067965816,164.98431153196492,98.38896751059693,122.7055081114569
231.56818126490546,163.87667426163756,98.20925382759009,122.75424632093483
230.3807189353432,163.45431795646635,97.60358003700759,123.21121364028262
228.59529953613685,162.54554206927963,97.19557848431556,123.47698829025113
226.19180187994777,161.31319851531956,96.77139169830502,123.06598636847771
223.1115875243816,161.21862993395615,97.47735358967415,122.40548989711407
220.0914818358865,161.45119699415025,97.84725208519467,122.3065077652322
218.55338271175987,159.92633238115818,97.80883560833503,121.95346957140129
216.74752948487495,160.15013479963972,98.24870139438025,121.68850051858735
213.58343703983286,160.55458110545464,99.32792388212066,120.76227915885057
211.88956184329362,160.76662849341105,100.55264603499532,120.96728995086987
209.7996993193895,161.08246394256545,102.07746957828695,120.42071041247442
211.44679258037152,161.87761436911876,102.95923119932824,122.01674774563187
213.2273870050455,161.37994314703212,102.98131862180038,123.35880984221947
218.03075309455772,160.77822494123535,102.09351001150151,125.9848406818754
221.66290535853895,160.88266462688566,101.0981349650454,129.2698113033269
223.38427319921874,160.6576184439606,101.69337221077933,131.76669069272137
225.9266963367341,159.90879748109614,103.44631070289951,132.49573245260626
229.16797283478073,159.61169983984735,104.4384061824532,133.65241706587244
232.27211682183315,159.5269429321637,105.59480517429071,134.2317873496788
235.0604581139157,158.8103518396982,105.9237250452648,135.10711059067063
238.31212948687147,160.0592336465383,106.39068869583761,135.53051911901923
239.96928367642107,158.8994205477402,107.05786472988541,136.11235389758622
243.24734792261893,158.31265000694947,107.623355462038,136.24248813502854
243.38930836185955,157.97411100797217,108.81144650734676,136.57309011455436
243.86842990749602,157.16717158302356,109.40361797829914,137.2657783449829
243.85013712993782,156.9452584946561,110.09909902596928,136.87303735825043
242.82597269013468,156.69468912506784,110.94413791991883,137.87530590346867
243.58478472190433,155.86089480832828,111.81944150301648,138.51604705522013
243.68818090314508,155.0476560274171,112.71285229700624,139.36018504413602
243.7553251729397,154.42453430569117,114.2220533566449,141.01270986943334
243.33105972069234,153.9494857538497,115.41806724043727,141.97870376843383
241.42282705026048,152.68287978723635,117.34638630005858,142.57731570604744
240.24701645878324,150.27397878078165,118.53395010901255,143.89444490172664
238.12650177346583,146.2084063384118,119.79309404645034,144.9304517134988
235.6103112331959,140.95204819997753,121.09265819240466,146.61874133936635
232.5549516257743,135.10784482813565,122.13177458589773,148.04057131608232
230.06394755233993,128.64589863864853,122.68872579840982,148.28195427275432
226.65430989284025,123.96999788604532,123.99032619446605,148.3895550714788
220.21277186258288,119.37830828914142,124.38421882907741,149.59684049621313
216.204878318699,116.82996140761476,124.83929691721139,148.8960412783094
210.32719867149262,116.61024598497437,126.11009715248107,148.56641180988856
204.10453410457808,116.93568900709094,127.376615213007,146.97967472815313
196.85855740126385,121.07786244087185,129.29451008692058,146.51793490099658
