134.5,55.5,60,88
133.3272049417898,55.03510494360586,59.26225900832715,90.71961412172993
133.58844992942107,55.69361166653958,59.24655001508213,92.64173713330572
133.58130355036388,54.741824456912866,59.39662903833127,93.76175294545772
133.08426804752114,54.49607022789712,59.51857042489525,94.061976419139
134.077090590993,54.55652555955117,59.701308936279105,94.2750191066133
133.0101923313035,53.98883450748163,59.51325086428854,94.66297398563947
133.5614973165824,54.01791048104024,59.678246317657994,94.4626529951005
132.81044597856695,54.24130468558879,59.67279863491666,94.37478220976172
132.7336765084978,54.93828871719067,59.83132207168195,94.24872045473208
132.44650498033488,53.85456511745727,59.72633370615571,94.98768977085996
132.75652389042943,56.32518455435468,59.59903812639551,94.33949832519625
133.38982083886316,56.00319487418356,60.28886167089615,94.94263651215786
135.92901220327033,56.843492519626025,60.45998732297169,94.71286011756658
136.23533092022006,56.03056990261889,60.11505902508147,94.52625351213382
136.94565837636085,57.12238637965274,59.94400702665639,94.27127904347873
134.95146537133473,55.48057793764648,59.8713626488302,94.29543476301676
130.3364861869277,55.18887739625363,59.20981863727323,92.97291414818588
124.23472026573985,55.80408989451778,58.95905246023969,92.34168767184114
118.50518985921875,55.87248793465497,58.600616019863935,92.04183185030814
113.65641609996469,55.95907870231795,57.74360383073046,91.19881623762393
106.7180653996073,55.8851384496659,57.13727968060296,91.13230926648379
99.4022514622293,55.87573816334908,57.09691143872075,91.06482482913724
94.8667022608301,59.429967546652264,57.12190064199523,91.16010808981358
89.73642453084125,61.67570974740252,57.090765275556905,91.147612335774
82.68959736795982,65.97344715839981,61.58958527362201,89.61303391041639
79.42757859637254,69.64881426890713,64.54740515589263,89.44308010016834
78.62563065717407,73.47441452995295,67.03099525769352,90.23937885328421
77.81019994239827,76.92040954469456,68.43169312792753,90.05164774256319
78.76991103132656,82.48573054814403,68.7885339486519,89.95253611591328
80.04938057809666,86.35488732753272,69.57566585997924,88.76717627722869
82.92013325688318,87.13964556381298,70.01328628823384,88.41587276681875
85.84085909284548,88.50228481975255,70.57064309561831,87.50496476790195
90.29024527101242,90.33899867923117,70.98205235702123,86.8095324446051
97.24934198898296,92.17413578212268,71.35443776324327,86.48951515868295
104.53801423203775,91.52968463864121,71.78601490036365,86.6494433655601
112.49837027426842,92.21710518101355,74.13994576023825,84.75710003252823
120.56850406011573,92.52434461165448,75.47236877081903,83.90157979405959
126.00164203283788,93.5023797020124,76.21572436376584,82.6181843288627
131.97243512792917,96.99988858545152,76.28043433142017,81.23768663492149
137.40217978623338,100.61382238402393,75.99410518632055,80.28453541503494
142.56492136051872,103.8548265331136,76.00691606698567,79.18250148209
146.97726274606435,105.30005800119177,75.90380903289393,78.86001239809124
147.94180881186315,103.48228370160851,75.29561996411681,78.67192088914923
148.08824205199005,103.23652606200152,74.42162202558055,78.62108641259923
149.28185530098705,103.56222188375865,74.07720024560409,78.7522687074547
148.79909772428596,103.75193556593952,73.45295044634666,78.8265265373469
149.4973463120809,103.54109203432404,73.58471350177484,78.74074329084353
149.4724518153863,102.45039430047369,73.52065503084101,78.91509658897328
148.83192615421274,100.86756245450084,73.80716339683588,79.20263580543987
148.44182568445558,97.16106833729907,74.30348398337631,79.35430106468472
148.8094834933124,93.19189830804157,74.8170599576884,80.069461306
150.13436944140383,92.44507381512103,75.03624486578104,80.09941226232294
151.91234906809473,92.40689658799545,74.92715808516232,80.16584978238939
151.92231150991498,90.44341554710292,75.23123874570746,80.05686740235194
150.71537097054699,89.27616426873595,75.0239926958424,79.6866883241829
148.01982108046667,86.50796124935303,73.60524512111405,80.33308209869706
141.44100277385218,83.315404909737,73.4844584250169,80.67327099558048
132.82957637008062,78.52909253251302,73.16818579005513,82.2738593883341
123.68262448047443,75.44850539309965,73.45104220598625,83.90029035813986
113.7669252203807,75.59183129328312,74.65111214341006,83.91001219330337
108.00401601352885,75.08604184648308,74.49945272050483,84.25029109291158
98.16269331097602,74.50052291006001,75.14007542053238,84.28102559242095
90.31061615787603,72.29122392328658,74.80621054643453,85.45906351118876
85.28434632499643,71.84829437403059,74.77837358713268,86.05642507232623
84.41779561266706,72.95922022478537,75.02378980823917,87.04399524390934
84.6646093200604,76.93166511484397,75.54368025005039,86.0102182491315
84.82474588200631,78.84626389221037,76.21208009788404,84.83830471577625
87.61242327587982,79.13156002336945,76.48543537025667,84.7658334766362
93.18025918619992,81.33671264465146,76.957512534907,84.2988759265618
99.425431691102,80.28821934538206,76.60889497261257,84.13883656799304
105.27695534146918,80.93916856892238,76.8801585468172,83.19546384413133
112.05913486254826,81.36774819440544,76.94433668269856,82.43820668657571
116.53551297049773,81.6487518679709,76.51056049304476,81.92081310686008
121.86707865055503,80.30376332927973,76.80264840172899,82.0878752977678
127.60980575868604,80.21408938665749,76.51810761472724,82.238481238431
131.72956180987148,80.63766043451346,77.23639351650672,81.5381723539026
134.70257502662386,81.87436961951767,77.78821034853543,80.69793698636613
136.7408668738929,81.49997937359585,77.12966311487378,80.94688481824997
137.76972392613698,82.286295140187,76.77469540168201,80.32894451631844
138.6335919515157,85.61522396908936,75.61149347863682,80.2181068170098
139.1989653325736,89.32673680868818,74.58089191492579,80.56483936229947
141.75459962116918,94.3786830163094,74.43528677080963,81.13140001865129
141.07452808681248,98.3279597770791,74.32225276413698,81.20793032508428
138.80555184839153,99.98362485387057,74.44557959629506,80.82280127661913
133.72209499155508,99.97705419145302,74.970756325715,80.74399998564716
127.83638791155373,100.13898334490392,75.05663219378656,80.62348185151302
121.26929779429261,100.76216610704681,75.60494359285958,80.32941067689765
113.01563616934715,102.19339603347862,76.02439338388821,80.82375591016988
106.59267302028354,101.02844929417063,76.39676030243776,80.86767417096668
103.99322702001999,97.70798889110101,76.08542986796732,82.06215666457538
100.27062165027306,89.45519288412696,76.36668491898462,82.39694942315239
100.0876900385026,81.55901879056273,76.28227269158063,82.70446770763192
100.58432986914144,78.89068403507372,76.41165998529715,81.8314323426639
103.07469492973536,79.59656298544867,76.68730756110028,81.84017734299127
105.50053370275396,79.6904328083011,77.26664312236288,81.98801274144155
107.61039149401823,79.21453971486773,77.51913747025426,82.10908893446901
113.14241074244568,77.02867837287239,77.32104860413668,83.18370606769369
120.37135559797287,77.60749970384003,77.1010148043372,83.31523784328131
128.07534802104487,77.73377883961199,76.7961889089988,83.61003689252291
135.13203410661566,77.21189422456906,76.76720070239585,83.30440631753979
139.2060943788612,75.83063315306646,76.97568664136423,82.40580256218378
140.99360940418336,74.70870643818017,77.21311415221285,80.97805922643816
143.2135856337536,75.30144490939753,76.25515775249004,80.77360786059495
147.3431707014322,82.40762147863059,76.05300875818509,80.40103648329827
145.15540758755157,83.95296555163456,75.63604354994176,79.9640567952371
140.67967001424228,83.6360468777711,75.50275421596947,80.07081503758684
137.0429642698346,83.21846006603246,75.24724886899995,80.47461294890782
129.19944914636244,79.8600787040244,75.42502561405216,82.05569595109165
120.36338907878209,80.82207376072174,75.65940542328514,81.22327037379166
114.30849475759388,83.42803852958289,75.53676456126702,81.08432600834107
108.33477480238705,86.2691425441874,75.58170908746438,81.60571075638424
107.25483429690702,90.71358289024657,74.50567515282202,82.23933487078446
106.67427998966369,93.48442371614722,74.21524270113893,81.86662904906129
108.1583751496421,96.08039960270281,74.20404238476793,81.96464528971353
110.77425379368445,98.70118902229643,75.16946489099476,81.19575894015031
115.49433787887563,99.86670456377722,76.20709995089804,81.36825955160097
122.68574777362234,102.4583387008314,76.48368110134604,81.79510966662222
129.3548874423055,104.77113972120725,76.84470252997089,81.96924412565691
132.06909268709558,104.20122724049897,76.4918626237343,81.88200149731367
135.36212942197648,101.65130399652658,76.40974261085111,81.46916364001308
137.18585682135426,97.42633734429114,76.04348655210106,81.32175540700837
137.02753340678825,92.44901182896214,76.30346654881585,80.63300624540564
137.563689137515,88.69855690892607,76.35003404797175,80.21250838589282
137.90608763316095,83.58842525404873,76.62889145559802,80.00386239388968
137.91479679449762,81.13690734061109,76.55823712523427,79.74214430688558
138.6034619846793,77.79503338167135,77.0671280345056,78.95935856387638
140.37220624209226,76.91603879408672,77.95092419527782,78.55270683557275
141.69418462789116,76.15706220481255,77.82249753308551,78.7375447940512
141.0061496049019,74.72130178855636,77.73447723177398,78.24824890941574
137.76844067667662,73.4083785387104,77.27833361819282,78.39227482576415
136.73769689566657,72.49846848148754,77.3305660093908,79.19198373701622
130.66892382130558,71.20333058958846,77.10208527975583,79.67846113137955
123.14468005744644,68.56946262619488,75.62767508713723,81.30981853147908
114.22869143764343,67.98952941708967,76.77941741768561,81.75842492895663
105.1303703612831,64.51628822267149,77.34874404916603,83.33514203611574
98.88854400166466,62.1101521766851,77.14479567892539,83.53477565457779
91.76957274683677,62.610144857431784,75.2220612324044,83.25388772855881
87.87835961243495,69.32381847971752,74.93635605436967,83.80034018949273
85.61230002388919,73.98811038595784,75.10469759397951,85.2588562152689
86.56061616882751,74.92353076500473,74.3565411894941,87.21831626512801
90.03003454453273,76.43820951073317,74.01967558752823,88.54496110445115
91.26295361317236,76.84882860880712,74.37972369979121,88.73419794778536
97.04121473243316,79.72666688898472,75.28053407235357,87.86564163431737
103.50579596438408,80.06439737670166,74.46754726000205,87.8373147841162
111.97661126353154,82.18935338608394,73.4890037436163,88.0564236088575
120.58966888067265,81.54739147856084,72.90730150371886,88.17241586720203
127.92783395724456,81.73517361169702,72.5666046284681,87.84339294902938
130.717581468823,82.91009230343079,72.71356624746211,87.02040900775393
132.9462474319351,81.93377602391936,72.84475294077524,86.41812399284792
134.23853321961946,80.45678985975582,73.1055974344373,85.49217440802806
135.73776067749083,77.64096728325214,73.19158418052929,84.82637760165431
138.0555866149152,76.75200344945523,72.81834723793149,84.11184382630073
138.84687905613308,76.29275735705774,72.84358596580154,83.5478882676799
138.66958311303043,75.63530260581467,72.61654821810333,83.23335591282807
136.43924955470578,76.09261901347382,72.24233736691812,83.39684380597535
130.47552697468876,74.22016252801316,72.59287250803129,82.77501988801116
124.01259275779518,70.98209852990337,72.10013036900354,83.96769823441996
114.98025211644976,71.22747179506018,72.12725595711427,84.25999276407721
107.00239926622852,68.78570237080024,71.74841842940734,84.62243538304386
103.77178088643922,68.62237074798665,70.9695710176908,84.53785185209023
95.62977142776887,67.18940369479603,70.36654884311253,84.12312747496622
89.8820494032392,67.50338530524428,69.4604635800381,84.0592604664568
83.28194074748971,74.08548812072634,69.83327496197163,84.59559919279249
80.43292002676117,82.60857791723514,70.14634097007912,85.62023945451122
80.22276695664623,86.2415374430654,71.06304383071839,85.34760605882603
80.41623306945266,92.8868561880558,71.54402884477149,86.0604313602881
82.85995077193068,96.35108053874593,72.75024997973244,86.37701878409095
86.20097787699223,96.21797963483961,73.74542231303587,87.1035368326911
92.37073416337863,99.48191839973808,74.08130379849061,85.9674215595165
100.64249846666594,101.62486851985545,74.4886514278779,85.59570708168712
105.10584712529362,100.89455566028782,73.65239676809325,86.25254211230768
113.26750989798352,100.845259368855,74.363445459774,86.53120476758582
122.74993616320938,99.17816952132682,74.48698518701268,87.70859659032772
132.57112811082925,98.41894473188506,73.51963486110887,87.15438119309124
137.55884207697375,98.85176831391995,72.46509964427402,86.2751118307676
141.74065694997032,94.00150284677956,71.72073879247641,86.17056902695023
142.8208753297185,91.73297898715991,71.54132403329288,86.13300508237117
144.32637405501566,90.8438011212575,71.5161518829152,86.16348893841305
143.69816105712468,86.98485297984485,71.00916433022763,86.02242268538022
146.14201723669413,81.77302117070306,70.82748996928822,85.64742316432051
146.5224931245849,77.35777693247267,71.61837265757981,85.29548995651615
148.70168673980783,76.49429318694494,71.54818962024922,85.21475013784871
149.9930043998582,76.1373302034014,71.65420729239705,84.67699620762743
150.08717259995825,76.79939772302212,71.58447096267345,83.81356275320198
148.81997738204757,76.36066771960951,71.62732263544854,83.41507220899419
144.474635984831,76.24258419965531,71.47642122425424,82.67579427638749
139.71891255437367,73.71295578047423,71.90339352157024,82.74808021326038
132.72376232886796,71.02187864134658,72.00017361735709,83.26513744561724
128.49185678339686,71.33362223865291,72.10891364048922,82.58531758830297
122.8872220659789,70.29509775104566,71.53461278571332,82.32415502711001
115.80239490165783,70.66108600488322,72.50595912332763,82.5088951546621
109.11591839740979,68.14732077427317,73.891026656665,82.62930872592858
102.71475885983823,66.02357062497956,74.42356652648587,82.62894763917035
99.30421857674753,65.25665515207092,74.34544093116823,83.63855245593258
93.96359921177594,65.30009542832346,74.23399510605769,83.34129795044272
86.87335518250282,65.10986593654067,73.75332364922309,84.10597631224124
83.00259202610711,65.89378554772115,72.89866427781041,85.5074390288909
81.49583629788656,70.47254503319544,72.96416266700604,86.01953675716108
80.66382159627123,75.33383932109753,73.10004067729997,86.30313752767037
79.82688053724061,75.9547106173861,72.5575491133391,86.93368435426743
79.98438374149367,81.13242776628259,72.54662608195588,86.47781098481917
82.52062395043771,84.30299588892399,72.75120140442425,86.209092952427
85.71240431719222,85.93533669108838,71.97302931227264,86.69359285711616
91.76390582796705,86.02475481527262,71.8663946989261,87.33764456584379
98.06502789598852,83.8048192013511,71.53399557173327,87.0633911141214
103.13221673168184,84.28540662639396,71.75782083461178,87.37275280597444
110.18885262583774,85.34185735482224,72.12000528409293,87.23814631772294
118.78356161340214,85.53889872023007,72.01657058533132,87.51714373322
126.17819371208748,85.24999675270217,71.94002630525802,87.57284042473786
131.57902129902868,85.78319767195285,72.44390930886583,87.11907878828197
135.0647522901353,88.44523984856474,72.29089539336408,86.15425117944295
136.65365640844806,88.38916726681299,72.63753102156092,85.30988061351911
137.92137636356986,87.70194299376641,72.61853889383376,84.60209525382004
138.3141260571146,84.79812768207324,72.13645528204336,84.1197344984222
138.2222719855082,79.77723390529212,72.0707924926771,83.45040621488727
139.69698959373565,78.11635834379086,71.68249495246125,83.65399518273841
141.55593041430907,80.24369529443379,70.8451532054184,83.53242465211906
142.628422278791,79.11381507451361,70.41882029432568,83.3961334466805
139.83305411096205,78.78909196139458,69.64078889164128,83.12336027728105
135.33131932476215,75.86185468294022,69.99269291228325,83.33595575246369
128.1892768531624,75.17462622661705,70.8751007238299,83.48262934277574
119.62881749552062,74.04770743396692,71.37509925783905,83.38435320432112
115.01074113369691,73.89383154900794,70.62443557523648,84.1800827471902
109.73025797816646,74.82197984975218,70.41417309601417,83.88989091540846
104.86286337702839,75.285178919713,70.09406975831227,83.58507522396931
99.21296378891407,73.57431045273403,70.11898852530021,84.01712066203189
95.18819689758844,73.66720553135109,70.2043055988145,84.04186127760298
92.30866800956692,73.55016528739095,71.06094809928382,83.90988961479692
90.86890000464149,73.20007748461417,70.72026044389723,85.10198545312332
91.93648346668344,73.71202122433115,70.56915702593975,85.15804020009926
92.90032029199806,73.49376310207417,70.24815613913498,85.83022690686394
95.1399316113654,74.60225332841432,70.04519339953968,86.45756985086638
98.81592028866731,75.0683517194199,70.234195907149,86.44660123925014
103.39039688764937,75.29644687794544,70.88222070601105,86.18963450017526
105.59547835287847,75.65767249567338,71.16515679746446,86.04209551476134
111.08660357232161,75.11727743703574,71.41930696282625,86.18211935710758
116.81426449535363,73.34652286176306,71.04111066607861,87.0664102898032
123.56346209843451,73.00435197480832,71.34736004457262,86.97220137926064
129.16719286262108,74.3577133518249,71.99161074306716,87.2043199681535
133.96888130815103,74.66042759880183,72.20330686531291,86.43232699472938
135.49118049810292,75.3851841283687,72.20989671592368,85.82074753554451
138.20410066229866,77.91586129689713,71.3135392290239,85.74407766580333
140.37523341940272,82.5978513432195,70.74299531630197,85.74719447409854
143.80081949696392,92.5864541626333,72.17818199449252,84.97991734784418
142.98030206286202,97.77952777333948,71.0917982015788,84.23691187295283
138.83939651709457,98.0734916689369,71.25997899831391,83.8895909559855
135.61416455687694,97.82889270177932,71.49699630162267,83.83166229909507
127.8854183416498,99.73413696271234,72.3085937278045,83.9373939653699
117.71653000851113,100.43701618719443,72.9607796500633,84.58155941319527
106.35838936266677,99.62757645901868,74.74735055356844,84.40594459826839
99.52248514186294,100.33839295801172,74.77692705395293,83.48987819726717
98.07207523437411,99.37840165638185,74.72247920116021,83.02320952298479
95.92773988509886,93.96911044910067,74.21990205501467,83.12791902800124
93.3055343039218,88.95216045140334,74.33754844304627,83.22566561153067
93.48384125747313,86.62516320513565,73.73117992826614,83.1896543247997
93.30852878286612,83.99442391495654,74.32178065772881,82.88092054096114
92.43767804163959,80.4115206760282,74.40998468267762,82.86147196815865
93.14695032721608,79.23140071345114,74.26009386194426,83.4446838095115
92.8222228053323,76.30932505058308,74.6226008506829,83.16994294240703
93.63815650910385,75.76613097557426,74.99080473029494,82.78293240696937
96.63182803073232,75.52303753786515,75.03320106692081,83.40512340249904
99.7059957385029,74.06117602524691,75.42207277799707,82.58044049435539
105.33075404460455,73.27641662671591,76.40879655275668,82.15497990985611
109.3116280136015,72.17419511895699,76.42904419734333,82.0877327951402
116.22558269681728,71.26094928039242,76.89033561368765,82.67039236091068
122.98287365303791,69.84326909037898,76.95019751838507,82.83114141090523
129.17048766011715,69.7336226855487,76.6147587040557,82.73633428288841
131.93979731882786,71.1406286067254,75.21160357807103,82.30056207218783
135.75790823756896,72.18855977979807,74.34103344346971,82.28247925752137
138.24814215151173,72.30106999741903,73.90269131748849,82.16443816259432
140.55440410224645,73.51049984593436,73.54960831491428,81.92381852636991
142.3248919090582,69.68539573979155,73.47835378016343,82.80968872214555
142.65560033512136,68.50002594514484,72.99194954634045,82.41518811902561
142.86850385606925,68.25672919788835,72.42559189104136,83.02056564630065
144.0773929230014,68.18874662136484,72.17164546799243,84.33846479840926
144.8990435744459,67.70179234628714,71.91398788573028,84.36354268440682
145.3924769548875,67.07381617404029,71.88174774466289,84.1144514030689
143.36122599115,64.48354731396681,71.32433704777877,84.05301190840262
138.9231575654016,65.74998356450573,70.58219825688056,83.58677883069517
133.64255952708788,63.916039044928766,71.1087940756345,83.59478842381941
128.3783053006782,65.38862517983185,70.646740089489,83.27290693121968
122.08219137391947,63.183777392457216,70.84612565022081,83.57891426591766
114.75027422613334,64.00842064071458,71.24694419872276,84.2177611522002
108.63916274724878,63.623883744882264,71.18607561138691,84.41696369705008
100.48126555571953,63.46278802022443,71.55922206048544,84.46165362287103
94.6556539746967,62.059304443107806,71.57342415777279,84.51909260747232
90.94585843623405,62.91521862553783,71.75178522371178,84.16860512300624
85.54611291233141,62.30742594751783,72.05996424453953,83.75497523856774
82.3929832621626,61.29427217056513,71.14995977382,83.61861909427672
81.76095445325534,61.497202656365545,71.0965038065439,83.51995953797626
80.82776930569572,60.90239385680795,71.10244707968283,83.42401152239114
80.93122863417628,61.4325920825259,71.36872478021034,83.56961265720554
80.58925838568118,62.068597900327944,71.93913368024192,83.42233303911854
81.93868164662506,63.70171318214193,71.95663223014677,83.06281429227829
84.50332419656309,64.22635706062229,72.49757561156343,83.16734800367082
89.69390994571803,64.65912872730297,73.60423427530188,83.45575393102116
97.61727287901942,64.31102768848802,74.58544076648718,83.50716690895776
106.41748519222773,63.20174495729091,74.70396068963112,83.26369647695805
112.33091057187633,61.687463204286786,74.7266372893427,83.67181854619872
121.09263309855368,60.23416263035551,75.05090379909835,84.04470134651183
128.884888689238,61.22624227134708,75.26030645897725,83.85905094705127
134.91982757926752,63.28615663058879,75.27268594973124,83.11572355036046
138.1470642772097,66.91368458326198,75.46294169126755,82.92030328420475
140.2849924739321,74.66357137962456,75.06561889958358,83.83861669709484
142.656644800071,81.80989586910525,75.10652016084948,84.37922825432729
142.8080038506962,96.1150573218946,74.60733239502541,82.7033364247984
142.90071732180192,102.37878801659639,73.8076089568995,81.79027399169364
138.5137644134315,105.75968148544386,74.14048999336693,80.8858712588632
131.56614658875498,107.25036532309919,74.27704625276638,80.52596330607147
125.18623718632024,108.12799128413675,74.9701784273868,79.6375963904241
114.15834019127936,108.8287417089938,75.99860005723905,79.52960275907091
102.60348465424772,109.72974752650305,76.31880040437362,79.93693098115385
90.73631047013346,110.28716379604688,76.91217663515098,79.95823568915175
81.89295121777533,107.97380624125768,75.85902888315339,80.66508733628206
76.20664086073685,100.59332569977713,75.14557762915172,81.67679323888429
75.00201039409457,95.07397302728859,74.16744246525306,82.06293072039699
73.94296919189526,87.07979441253187,73.8397889382552,82.14514952980545
74.38241634481224,82.42064775034541,73.64581452616284,82.8143444578771
77.48431222445963,79.65119489487967,73.91628357390542,83.85403647328245
82.68554634776973,76.30508709693052,74.58151094496098,84.76342850655868
90.21602935711148,76.54363499540783,75.74600688611636,84.22803704243259
95.31068974143845,74.82066196966747,76.69997854452541,84.1253466574509
104.63393720553397,76.05354329390397,77.18051494262832,83.98586841754724
116.48635898127758,75.18734348678598,77.04445419753759,84.26620149106515
126.83609130299456,75.40611340527397,77.72354103725792,83.96023239562341
135.42934321815642,76.96797434433043,77.78185112600157,83.01976571312815
142.38725325125353,76.67459525927984,77.57334841210232,82.1332461952029
144.79800658936023,75.77060306344259,77.10615892415184,81.38387470614009
146.67065685200174,77.3879858840219,75.94525404591776,81.71759694759562
147.9485800179121,85.00157754245885,75.57575472184848,82.77804371189848
149.09551183281707,92.39486170610888,74.91251955864472,82.87419156349245
145.39780665919827,94.60163776984353,74.42960682772677,81.96375961996785
140.26527760137026,96.61527532846807,74.03026770369772,81.60861103431971
135.10577107802376,97.1388629854977,73.63946000301523,81.4828260748938
126.06403835785288,96.15122110381316,73.98684908837654,81.89037905384669
116.71692145497357,95.82777700936168,74.49253003768985,82.14576167353006
108.71551144764759,96.27365917570305,75.10090367935598,81.98930110042221
102.63133164507437,96.54641566994655,74.86747838765183,81.67600876165444
98.89032078017422,95.78656172513823,74.3697585441184,82.00434807140657
95.7228891197276,90.45899151074477,74.1682439582123,82.97089845044985
95.20526606895712,87.0950167977686,74.22785608090958,82.65678702435142
96.28316165705701,85.4372390831777,73.99510505630587,82.49924059920886
96.85549334773029,81.59828050601075,73.2764340446111,83.11032378061184
100.71392220706213,78.13023448755266,73.08893662028949,83.60482121685055
103.76680120614736,76.40224645301348,73.366590983264,83.90945775498409
109.43516487345195,75.1898254494959,74.54266577267826,83.26752396322163
117.69907640856626,73.30200727396192,74.80333871990572,83.45756375285771
127.34243419720677,73.20365839692556,75.08113348808368,83.02577237023455
134.5826920659893,72.68424078689833,75.8206342300108,82.14329776153077
140.54190520878964,72.31440351232382,76.13776550056248,81.24645120968187
142.16875617483694,73.83866180370804,75.9416027930925,80.43820810256042
144.0597275556454,77.23529328579406,75.03501050678685,81.06850909560274
143.6599565453336,83.85942579177903,74.91619432066145,80.41208101295408
139.44988717669918,83.60538429514844,74.83209302191959,80.41690810249442
132.84840528735708,84.25330744063366,75.08144733405105,80.57419336803488
123.86957836673173,84.14719185025345,75.92717605017968,80.89605192976245
117.89293605475405,84.23237555696883,76.56474965271174,80.96350746621802
108.76395968200019,80.35019528953656,76.33834456435713,83.3298806353599
101.10861423888616,79.83985730510109,75.63922214186937,83.31864654239459
93.72848575587759,77.63410232156407,74.81327171805499,84.87419542510278
87.94665200600693,76.59751460631551,75.14794675563809,84.23695286968376
86.12510019995706,78.04054489519373,74.3685778907786,84.81939457502364
85.17797751786208,78.79932906957315,73.16068855037872,85.46299575522599
83.77311956757305,81.5067926086254,72.65898043400425,86.72731176489005
83.26622336469602,85.8579887083075,72.85868902513735,86.85239034494478
84.72920659493838,86.27446919055492,73.11911105723685,87.002471918616
88.72197813335211,88.33452759749548,73.88996808874681,86.33223117475744
91.6065535906632,88.99431593172321,72.63585184972277,86.3757885328294
99.32702217719232,90.16221271074967,72.14716897201365,86.92536904399034
108.73215143342193,90.60204210442114,72.98819563106319,85.84232423300675
118.14927137644179,89.403530421459,73.17996435098053,86.07775583066629
125.5268863249522,90.45288367395275,73.66081462363744,85.82196962902351
132.75603766003317,91.9499969382569,73.83459107792616,84.6493219606981
134.84615401080868,90.59815495995646,73.77510212790105,84.35810259126444
137.63468446965328,89.61082545816734,72.71276165012273,83.92581350524307
140.10383217770556,85.1887197157155,72.07615633564168,84.46237156302274
141.6309261246093,82.12435691633306,72.02069266401746,83.75506667854175
143.10068250893542,81.38583470866752,72.04991535183188,82.81961261975175
142.035581119165,81.23136219707176,71.52786045047979,82.05670197869003
140.8096302138529,80.99900552398594,71.10053128499925,81.64284137075627
135.8823330301696,78.08946427984066,70.62900718312756,81.91407849542992
126.07947093358698,73.35287575980755,71.77455109370003,82.23239408530083
118.79894651866675,74.13732342630604,71.73333742659224,82.9683178593595
109.37992302063297,72.40490043694965,72.71846579778187,83.99883218256997
100.63458444348127,70.2002729900971,73.44958904278351,84.05035716447085
95.4495446560342,69.07796352368361,73.37181934399601,84.28120933170337
87.95211604166543,66.94186501763156,73.66025567429605,84.2097188094752
81.73493430372662,66.43196692823867,73.72906147958044,83.96371284325669
78.4031422824298,67.6415667162876,72.89751832109376,84.87801269876896
76.8985144778538,71.85591028488163,72.71651614254128,85.57580089574836
77.34815359158804,75.055617985059,72.77064913657699,86.06870994302545
77.43662622112001,77.4279030007314,73.37888909537044,85.72397645190281
80.13460567793842,79.80080395848422,74.44920921157978,85.73137411372872
85.29054367275182,81.27839919207344,75.54179031423816,85.82705239616882
92.74998461410527,83.2742253159411,75.99616606855518,85.19653229336149
101.01813695810249,86.66791672887143,76.81321678827558,84.01383334353841
107.90092625791513,87.20709382879099,77.54761148576945,82.5626764093243
117.36650082318738,87.67476121110455,77.74135554370149,83.31310273879049
126.80421396090401,87.79611012123256,78.57760491218913,83.8301817492077
135.29993879931374,90.08045036328596,78.751722633441,82.83521742873613
141.5880261833139,88.59034045477692,78.44400050978882,81.63536064663313
144.96439294714537,90.13942259067414,77.47694822983705,80.65098688692365
147.27119207453413,91.48331788496967,76.93200689644624,80.19790055439034
148.00669153513797,90.23643711286738,76.02956189979912,79.23603656453729
146.74924539723102,88.74114274815116,75.89439304508932,78.22101292061768
143.68613405410196,85.50837421579025,75.49435917006817,78.09577926390395
139.5383239198278,82.21379325268597,75.03983638746897,78.18077506386129
132.87443148820523,75.46958336181783,75.72571546610722,79.78717103425727
127.63025471552828,73.85435736354674,75.6758142736071,79.59137066568712
119.14979180734844,70.74288357200953,75.78143346460058,80.06243998719538
109.89007102655978,68.21951436680475,77.0473769487853,80.71857533211423
102.60552899274096,67.8754412991625,77.19030878711388,80.81657921733766
95.25004441723993,66.55250802999575,76.2262386467341,81.49574448652142
89.44220618614281,65.89310131353713,75.25441644407238,81.29688657277421
84.88574892201572,64.88387531879454,74.60376304782704,81.62460477186174
81.28156179531165,66.36452478238395,73.81068294790268,81.75092014254975
81.42288957660546,68.00318668990175,73.70560768230831,82.87997745773264
82.54798392447157,70.19408068288263,73.49665109564592,84.73608782153285
85.65510055317245,74.417872247676,74.15082318034621,85.90389070116242
89.2642258097086,77.76404771938223,74.60737115589083,86.59358407308811
91.63702322633515,79.86919444503722,73.66635987213725,86.76833281232987
98.25595803993312,82.55862123991749,74.5283199187084,85.97724777725685
106.36898361780234,84.3058085418314,75.33719040908814,85.4757933337226
115.3910310310987,85.35111003843056,75.86586284018583,85.67479619646605
123.8388920765206,85.27774380486704,76.78364782942018,84.95103882785396
130.1636059414423,85.61122926246401,77.88896081460362,83.7638228374342
137.68871783034854,87.14595177442332,77.82937290867832,83.34606543558587
143.89869120469456,86.73818151530989,78.00305599702244,83.0095788236858
146.90663211278041,86.85364936614576,78.01638093362783,82.03536014824772
147.65735331197016,86.6549937481106,77.42432326272638,81.44536842535274
148.38869723475042,84.67837908572562,76.71839875620849,81.16939023440612
148.15814098854435,82.06072975228346,76.13187211707465,80.74526125846818
149.33675186344303,80.20632507984783,75.90590670921148,79.95206931778648
149.43694243084292,78.25530892212404,75.84062108131818,79.354610895319
149.5018422109782,77.45902722306255,76.17029197192579,78.42916892234824
149.84865548904594,71.65670925005537,76.0122043276098,79.35931680073566
149.72692488330367,67.14587169345319,74.70781206924568,81.10580299105794
150.13501163478844,65.52206576780742,73.11365549685625,82.46681255982539
151.01613328337643,65.52845380418601,72.22326698178477,83.42371006103897
151.8158159126575,65.67509788483599,71.65311932404508,83.81028410095284
151.6023048853256,65.37242846012668,71.26382650262936,84.13337081747886
147.2880843372208,61.42279424761081,70.31007994625107,84.00618240962487
146.80501818142736,59.62215307079762,70.14035217235055,84.61157676848501
147.3513986591697,61.700051676785975,70.1856275871433,84.90013456749463
147.6199104466573,59.746244021603346,70.20145419899289,85.47254003136331
147.6459490666692,60.22819379317208,69.4124759141235,85.66000290735425
146.85653851586557,59.38124962278921,69.33536125141804,86.2276579088103
145.64787711284126,59.14825855623448,69.04980510544026,86.39479323086363
145.67751311476886,58.63800405995494,69.18777457180276,86.3552175228383
146.39374106389528,59.15441411032775,70.10468319266921,85.76198677350831
147.29161312023086,60.61243022654469,70.94182167506025,85.07850206266562
146.73094394341172,61.717426269059914,71.56188252234713,83.88028797465208
146.6766470757994,61.86637588755033,71.92392218090014,82.55932007121311
146.75945011662893,62.25139568883431,71.89381211955816,81.60062348288542
146.73992709036966,62.95373947111732,71.67459646167134,80.83347184799926
146.77739310506863,62.57330933610733,71.39970534788182,80.70562936781326
146.20494853794742,60.82578800069636,72.80945991033352,81.36599696501153
144.452605534054,58.01405589324642,72.70614587806608,82.92787575358085
145.09892577231008,57.78944757914323,72.10708263153056,84.09224780447477
145.85827974405618,58.207166246785064,71.71992356956909,84.42100493387463
145.33528188655504,58.55376687131791,71.29402168249013,85.1973047033331
146.08504581420118,56.96673498690086,71.34295478758597,85.53361064631576
145.13559598824241,58.12092464402036,71.12166405749976,85.02343670774815
145.46595848252971,57.1514253194173,70.84953131211972,85.41147600827568
145.01395604430977,57.56396570935905,70.64695235486516,85.61119910526901
146.05253103059636,58.12233979205719,70.43551407128737,85.91135825035857
145.99226579766727,56.853410450017954,70.29816271694364,85.81394848465372
145.7223161725711,57.151392908794996,69.92736951375156,86.25798031030185
145.43165195416103,58.724747311327434,70.22190835449095,85.67857420909439
146.1841575737861,59.58251897456934,71.3084302992923,85.05370647503307
146.75239011504675,59.74912472373384,72.12547204412544,83.80548774308437
146.37424777530543,61.354403354263894,72.44293677874953,82.92004473220737
146.72595115937887,61.63063369374592,72.4375470117547,82.26720477249734
146.6416161233096,62.270107525680906,72.29519325252572,81.85695773213963
147.0660067270794,62.20144709244752,72.19468637131055,81.3387039192317
