310.5,102.5,39,50
308.92975013748213,99.98475434390899,39.416664256743545,50.70720644775637
307.34411669250744,99.8376031370268,39.18046759612521,51.22015006814287
305.7679123762803,97.9826432881593,39.327738546618434,51.404709420037435
304.8431934063682,97.27494290591308,39.69192649025737,51.70156989751202
302.5135491990987,95.40410898321579,39.62187768937281,51.659197291856806
302.06912595363906,95.09171619411259,39.82482498223677,51.76177042432725
300.70410267307454,94.38067985621558,40.36094020219456,51.87099679713515
297.9120579821138,92.16779379309432,40.66085371131331,51.9043719964978
296.5752329103077,90.86059330189576,41.11789270799862,51.99654283057948
296.21053330017025,90.19207781354908,41.219829302770016,51.94413493970387
295.1234250283094,89.2742552439362,41.144135253458856,52.07687883476612
293.96404250274236,88.59627684504832,41.226256990231434,51.800688201168285
293.7025139321419,87.49360015632243,41.19724142759385,51.620504669516656
291.8567560813896,86.18502109332816,41.05797471561582,51.343798640689535
291.58024456726616,85.63309504373179,41.118186123627325,51.29616172048836
290.9095369658381,85.34287935119067,41.03336922695044,51.407593481318244
289.9962195976706,83.91846516901269,40.854260459714865,51.40661267590494
289.4971924331625,82.77573772950475,40.77738447848165,51.420973947971945
288.8435267827748,83.09955115918422,40.44834976954484,51.661996433057325
287.4985986796982,82.22300831847323,40.39697238843304,51.847877162239286
285.7989789210303,82.26844191851872,40.61633986978862,52.14739833170856
284.4015992767692,81.6181761129926,40.81455942251674,52.06408413663896
283.92222547307034,82.02679848382411,40.97310817689852,52.37604116480474
282.5610771814642,81.75453263948785,41.14014267133514,52.25848028698711
281.59688641537633,81.05730385747367,41.2472546913344,52.27014788157117
280.20229245583533,81.41059109042939,41.37228712717054,52.377639468096554
278.7942290796957,81.17709311412307,41.74053837972451,52.09417795506056
277.101688932867,80.78345781888798,41.84371349912662,52.138254442289764
275.4630334984199,80.80879280411203,41.59062361499946,52.00118344887098
273.7349463066535,80.53801699603673,41.76177335558792,51.94791450599679
272.3972989463251,79.43585778661587,41.98030814658779,52.073735753436516
269.9208385214397,80.20313748317699,41.314391162954,52.28426696414273
268.69012879243036,79.65756735978385,41.68467678804118,52.64217632208543
265.93497006118065,79.3258456992699,41.6203010475682,52.88019634880754
263.9352184476722,78.97085247452165,41.84201182081931,53.015575366415476
263.30235486185046,78.87959836504005,42.03505685020505,53.11484588521434
261.9240879196963,79.71505298827213,41.75447015384008,53.017054729379765
260.2405524232884,79.5675686588619,41.47449100436767,53.25404996236485
258.6815503954142,79.89730904969323,41.50383982673294,53.118193898891434
257.450304059202,81.05622227124313,41.341590706478506,53.186286549877344
255.48644545462926,81.28716633105492,41.326237742360455,53.8510487636583
253.9036568191345,82.12235454949607,41.332907361448704,53.7681260497298
251.49397252603,82.26509073134383,41.46652546319117,53.95524919890124
251.46286006520805,83.15381498953477,41.24099739888079,53.5676200661406
249.66276127411373,83.22758077591597,41.43993841979014,53.7178337211919
248.52760248357728,83.37286075808879,41.229469677315656,53.40342542065629
247.81048900570462,82.50053888408343,41.368908987720985,53.144761587719145
247.6555366670605,83.22233408984799,41.03544273862913,53.10651315903149
247.7402667948017,83.06327664654017,40.90005808976103,52.76930614957091
247.62843761184217,82.44716765406136,40.91668712792987,53.03024767245047
247.56941956590924,81.8467307956153,41.04365646872546,53.19015154070977
249.13601759988052,80.16299024402271,41.22790758629926,53.43644352646331
251.5243520913669,78.1885457925395,41.313040227624555,53.88765081169291
251.90747751543208,76.18865055875276,41.497477264778645,53.96943605122381
254.59544482515645,73.51224778033668,41.49715347372958,53.63124066964042
256.6395186304222,71.66045532325715,41.39074705315473,53.5843973840314
259.3126731424876,68.50803736489588,41.47409310409711,53.77936382062088
262.9893048733504,65.25229490497932,41.98815017993864,53.97316933524162
265.5733262042876,62.66630508719315,42.387428818570875,53.58375284883519
267.921952474202,59.521696451274764,44.01326349416573,52.66782905316708
270.4196356441867,58.09646044622531,44.62159588466497,52.03145413943787
273.42357765995354,54.76233396254378,45.65781595240507,51.97252376482095
277.0370435026211,53.34587813759928,45.7334264766952,51.57604431668749
279.1739658309,52.92296808080346,45.60380407965887,51.52141950544774
282.77384396868655,51.354971447135554,45.70268233319954,51.322646384844084
284.6811175504425,50.84387978444252,45.40299913758311,51.178189190134326
287.9659291330059,50.11093567491413,45.42013744706571,50.949565041942584
290.7448589656658,48.59253240967109,45.54631880500028,50.842355544978105
293.5870660094649,48.09100676025019,45.287207222895276,50.737073733010575
297.215930827731,47.70163311507997,45.42030142745807,50.859532935983
299.572916509133,45.969178091500034,45.06732297313185,50.86111247586443
301.9951081109216,44.53460850339153,44.745080272484344,50.726087910016005
304.94504102467744,43.08176236375856,44.66604860482368,50.87984685302402
307.33197184715164,40.527381373469,44.76376851428819,50.90916633253502
310.01889642894633,40.950461414655166,44.85973269756151,50.919777957697484
311.7748664377496,38.561281363353004,45.160251195122214,50.690703215331105
312.1475777616897,38.63796981363897,44.82604537248886,50.37289359540931
312.5709067279719,35.9664045659466,44.36419964595434,50.630247284916365
313.8125347403086,34.428529939067346,44.58753260481666,50.41723349241022
315.3178357792357,33.42201543828287,44.39474773811364,50.569225239645675
316.02386187123506,32.49134680497547,43.44037831268468,51.94842122012575
317.4828583932211,31.68921385873783,42.84259763290941,52.716274563582175
317.66030754312044,27.979947304856978,43.00578189221943,52.509340847766
316.95288671478573,26.672759521278252,43.073831804656564,52.38107067441442
317.69592882862776,26.697600079524463,43.01880526854665,51.76873309572946
316.2336799308451,26.411521691118864,42.45886893630438,52.09846139096183
316.7123246218938,25.242495459054012,42.529902727729876,51.816189481846294
315.5533051051354,26.180440828747866,42.423977260819484,51.90746719281412
315.3368078455968,26.1693321661556,42.307392874791056,51.71147173466201
315.4768485365373,26.796502060785663,42.40991597269971,51.81556292703793
314.14592883915014,27.193296846960777,42.04225845928622,51.860518915524494
313.6428904066837,26.644258383644104,42.26753146498532,52.26078853014612
313.84212214450446,28.344575191614442,42.34783291077051,51.92682270938672
313.0813096946778,28.078450116666716,42.2841692857961,52.467787600378074
312.6344929095926,28.11232472093767,42.587577338216704,52.19634591091442
312.5234466558563,28.06038471884299,42.54367502867091,52.44967320719324
311.7124811793377,28.691454293243876,42.346900899768386,52.47674473553838
309.146661327392,30.65431602248039,43.22208232118906,51.88567060148247
308.8160938077327,31.720524169892688,43.088364030849064,51.593530071123205
308.553080111823,33.265742245241775,43.58748054208802,51.03732629843101
308.7571834060991,34.48431301341776,44.02866189728053,50.38171085079363
308.2827884950868,35.309332921550485,43.57028857614721,50.3157705657019
305.3948796178904,36.9862282405365,44.506864349033606,49.66861349553993
306.7037794672156,36.84518609093774,44.55685983165759,50.06841397303545
307.0176328665998,37.784693621274265,43.96768329693896,50.50529590027743
303.3385284591906,37.61359560953448,44.46983732888985,51.231633577533174
304.3239699034319,40.39167974424292,44.439003969483046,50.96347113697371
304.4538178060223,39.68645414681169,44.547226566258686,50.774892671611255
303.993118885255,39.48645662357015,44.59658556654573,51.13951981945132
308.68417739864077,35.28756357743351,45.30800968509888,52.83165224427465
309.15536211600573,35.684884665902224,45.610387650652825,53.72944521271533
305.77664748712556,28.1869699635916,46.073911173397306,55.85298495974381
299.35402610575477,7.515525619344558,47.50480247282104,54.241211325239846
293.115150666407,5.134807557324898,47.65029035865768,53.489119102263786
287.49473987156057,9.011197942643214,47.881006815293844,52.92084236376216
282.8227882696933,14.346427230639058,47.44101452647467,52.533695631642544
278.6829729705773,13.42724368680458,46.86267870167201,52.932727849926735
273.7246628867019,16.5730877046068,46.31504162912741,52.186034168570345
271.9927974169516,18.506972082882072,45.83829209797069,52.09545824305923
265.34536471320433,17.546686805073733,45.78586651272838,52.352300680733094
263.63362202356416,20.19566118396174,45.91239964438913,52.62663089939751
235.95216905775206,-2.515174747806796,47.01268274276132,51.58178054613771
229.7162930016037,-2.2095255416891,47.053156626298275,50.29044010547519
227.73208778281347,-1.0375630559793976,46.992293077062364,50.822656682212525
222.26322370345326,-0.5805704574858233,47.82068342908112,52.37569080475968
218.46907095841007,-1.235698793552018,48.049392189888934,54.17845475581129
216.01504306713997,-2.2407402964254324,48.483875718248214,54.806202933181346
210.75375483047614,-0.5734050466775251,48.949952710374724,55.58787974661278
207.43856578563185,-2.3705709523226517,49.13762183094706,55.90110246328328
205.44513173631063,-1.9522486310738714,48.49669900170254,55.428984569442946
201.67626327280442,-1.386212708066104,47.99577301825353,54.683916741257306
199.77531303451093,-0.18779413783042997,47.14675596478071,53.97022130915998
198.13586988762881,0.002529714799685223,46.19013333978275,54.034253847630296
194.3554651801052,-0.6019693915369331,45.65477614411219,54.556609711537206
191.9748031937288,-0.4231515767242371,44.78730735410862,54.331103333868754
189.11136316539537,-0.22505441983000551,44.05838210910924,54.21603948296519
187.20068440401832,0.09370316160735825,43.311416973324555,54.95262560125654
184.90857045987394,-0.15855805550247126,42.97929878846266,55.39154358715772
181.61629446005182,-0.347626107851692,43.06738319777484,55.22410937792565
178.79986393563468,0.23579365672081565,43.00109702218286,55.01817808290005
177.06676812516574,0.5798169376780749,42.74463382363224,54.72357343649762
174.94279740495006,0.006102522888411954,42.68437538155625,55.023696014551064
170.1466900863192,0.058282912615332805,42.79788365895466,54.27760760877352
167.5500578840915,1.6288172008603006,42.6290326802619,53.60653000098781
165.6425616565696,1.5142152944370828,42.37115869548637,53.1437775917769
161.24544945637115,2.3615627448329626,42.432116265438914,53.106311518461645
158.7715461986887,3.6817211316950917,42.27216473560732,53.133144288499594
155.93776926961164,2.0476408906416452,42.666801799938156,53.46018462290141
153.351537148113,3.0708933335657953,42.786548357235986,53.592025178871346
148.82484622775584,3.4388915953647796,42.29175438618271,53.746532061798035
145.7042414094356,3.291536148222029,42.630133898921805,53.83660845355344
143.22094036526755,4.8640415793813645,42.15402844865319,53.67736424048098
140.20086721376515,4.4733615611893,42.339961990732746,54.0954591201192
135.87375006883593,4.1575525153455075,42.19440685188022,53.90947314686538
132.98943094523383,6.181696127931069,41.67763374120477,53.66943944838188
129.99976053752965,5.567214360215367,41.543441536593576,53.666676098971365
124.49865432886372,7.233001291743577,41.719101562873234,53.16110650265384
121.16383194248128,7.753088988606116,41.16517265094571,53.22872706267937
117.8942965626344,7.554055236927994,41.064332712702466,52.874509085536346
114.91859839003767,9.351781565871704,40.757058251011166,52.70095145480957
109.55674548160667,8.765225215355308,40.65888563464562,53.48775903227478
105.39383315497169,8.656424812495075,40.589170050488825,53.403987578139976
101.90498029707746,9.58236387518065,41.194534133434274,53.61754367022183
98.523725299349,9.484174310613572,41.128638271805016,53.60356635523558
95.09530362866658,10.567705091350064,41.29429756928556,54.16722126066628
89.04882868930844,11.309508247403045,41.80797517779923,54.13720581846388
85.49760702193706,11.323192120831358,41.798514368254885,54.50091615631452
81.7806487472486,11.578864013091476,41.7605261629931,54.71852537567764
78.2385334424949,11.864693735100886,42.05777614353323,54.509031114487726
72.68395089215295,13.129603883543197,42.50968797883627,54.55553528049373
69.00471264645921,13.9020792580368,42.24363606217322,54.79050248690508
65.38500814718674,12.778634417817077,42.61698718794595,55.13100650717302
62.64639617387444,12.844783232138575,43.13205817665427,55.17835958756304
59.411732572591745,13.46278601034983,43.50307443180145,55.397307463223655
53.87465906508381,12.199744880188614,43.7544141348056,55.07693987155634
51.74098564384404,14.279246235907301,43.647266424672836,54.81819355545893
48.123308828069035,12.19385499172234,43.892121036600045,54.885840458043944
45.46256892018758,13.745296079076006,43.52213213669523,55.10186006060407
41.646431300203645,12.426353087090874,43.287515992538346,55.30623192637975
39.1209598987029,12.218690760774194,43.09433772086332,55.52851400270009
37.03823513557892,14.030519344796428,43.36260192148872,55.784816894775254
34.579686227758536,11.854375704148417,43.60447018772153,55.85323443272411
33.10352284947527,12.17942131508066,43.77020922913914,55.868424089403476
29.911147299744062,11.608846908267509,43.71788852836962,55.91074852120147
27.683272376386235,11.593909980003083,43.42149308471052,55.80044330988021
25.663530621317747,12.673211167402066,43.064271444243246,55.15650069746475
23.760325829786996,12.053331058173363,43.282539347540954,54.953355847524634
22.25631628090683,11.430812527218691,43.38046942934059,54.9507427629496
19.04739814163195,11.40320164904567,43.099823194462616,55.192089782867384
16.606411162102056,11.798750920158444,42.80813210683051,55.07483313431478
14.92859131178448,11.274841153503907,42.59368437460434,54.82763590202937
13.983416449710642,11.343721598101453,42.47925857461261,54.99177802224895
12.433859213699222,11.07168271364825,42.197573037861645,54.92619754988338
10.554763212141125,10.369255386823895,42.19637802468145,54.54398371731841
7.699722867269799,11.253847828785297,42.30426249784085,54.29814716484702
6.321843121845241,11.542348590618403,42.50370394402749,54.63929260906869
3.594611340596323,11.406875252749039,42.63079733974676,55.376472597891066
1.891953406130611,11.252873215464618,43.211062139418544,56.18037274365551
0.37794518860934545,11.344076460878703,42.95345597772035,56.815920435452156
-0.21392662159295028,11.19524189420759,42.56870790081354,57.39615113920034
-1.813879898112532,11.568797316570631,42.14754168468767,58.16180832464089
-2.002437693015704,10.134808506794421,41.721225346336205,57.39107282277912
-2.141631076633132,11.316310153148674,41.099510869121445,58.087703738749816
-2.4089230634931056,10.433177258389389,40.56873668091512,58.4014296074615
-2.2385001909977227,9.81238502768388,39.86627951004774,58.77278905657012
-2.7105281484136228,9.812740603110171,39.36973824832772,58.68362924713199
-2.5223392278118055,9.431662633442183,38.85934220946841,58.917966625867685
-2.3692458438098214,8.997555472512175,38.8564866675749,59.59638692886307
-1.938780224155913,9.61912068776303,38.86414000153597,59.61071315863205
-1.4821856017540362,10.161148237135688,38.338869825068706,61.211637260249894
-1.4658053093622598,12.515892416893145,37.38268445991635,63.40501574109753
-1.3161680820641024,14.1144591934016,36.30555967544409,65.5726478321541
-1.1536051762373667,14.924891592445476,35.23625300565539,66.80961451218525
-1.656951849587223,21.422446576428925,33.776274170271975,65.06801311202841
-1.98731771313928,28.151072883123305,32.765429397437124,64.8233402258125
-1.9060147415945963,29.653393988205735,31.563450890985635,66.47320469899725
-2.2951391787200848,33.751948086160745,29.68526713660502,68.97110859567756
-3.418719502388038,33.78304863771085,28.00308956715931,71.03377064031295
-3.782949786888878,35.421781304240284,25.87737671430125,74.51936301599432
-4.161775914293216,31.85383273108056,24.17458404189435,77.13628538127739
1.2393935136140257,66.49359987750702,25.23823201011551,76.06848967485024
0.2015017426966832,71.79583269298442,25.89100329532788,75.33585593781633
-3.9434629576592215,72.27426076485747,24.90668075817348,74.66225838119219
-2.961898525625749,87.4413528351081,24.335644837298062,73.63284184933352
-3.5386850023538727,105.42547232445713,24.07625428119468,73.47738515823313
-3.302494884421483,108.2778607582477,22.94388057561478,74.5951395139491
-2.4666621706303573,114.42485901051779,22.5263042650827,74.070650417551
-2.1050102886921014,112.2380029319848,22.52294324975279,74.06685965637358
-0.8108854296513677,148.0975656067067,23.535960392633235,71.65918907987901
-1.6689328361625773,153.6954791457593,23.489751972508987,68.8412602180214
-3.016711475430135,157.18102095082287,23.078900655005285,67.46266203575067
-3.973732460780857,154.46667500956244,23.053283149426516,67.44667227383184
-4.446729052509927,150.90689596389706,23.04879849436842,67.44621092928001
-4.7417345798459465,148.15808537120637,23.047854470438622,67.44581194254225
-5.118037693496158,146.27989953721027,23.04682523164026,67.4444483581541
-5.310456348064321,145.31839647994116,23.046488474948262,67.44375652423649
-4.8915722021511066,144.81140416033134,23.046274816739235,67.44249322243903
-4.100494057526555,143.97076241351715,23.046302842217916,67.44150893099503
-2.348841321283638,145.73771742421334,23.04731250759524,67.44007104323913
-1.2456595175630891,146.1889697466602,23.047824701240568,67.43972692366735
-0.5269596387262254,144.6119952292378,23.048858590722602,67.43982421099936
0.5659006098193409,143.67058785469754,23.04978336302539,67.44053611298058
1.9650807252036557,143.49908212646466,23.05823160393645,67.44544609301542
4.763824483202482,142.78162305616445,23.169153397326003,67.4297386947899
5.750368819051856,145.4443286521843,23.61644722532208,67.31046277572989
2.9122377400335004,144.41852634139752,24.357866796841456,66.83500116652951
4.682246580903739,143.09826388488062,24.448563293186307,66.7694499343912
1.795520160350602,146.43510467629997,24.781407632858254,66.33334340572122
3.9180060404003,149.63669118063348,26.46980598613166,64.65306363512181
0.41420806563534995,147.7270688357515,27.652049743736512,63.2094527951006
1.5583998544646942,149.90954681617535,28.868957151185246,62.263205873941075
-1.6582341472294928,150.5104039304082,28.874057334596813,61.41155523767091
-0.9887314922007242,153.86747332410704,28.856481515582367,61.14132275749367
2.7597740648945397,156.63281580009874,31.440351520166253,57.7571925139911
1.4825510171636154,157.23413174968456,33.12358435831533,56.308969406480706
17.08568687359551,191.09950038302503,34.247253441349976,51.84286913320796
10.272662734301022,193.63971988543253,35.105542396818834,48.83245151930788
5.363767143104241,191.3845031470152,36.00237887492773,45.502818086352484
6.414727046475523,193.56390007395373,36.130213992959334,42.78816352233136
3.089722009064758,192.54404510275396,35.65745709619273,40.787775274423346
0.9125483043522102,190.95396402727886,34.76190893295547,39.1237372910962
-1.5538886059434454,192.70340341826846,33.22453405435855,38.29350842099746
-3.1432413072589718,188.97437574863739,31.559677807667093,37.557525369146305
-2.9247458751897284,195.0089103014994,30.45193847131486,37.18704654204778
-4.93020326562168,194.19443274001043,27.14084368873272,37.397530090242405
-4.06093146724044,200.9588988373377,25.479630100119387,37.6077107495918
-2.853067009296943,212.44566776978948,25.165898798139253,37.84757849381907
18.69074973199919,243.9396623629535,27.39106667663097,35.036823957149245
18.557256886477692,244.93105287896338,27.638624066071365,33.7264082329374
14.748550801158471,245.58794521591105,27.490165665573333,32.97091350416764
13.276252421693925,246.44155502751482,27.151028579745343,32.51911098949585
9.430336327403207,246.7740119182557,26.6793924074259,32.69321400317249
7.828632616141052,246.50135575661852,26.619745697488664,32.870757412939355
3.422848458761905,246.22101608089037,26.411575814920297,33.76717780748654
2.22568994748805,246.88017850096975,26.42759074014745,34.81455511957995
-0.9544794767918816,246.96005636743016,24.53658776894413,38.60754506269979
-1.1620879500797336,244.59986240248702,23.603357035046507,40.54789153636351
-3.654234713404378,245.76891194849324,21.958534980183344,43.046027013900655
-2.295095093442839,246.21251144022406,20.80106952485957,44.8320150478798
-1.3711023274348477,246.11132755436256,20.535782814865073,46.10962700791154
6.9135136589093875,245.6142212870152,25.88209153736703,43.487565185764225
10.14989030687265,240.4152824592855,30.80655980668709,41.52909671085251
6.623017581805904,239.5889738150495,34.69414467332449,40.363559187465334
3.7671752325615273,239.1759715840937,37.3883463758263,40.60635759182842
1.377910771240206,238.15770805689823,38.87336676880586,41.115602765840634
-0.6673633449469705,237.29537733675303,39.583755146291296,42.126789097984386
-2.001727341901482,235.9395325121752,38.9227759945094,43.61383337093462
-1.4037443956048605,234.91625086293627,37.86885306661304,45.4114441465386
-2.1297998284072506,233.73919289189823,37.11773688906597,46.59351879165577
-2.7497780463044137,231.94402865545302,36.013608108338076,47.56774838377836
-2.4044712895996767,231.0631826975889,34.870681320783476,48.07186097287692
-4.323937912827105,230.25937060375026,33.46242647596026,48.79139210625968
-3.6054066726173772,230.2680835676814,32.27409547458953,48.34889529655381
-4.028363620752785,230.25558010640356,31.23783487897802,48.176114457421264
-3.933908165300622,229.11054054664052,30.245284079310267,46.70442666639433
-3.7462291504898957,228.72246111617977,29.047182872274874,45.72004253853866
-3.7107986687977004,227.75198347937123,28.046210977494,44.18884438693905
-3.5176609639416387,228.51526370487306,27.09384528200383,42.755448893995194
-3.006547550211886,228.29596350601224,26.20514795371749,41.2271060277093
-2.946698220943272,226.39646048621074,23.915547208922327,40.97210692128568
-2.512797923415169,226.73888976687817,22.115020051842958,40.666961448224825
-2.343619110648781,225.92550147699558,20.917105512934327,39.69288696903003
-1.9553418626258967,224.0872030392535,20.040323243699014,38.494962589021014
-1.9089282748489573,223.59166343934402,19.505976986552575,36.953273777746844
-2.7453907619784292,221.19768865804016,19.566475918254756,36.84726620229304
-2.851262614195363,214.94845286597223,19.6983149546555,36.58794817461252
-0.3605158460728166,215.92870301034844,19.742988334303963,36.57576410232889
-0.8885138234404089,212.86902275051142,19.753882884849084,36.56940507473123
6.107008370449609,210.9480714818339,19.886111392882036,36.461309710169786
8.878438967556978,210.28342031181498,20.04421226531769,36.3689081155381
10.092004039025362,204.94562936834603,20.31817460399408,36.22101893314007
8.568083857600993,203.91675554525924,20.354405650970627,36.199772543592815
7.082791536413078,200.85708013326678,20.675608178936056,36.047733883172235
7.493109086696762,202.40173087016186,20.90764069616654,35.93146846017854
5.796840622022348,199.5943244628716,21.015042594768907,35.88743823429272
5.129596056456355,198.11201250694307,21.323953942316297,35.706129710160454
3.5390908699357357,199.80635580823503,21.733975851002068,35.34278151890774
2.15131813592925,198.95993468665284,21.995173527343287,35.14101049608086
0.5417041986637177,198.3216269814279,22.09258095204525,35.048011186186194
2.578459322655844,194.4978142073495,22.498263914662804,34.764967903471415
4.298419607234152,193.2145384877842,22.621406251771447,34.66228268259837
3.4483161968927813,190.5974011834349,22.74021041303799,34.597324808386844
2.512491584657969,192.2940459489527,22.85134370923918,34.4933128309096
1.0670569923898103,192.01885962512364,22.92965448122362,34.39826307952364
-2.593610694207811,190.91801266030927,22.901857793414223,34.41853262980362
-2.741104683364341,191.49618885426787,22.83444258755179,34.46894768172862
-3.3960493329013133,197.08922235786787,22.293988182402103,34.9169348584886
-3.883506705875842,198.25877487128687,21.935674221037623,35.18309664111412
-0.8290199706788339,200.25804988993292,22.06784397726714,35.15242303814818
-1.4011375827532735,197.67591588127544,22.108693276123052,35.123533859418245
-1.8308817701690856,195.10843277121043,22.086178701240016,35.20866249028432
-2.3677744953068967,195.18747256972068,22.00240225328413,35.12150912738991
-1.6955794153951569,195.70178275991378,21.937207044518086,35.11169401243038
2.7406721445666307,191.33910052785006,22.311083776889433,34.67981951629167
1.6995073785042756,190.5553813480272,22.475380543625654,34.47706489517114
3.071946747027269,190.33498606593693,22.77063814385994,34.19484384645951
4.495585112356201,187.7826001885,23.04463206978777,34.01460335615513
3.8213732101914246,186.64870964192565,23.118818360575148,33.97711997634243
6.961353552330916,184.89769210926653,23.133716608791282,33.971486069645294
9.979037509800007,183.2106114821204,23.137864189153394,33.96975110849867
13.620111917355413,181.59231287356144,23.140905002643656,33.96819272220778
11.904628174877924,182.2506527848071,23.141926065021728,33.96755448849973
15.920547138686143,181.33395150438497,23.144957331436053,33.96550532719889
17.77217587576545,178.7816844232297,23.146319264931247,33.964876392127834
19.83543087484734,177.4643156450149,23.1464824883556,33.96478991100562
22.36461403138589,175.34112801576896,23.14673138295062,33.964694241305324
25.39336920898844,173.18615668562978,23.147365597142496,33.96441713687422
26.116832893550818,172.9080891562695,23.149525132543495,33.96322039513393
59.70356146810698,152.360185588026,24.936860524935078,32.993960240361176
58.957748467357106,153.60487015483395,26.007814556782648,32.323248743387744
59.41566274405101,154.30104301437117,26.688387575622315,32.14532513105615
58.2871502559735,155.19539851177467,27.327717577831713,31.970051073581345
57.07710216988548,158.3113019808851,28.121547985771315,31.527842123489087
55.53519484566713,157.8732467485447,29.131908015754032,31.16111480149545
56.30685945842663,158.97403495162035,29.649274438428385,31.35373228305469
53.924999895222165,159.53294588975254,30.234469547503338,31.4308704049211
52.47156926553658,159.94617496906284,30.239718286656615,31.46792106683427
51.507845905094584,160.50010178399893,30.392400708147907,31.541800449161478
50.98923339799161,160.81100539441806,30.21618816513339,31.553422934419878
49.602590138964096,161.7589757741182,30.11834278621576,31.58563986220682
51.73559926656467,162.55361861340126,29.97990851157492,31.343276104417022
