99.5,237.5,27,82
101.63496993047401,236.93091655788592,26.88173488651902,81.51223442916528
103.61650446497295,240.21364626489668,26.947459629319248,80.517338331489
105.9188996635043,242.41784148473437,26.976988537676437,80.24520077191005
108.87752112277073,241.96857153694324,28.300420591677778,79.52997065940515
109.78015249226725,242.51513356185455,30.271123543297534,78.9419130043884
110.35589148464952,243.24169911384166,31.88266893499783,78.71975025654673
110.51668259772542,242.27370950954617,33.97338991815085,78.66274564708354
110.9164690167494,241.29391461069417,34.79493264540287,79.4588946212325
111.8344989406176,238.47162662599538,35.69333029049483,80.81889035991719
111.85167616900063,237.8751566135304,35.97049575455473,80.99216442834997
113.40836480087606,236.15373902059767,35.202174786198796,80.91743507907442
116.23592095963339,235.01375557985367,34.0054035903577,80.51782246417879
117.98458743894913,232.0996325586861,33.800504847271874,80.66122448948512
118.30810959440667,230.04988123840292,33.68072811162077,81.49090477096635
119.01322227084448,227.7530492592422,33.707027984384496,80.52480577457591
120.21054767297622,227.39770615826006,33.80776211168535,80.38456349114665
120.74438103169015,227.7653168959022,33.87105442822356,79.72401280003777
121.54196716737202,226.7004869477939,34.04283157206672,79.30906386484871
121.86818595485293,226.86681525917135,34.98969175902201,79.42812274125652
122.8020649454898,225.97680109233255,36.205765326439064,78.99872228770269
122.16230918802091,226.78743860513808,36.86425098106726,78.70015253095147
123.95728213429881,225.76719180039004,37.40464566468332,78.84019245373338
125.46128099571044,225.53246150656207,37.9714343664969,78.3875565505293
125.76502325773006,226.48822605860337,37.856936938767305,78.95397778099567
126.72437016717501,226.3678500612073,37.72653338209972,78.39240941465044
129.13742724026844,227.73232080495646,36.251715183941414,78.6941090061011
132.13259767496456,227.26727000547754,34.16058643651267,78.36321259442354
134.11467406184744,225.87759167341773,32.086377500866405,78.86641354832284
136.37630857424267,224.40971608663966,30.46748259869559,79.26597969571017
139.5616377448167,224.15116078289213,29.84682235019894,79.92034957792636
142.72808384137988,223.49649119720797,29.7377894672227,79.92788206098595
144.76969416551432,223.88707446296522,29.84759202375727,79.6673095302878
146.40793132576079,224.82647998324882,30.388123814409354,79.05735859142041
146.66477691886107,224.56080094858416,31.927219455296196,78.02380362631068
144.77122398067175,224.80742985644451,33.36591925524358,76.71310357225913
141.87056116876406,225.3331263274107,34.20771261816416,75.56694894578985
138.50200270664192,225.42272521599705,34.6988845656018,75.57971050501713
136.03502198707739,224.76206338819196,34.912140972382225,76.40269444800754
132.7230933027469,225.855195970355,35.17720842023633,76.86909895187907
131.27531719744707,225.218227255035,35.17774467586466,77.74822052034025
129.68658135308718,225.07427113869898,34.30102048369456,78.0912433491327
130.20699837243316,223.33880387646013,33.08064010370259,79.27110645866287
129.80070523237103,222.64385026514827,32.61143326630366,79.87466265618204
128.20167597646997,221.99010625254152,31.906856919020715,80.128502924819
126.74443328170716,222.37981409852426,31.427352507139474,80.88318120887433
126.66332769775819,224.8595111057607,31.601983060872925,81.0211082278793
125.89160259500524,226.06553982436463,32.63280733368534,80.38834206283477
126.32660807211424,225.89995245223957,35.224559284588196,78.72091167498195
124.7705606413769,225.97417852654752,36.48867364679528,79.030910320586
121.77162825671395,226.7208737306801,37.5528636038043,78.35044691999605
119.86700642224882,226.2160263173044,38.280641313185605,79.65433960412736
121.33430285536667,227.12531375505102,38.47565827017683,80.29603394135691
121.22271604756766,229.54244942853825,38.0869791802962,79.8766490689918
121.64696606704729,230.92869739321617,37.40291330609942,79.11373303656288
122.78987938528675,229.14710259898146,36.19355942886732,78.70266730162226
126.02886311684965,230.37955822376207,34.44987922770442,77.98500958923906
129.58074385028408,229.0786294109708,32.21472909658995,78.44811427750473
130.4096219796857,228.12328048907008,30.76478468511586,79.19031157866546
132.62213974958442,228.66807437965696,29.680828857232505,79.98018198650234
135.00864873886934,229.18147079029475,29.285715770630404,79.88434266788177
135.11694847690399,227.72841407198982,29.382255584178658,79.57377223989812
136.63543282821206,228.36471279210707,29.88364986145146,78.66073245809753
138.2166725719089,227.74243150830506,31.420089193485225,78.45609928309442
138.06549868751927,228.43168434279872,33.051181850570146,77.65780114079092
140.08984909167202,227.5909083558752,34.313683568357185,77.16381838944876
140.33967840136322,228.0615165312457,34.86250224103568,76.65473204764368
140.36324622242086,229.27671765982228,35.037340092615665,76.50873716773356
142.79884597889213,229.27780213054314,34.76651718566062,75.92217007584779
145.90004809775695,228.16403445229057,33.78450612877817,75.07886030524723
147.97851048132185,229.9108156662081,32.366697076675244,74.16142898283515
149.3978329329532,232.11136222053966,30.807863078869048,73.89424509963587
151.34945516735758,233.10403885463646,29.604875672972323,73.39515725235599
153.87132888689442,234.24709922267598,29.234550570476973,73.54063756379281
155.4445914610316,232.13050244658643,29.4059070063701,73.77776836038721
156.08533879452094,230.9122073568137,29.94956056422208,74.6002919391331
156.1109448763406,229.33787287292566,31.202615449418502,75.88443165485688
154.7826000913748,227.3797854218073,32.74534415719033,76.280794688426
154.91551578214046,224.581823999582,33.68391712975449,77.3520564687286
154.55594041836073,225.09545398845506,34.211486503768754,78.24027340920304
154.20441262207223,225.62575536351596,34.62084751078403,78.11186262704544
155.55671440509977,225.89745675499452,34.55065194186027,78.47565922687026
157.7768726196401,227.35853595506714,33.58772913994634,77.88894098556905
160.44142076240328,229.2526770714739,31.955436901050863,78.42806134446082
163.55453956556497,230.6920487520194,30.55379617659394,77.51541927216533
165.81511788419127,230.32180670077867,29.729791915516252,76.90560914227832
167.4539578418566,230.99111403468464,29.62052897711432,77.01758985334212
169.46490539130815,231.62239109743143,29.85159789798663,77.11392220817996
168.63609404296858,228.8362783179673,29.483208412430045,76.96981199364019
167.965667240566,228.35297633459223,30.534706888231643,76.81950955589508
168.4933164025751,229.2816237137174,32.09866982901451,76.84094616761692
169.82630528070692,228.24111703130444,33.25268819129638,76.90176071042143
171.95123687653455,227.26034189436874,33.18891594583863,76.40240972391683
174.26752344974446,228.9917544687289,32.18764944767321,75.80425222923397
180.28847145998617,230.24703777961506,31.171776338261587,75.01895778611157
181.7833763323752,231.31495987223002,29.215251496056112,73.89053557124907
183.56579541192593,231.3843374798255,27.613203945360766,73.9380977999058
185.87885791400572,231.02333729691657,27.15311411652467,74.0429081027239
187.89514871927366,229.93908043417701,27.71866130161257,74.20526919835075
189.70638471694156,229.0182341044797,29.04653482248158,74.76880104727478
191.20026606008093,227.5287937194891,30.793963481417666,75.16871472283455
191.86694638781566,226.24964809220114,32.62644011385105,75.18180300690577
191.11778642641247,227.26218366684682,33.65133816499534,74.36955608304008
190.5554043887701,228.1395521868177,33.949334914878676,74.33542179387655
191.0039341298949,227.5305493710115,33.68437166361286,74.04640683279942
192.31400621475308,229.6033407006322,32.56580260623936,73.22463641988065
192.7264564506248,229.74292789266073,31.420262732821634,73.02947837381437
193.6073848511892,229.27804478809168,30.096966149311747,73.85615380495923
195.05534993124905,229.3265928223733,29.54278088894185,73.60731669366285
194.73238026056046,229.89841255076834,29.31285733387658,73.99316711171252
193.140276735646,229.5113586713296,29.590430768211743,74.499165847019
192.69318097491995,231.2810723647565,29.510280658728185,74.60984870491616
190.88243581345077,231.74926073210096,30.09334696662139,75.00335936036396
190.2125846508174,232.59336229816302,30.662955016413548,74.97331011980324
189.59256058222635,234.00620780970993,30.626233277115546,74.89979991145248
189.43905483933455,236.06329570381703,29.2661554198282,74.66821560921547
189.412487283643,236.87653387372814,27.82463206105748,73.80574612249686
190.06912024125904,238.29894228722333,26.756900029396988,73.31335081764699
191.14546867619867,239.56682919973136,26.340418512529794,73.12042433989046
191.34243963216804,239.3051343366059,26.309912107411776,73.05753348180603
191.22683160101033,240.78442298639592,26.789179932308073,73.33314807675725
191.17286311854508,240.12615869055242,28.31085097564587,73.38097153882089
190.98081744816108,239.26242038116536,30.02896066606139,73.89541615037756
193.71355039149483,237.64274969434183,30.44184122257016,74.55466700125851
195.56788967252317,239.29462378762875,31.477669019613785,73.60946554854085
194.87265113497642,240.53046338628923,32.00625929537185,72.55072578050309
201.06482501065503,241.3331019894424,32.392316359688415,71.71760433591541
202.11669260196533,239.8807730609247,31.37038533337126,71.06281418918196
202.9830218137659,237.70045223747542,29.727191209150902,70.23418486287494
202.37421087651052,236.17835541602474,27.610278676999684,70.33888437278068
202.97958068858057,236.76479835646174,25.49561166705254,70.68321541275935
204.88597766126426,234.56448505132047,24.09454991849299,70.0402047473461
204.13703645550055,233.57278445446335,24.129399965175125,68.92062794995621
202.75073504922904,233.8232658110649,24.977688159607485,69.0785699680267
206.54681926042443,232.1561570339907,24.806699031802886,69.89034112820849
207.0774586397179,232.40453293360088,24.800057109267946,70.54567141459759
209.38359523858014,233.1063463167848,23.887937023954898,69.91115502983298
212.72292914149918,233.34383058343926,23.367569617897132,69.63586484303875
213.79961462880948,233.7938929306491,23.132535153934768,69.33491125066602
214.68700458991628,232.96348534978733,22.772925901276814,69.79691511974124
214.80083713088294,233.0331403079835,23.19935468092342,70.17859271403005
216.22772087961977,231.987839397794,24.336711813424156,70.76161377726794
220.38181416674695,231.34269968934433,24.921412354648275,70.9691963987037
219.4770959086732,228.8932481969053,25.72593291811328,70.90381162570824
220.5872718125546,229.73639814568728,27.060855358473617,70.36927409443916
226.3978524656353,231.62273041663104,26.288709288213123,69.61092706506385
227.44733251747962,232.01673283791018,26.15531558123776,68.74901375938512
233.67382278102022,234.35299330108435,25.281138116595525,67.47925333871302
236.30691249549076,235.7922056783163,24.552388020387568,66.51460700851216
238.822400596182,235.76357318013325,23.466149730229468,65.5601753085968
240.80971287320423,234.99932057221088,22.938807967322713,65.69313003501588
242.86892454538076,234.411552549528,23.161696077742587,65.98749050274108
244.5866192562169,236.76162236002148,22.999481657214766,65.429458368479
249.5574158489724,236.84230136561897,23.10406728945275,64.84696204089113
251.70744082459484,234.41463630807152,24.073900017193445,65.8230449674179
253.66745612848896,234.07131293407664,24.190430421673298,66.46081997843412
254.48256689776517,235.52770129646498,24.0714424513124,66.42621016764365
256.47544687427563,234.1401320859526,23.74475394375661,66.25510458727993
258.9377665816134,237.7914368699945,22.712928688474367,65.06647245144707
261.9693137965931,237.3589669038628,22.729797465759813,64.42043201604992
263.47818940187796,238.01366395748082,22.39753137977809,63.95507645489927
265.51478168122514,237.4610993807339,22.42143849588846,64.93661826827655
266.3179534874159,237.28278691838224,23.052422936027682,65.10161575014315
266.5386354513952,237.00494954256686,23.967201409764336,64.9571479989892
266.8643392784308,236.0048880741005,25.18837464158026,65.0615164794018
268.54884775754357,234.80880447632654,26.530302812749248,65.36948400797279
270.15057013379254,236.9091523386967,26.855156199823504,64.58786830222965
271.1563667597324,234.684157058163,26.431565510466612,64.62482728523311
272.8174756674082,236.91411586576672,24.830127710106833,64.4552152844971
274.1702454611052,234.59835286202295,24.444140067445446,65.21870478342446
275.14983272843034,235.35217103645223,23.389579862133257,66.18508343204822
276.40558127656766,234.5783736413323,23.293776048939677,65.39973835908313
276.62860741017926,233.46737551608916,23.35432428086965,66.03992842670806
277.03330995765526,232.8422769505818,23.45165758637689,66.28133911782716
278.22162821804085,232.1932687346591,24.393434323204566,66.90789551720945
279.29107135807914,231.75403787161642,25.852978199835725,67.36725669049751
280.0618091952945,231.9500749485479,27.211784193114497,67.26466852763572
281.72498428671884,232.5097821647744,28.082080223797277,66.67758031664874
284.46667005401633,234.91988559718754,27.557724535454646,65.66971752607175
285.87130918106897,235.4142262359805,26.30767267504906,65.44046659735896
286.172728961664,235.6020805364239,25.100383424470678,65.41594719258195
287.65299681041677,237.0168268112925,24.670259924078188,65.85040475232651
287.79795978419605,238.09424020180103,24.929048733485303,66.46942578968411
287.84444119105933,238.89914000861154,25.220090691468158,67.3017419597545
286.8093546478609,237.46702779357548,26.0525728522668,67.98624002759826
286.5120603132434,238.23622035816317,26.735624373443407,68.58971824452274
286.4172221123265,238.7258491418104,27.88053113054,68.43045286186728
287.7587577729439,239.68646105775485,28.224445454599397,68.28438219007356
288.50805672354625,239.53781349133283,27.64260519661751,67.72210008435783
290.0002401374374,239.13320832640238,26.720925765838427,67.19028196229918
290.66578723782874,239.63006063312713,25.98030128303511,66.18064549109991
289.6426477337336,238.14341698747702,25.626423793270053,65.71260378001972
290.01776052742406,238.65637599514284,25.61566487306451,65.25641247023923
289.5242144818142,237.2897958283524,25.47539209039808,65.14442471727227
287.8057428415,236.94054328274493,25.21877381707142,65.71531003533772
286.8489391476015,236.56279649035753,25.56575262954331,66.04611447621643
285.7893576005277,236.3136755573242,26.394042315373397,65.38456236931407
289.0375528825013,236.38777680401296,26.776934225944018,65.18399563460468
289.0822732620682,236.7664416104166,26.572033376471012,65.74679470107293
288.8541238037549,237.30332419464003,25.495658695761897,65.58240770359313
289.1002106842035,234.57312644852993,24.310041457710952,67.85772552857705
289.6849267970982,231.1702459041154,23.41363247964022,71.12051524480174
289.7792763874436,226.2914712333714,22.922043236617334,75.2383946911176
289.1948303998723,221.50318978618094,23.218409400564653,79.30576368825118
289.0710848548408,219.8160156915223,24.577224324093056,82.04210489238099
287.73206684601087,220.07441343107303,26.283777647603976,83.4087079461469
286.8130131834379,220.7240760658649,27.84773573368668,82.5188546652412
285.9063792575889,224.47133022949126,30.68373465113472,78.93186806268938
286.18540579099874,229.75483162882864,32.868319457010976,74.42692037494604
287.9702711033395,232.1269867781172,33.10732706398846,71.18413345188
292.68151612453113,235.9762255066198,31.838534989134466,68.43897506759824
292.9909964817273,236.16340407266344,31.305702442550277,66.55173093447337
294.33645594856597,237.0428916594165,32.033628208732516,64.79022289348529
294.9143621881713,236.28486284632902,33.11211515083218,63.26622214525537
295.28638767693025,236.12986650151382,33.70131731853221,63.15093205853004
294.41240879102986,235.73200003545836,33.789523913498854,63.66356712744364
295.71693650463794,234.1952670617934,34.077058003876175,64.00124067632079
294.0923709803268,234.35923880005578,34.219992648994946,63.89423030931792
295.0117361100479,234.41481559308977,33.60705145968222,64.02206264916278
297.21464030658086,233.7697394029458,31.72555603963869,64.45382386371737
299.88092847699,236.51310182529426,28.93841727320704,64.72184259507026
301.8337373680704,235.30539182104818,26.572113045810003,64.90629460505778
302.0207161956701,235.25062311286385,24.75635574995512,65.14309203584124
303.7116831922938,235.36781531836013,23.988658349954278,65.48099572079973
303.7455206526917,234.79362289909622,23.94243544069893,65.49385485589738
302.8090633377844,232.5272343663041,24.737692370928613,65.1781989037509
301.35859816560827,231.26127135137432,25.539181425379095,65.29571458090356
300.73543343308114,231.518647602244,27.115607343861555,65.23396694600267
304.2228288601361,230.7566362201276,27.23514680057322,65.23367971744521
303.30237587673076,230.8180466087764,27.853709918606093,65.4220063617461
302.29373356532835,231.81312863022265,27.73776075578165,65.5241510785429
301.39149868487834,232.3179757096312,27.576529532680553,65.81246750741803
300.9105056020992,235.67803736955244,26.550898682400256,64.91928758509758
300.51943833512956,236.54047345868736,25.92991126809731,64.68857832396486
300.66439722583897,236.16113208095433,25.703921092426615,64.07141147482429
300.7746716697716,233.5150460305815,25.72626576628226,63.9367342103356
300.5592360124849,231.97286877225244,25.935430139131753,64.49297917651764
298.49800207886045,230.60727966640772,26.351994237841218,65.32465523004208
296.6604131353316,229.36736306931,26.794075525320103,66.17239857095083
295.2629495937058,228.75937754174112,27.497243403707206,66.5604736867384
295.9174569833759,229.71019037594843,27.304679053329647,66.50454112974346
297.6105412761923,230.57302452395666,26.39387562959266,66.44125710534871
300.2077784863025,230.1023248901899,25.38063270809051,65.94719652066364
300.3562811358282,230.1255813303037,24.409440285263564,65.65546546776659
301.3275949443096,230.84817290968968,23.808806238628584,64.95767764562261
302.8994820020774,230.02249154724797,23.483871911529988,66.07580917171833
304.22847362195876,230.3871242467082,23.7963061713094,66.25326178846863
307.3860858713264,229.57001462139272,24.14298791494485,66.22211307816974
305.6747964792313,228.80523632249972,25.22667829238134,65.8144175120687
305.01449912250604,228.68254309432018,26.560878851924073,65.44315648650945
305.1310607343714,228.5520877952988,28.096292195881396,65.09086832738058
305.3533454160799,228.98039775987982,28.288224502348033,65.11916237917937
307.18813428482457,227.68442533567594,28.228887224300767,64.92942282893603
309.59115941078437,228.83008553070184,27.4137701522366,64.9508298902087
311.98977759575587,229.64716053522875,26.750954177191048,64.68598871046242
313.5667121321359,229.69974442983812,25.882146702255113,64.65429951566605
313.8577333178929,229.12576845334135,25.482593666278035,64.98078454589954
312.93020437355887,228.5876452339076,25.355293218497472,65.30681444109258
313.11363772912966,228.97681537322097,25.52332794749936,65.63506312215975
313.70467713899836,228.38550880327787,26.33039071120473,65.34928770461187
316.9355964881956,226.13786718558865,26.52066211260273,65.0978387050355
315.8050659334468,226.95375403188868,26.98860796388341,64.4374315967364
315.63418032206886,227.15144528949645,26.514411865243446,64.06162483011349
318.06791262225164,228.54589735424483,25.672823310104974,63.331067448968795
320.2279592507943,228.35443753081364,24.66674854094993,63.036680860994586
322.45745219909503,229.24885608434641,24.19693009620694,62.74715496265402
324.1570768796116,228.71757308181026,24.081154703679708,63.09896323533499
327.34744633524355,227.21420443383124,23.94584053988282,63.49188164739714
326.1662498029146,225.83252179981713,24.59519170295228,63.989696778859205
329.3089552940073,224.46649606240146,24.8709374704922,65.03514232336218
332.2956170710828,224.86237396876072,25.006937894765343,64.68662920955148
330.56455979295555,225.63095472609837,24.84025301254325,64.16756926786661
329.482658783589,227.4010329445333,24.929765470958408,63.364172732043485
328.9349768878896,227.6030159414159,24.88809091225191,63.07715791331236
329.2326387753361,227.00115123017568,24.09186716384719,62.81088098909021
329.76035891641845,226.60229306889113,23.08393112791736,63.54452443449065
330.0215805320822,227.0149997561148,22.616313582508155,63.40758309259031
329.07892898179466,225.7098333977147,22.25735780246808,64.17452021860834
328.37411303351666,224.36728153608033,22.21757496895207,64.73006800124904
327.558054406803,223.61808189680715,22.59093689610828,64.83883386266584
326.4326082478258,224.40033301695325,23.325395498242358,64.48148768449984
326.30062814890726,224.80565063047447,23.67189630502193,64.35587665932735
325.86939544602996,227.10367188192362,23.56480853818819,64.14431940118007
325.5728787829076,227.28729757159948,23.007062974776915,64.47975325875915
329.3100640437806,227.0887762824014,22.805157682065364,64.15907628225419
328.37685382455425,227.548797543714,22.79793078832654,63.419275642430065
327.8287882419865,226.8913913451706,22.463624388612192,63.61028513920253
326.2274036318182,225.41702047439787,22.446745486161227,64.36294929552766
324.96750446509714,224.43532299975203,23.64169647901958,64.8268431356961
323.1358376780996,225.0681542073355,24.938300078267915,64.29476268073043
321.5162663732858,225.72773048277932,26.21326031103405,63.83250217915535
320.01605331860645,225.78103290986635,27.1830675143716,63.36304481119119
324.0052106774717,226.40487357950533,25.89357840394086,63.96728812973487
324.1468971209719,226.54904011518263,24.917694971686736,64.15276611857047
328.321319086143,227.58627104185257,23.655364560631746,63.90007612535329
331.85673644915175,225.9914283642027,23.8124732550243,63.21037505563467
330.94718975128893,227.20106361939338,23.559361584069073,62.56149279083591
331.14522551422215,226.99358655559172,23.109017555541847,62.471197656583186
330.97314488551444,226.47089400122658,23.435012142381566,62.17218367073186
331.09525969168504,225.13989535212477,23.34095039758161,62.09459747665642
330.794140674223,225.84303217207474,23.905152048817307,62.324957828951625
329.1880452773849,224.63661058683917,24.551912678156363,63.043808265467376
329.04147609453656,224.73146377284266,24.524745666608027,63.26168065980636
330.0401229874218,226.34691386807543,24.27167869415397,62.83687773839903
334.50511100615546,225.8677930863657,23.3507558869723,61.99364580347409
338.09558129407685,225.68977225508598,22.405604133303576,62.12443051637038
338.84373443686377,224.99258450906675,21.65927251575573,61.8609009066327
338.6854720349481,224.86936255001555,21.282575035269996,61.53656043476239
338.5647349038341,223.23969290166906,21.96506099455186,61.529771429834895
341.45690376406054,220.24328605788173,22.397459590779878,62.00514241416247
343.6535310349791,219.88877535076122,22.77046758022339,62.635477173835795
344.7401458088083,219.83637186707122,22.932090251192886,62.161903556499
341.9474290381312,218.87011271669684,24.110656765264423,62.48278784121079
341.1706258738116,217.35971382356723,25.055212760403613,62.27246742526054
344.7019468019712,219.01771774704187,24.769947079011235,62.30766731146556
347.87960621550945,219.49605344633153,24.084834798718106,61.62816320333539
347.8896416840055,218.5712536603719,23.938873204420375,60.70999963743724
347.3304008984839,217.9040237651719,23.664805499111548,60.98755761528383
346.6747651872822,216.2274680400963,23.284826120428537,61.54989185901411
345.70570797063255,214.92838834414977,22.864501108232318,62.23095213267448
344.90249233455023,213.76402398844488,22.54624201460559,62.79734613968513
344.1494625293339,216.172725593471,22.642112950111454,62.4299513219669
341.91741320792227,215.5254788819548,22.77700035788832,62.76009619038808
341.3795907225296,216.10059033088842,22.559428027305003,62.44484835632163
340.9050186347923,216.54717062893815,22.263601523496444,62.408812208044765
340.8634499790856,219.6235965794695,22.083362956575805,62.253708681921005
344.08247044009437,219.07399560743158,21.420608709057756,62.39978055960205
342.8796489681432,216.9443274379093,21.130480435613862,63.28070894347695
341.9668728062674,215.88228358863378,21.134052044567486,63.658579391204
340.73282014226595,214.22873254363049,21.309600133037968,64.37742154583155
339.9747786664181,212.84840969812043,21.810006228692686,66.0632527980318
339.28150151901366,211.59951016866535,22.450095138541396,67.87772632784343
334.27798183597986,208.86924778554098,23.368932981781935,70.32676074909098
334.2573789647209,209.7219228978824,23.51102661893021,70.49938574985674
334.7660721987061,209.77416454308906,23.60793956750186,71.22531806594215
334.82179831739927,210.3505124541063,23.71328158251114,71.32056087687275
357.4165208128654,230.64144858394093,23.797060468532095,70.81348338649059
357.04232422648624,231.9817713995375,23.920065257424937,70.2994823285091
355.90323178195075,227.48591870339266,23.75713786660405,70.9689383082622
350.48237703284093,229.42166132160176,24.257139181535074,71.1178044817561
350.60670211810026,231.33613287793105,24.57087844440034,70.43343720337177
350.08512539195357,234.28218979697533,25.10090391407731,69.32254380137942
349.6528111264789,236.34338545173537,25.339425705982386,68.34299549990071
349.05460960354924,244.00549740125956,26.379191619673925,65.27945084584745
349.59295588119403,238.3229583372946,25.798194565950276,66.17088853188281
350.28267121774417,237.82456254832258,25.18297352095526,66.70968153604683
350.88044055891163,238.14846338945642,24.75452045044047,66.24904049473409
350.9346678871518,238.987380028587,24.335725627868236,66.30295162508042
354.9780016062802,236.21146834422643,24.327557029943506,65.91426567449615
358.9190872639612,235.23908844771742,24.250846167614924,66.36185311186233
358.94868869891127,235.29721085280008,24.722332477612092,65.96310413056399
364.5022856929606,233.20833383909695,23.62614770582201,65.0837464178579
368.64914708632864,229.13147609554545,23.17928961940332,62.069276670891114
369.70445320758205,228.32947715029115,23.547931622654602,59.344754740232695
370.32478627962706,226.8051809568794,23.398542720271376,57.54598317823418
371.5769808233686,227.6616910524529,23.612166919378904,55.9616413983325
372.47418631156273,228.44461241343606,24.00503707473505,54.665479653233874
374.5492065028337,226.94358132303233,23.44374419356626,54.03132519356894
376.03333351507206,228.111418225536,22.60079248384797,53.624707556164125
377.07030484003354,224.24955688977076,21.762480822999724,54.96498067325124
377.7525437206212,221.25491429622807,21.107356568389456,56.31226470829806
382.28518489246215,221.42032656528664,20.615002653357443,56.696921987903245
382.68548392697164,219.85771358248203,20.652698255946458,57.06173216104724
382.8143434637233,219.71697578461396,20.5018419211717,57.42694654574577
383.6840572284094,220.17685456666584,20.487211283011924,57.45720828162598
387.85218427752903,220.98920257901727,20.2653189477731,57.05626153689897
388.72293882797027,219.07065651836558,19.9324389066822,56.59881754446337
387.77463012346783,220.537089592301,19.372407012250797,56.262785817750384
389.22555909858,219.98614879282894,19.250223353637296,56.51101172077928
389.0565668727409,219.7926524474991,19.267101550260875,56.44795113680746
389.44351114242306,219.30151458425337,19.735753131975116,57.1922376909595
392.51205669037944,219.6986623942448,20.061071532369787,57.38806659461629
391.7168187366579,220.02482889483764,20.998147495507347,57.40770545097839
391.17655113183747,219.1352599108597,22.26068834899286,57.20757021889912
390.2067554415918,219.1236769152568,22.858804361938112,56.91936181401924
392.79567771863935,220.20191080958264,22.666505443066427,56.30297481111889
393.05829274790284,220.9022001590945,22.92215714704399,55.4976462417949
393.58376118634175,220.7216709042005,23.20172707177141,54.95246619567465
393.2779464336991,219.20741907565747,23.477586774724685,54.818671650246046
392.66007891124286,218.0668277567717,23.23175980124278,54.95066624633063
393.3209703014146,216.5986482651626,23.34186905829096,55.017305485820145
393.9030169783226,215.1896946010197,23.076975607486272,55.83137332130812
394.04710174154104,213.9451458024969,22.69627204560517,56.29202853554119
395.0239552175515,215.30013078801903,21.75097673947353,57.26284898884386
395.22845281819843,214.88765094277545,21.711317845228486,57.2378621804602
395.2496197988247,215.8816934767196,21.338142730115763,56.816817913620156
396.61419843728413,216.31873050114774,20.884283333369694,56.54612520049919
397.7635430272507,215.7243847337342,20.59183833602327,55.77386147314212
400.63930388533316,216.1215038092798,20.082761135086546,55.36547705964365
401.1541063438309,217.75548345771523,19.96909203247172,55.3080544811413
404.6132060583151,217.05394998805522,19.829792273150534,55.00256739099659
404.34696074575976,214.85955651048238,20.03367036206929,55.59344174848605
404.4045814094893,213.7137340572485,20.172765987773303,56.85069203310475
404.1942097437599,211.2144329445052,20.86005875747022,57.2989173665015
404.6591636763717,211.6241600694123,20.944389488209307,57.86854244903898
408.71296982322866,220.89980578591036,20.852591022009985,57.451490212820225
412.41094938004267,218.57752378259408,21.279821166957348,57.45764937326132
412.46093679588165,216.15082061447487,20.680597473012917,58.71983533062408
416.7511471371405,211.47470883859887,19.45258901431114,61.39135714974053
418.66506424396897,212.26513412111518,19.11713136658735,61.58986652142209
421.89979622487385,208.8182734348991,18.51537990248882,60.94478336275682
421.3372174792411,210.48516211904013,18.20073546237309,59.754140111601245
421.94604008747274,208.6982694872469,18.13317247647771,59.38682430096894
421.82930260242466,208.7655742601202,18.378391702705247,58.31159796874242
422.7265144782376,208.5007659053443,18.927231338759363,57.7975864625044
422.3130982596471,208.40912891128463,19.174297621651093,57.336139717458
421.61750043200277,208.78253822496134,19.392892053947875,56.208607627275
423.2689043687416,209.73597591726113,19.577225074406492,55.00356620606961
425.07655349342747,210.9905770510105,19.55306876419788,54.02780893921938
426.63441852297274,210.47014752568447,18.92678391461051,54.13272188296074
427.4666903042866,212.23841230942116,18.408514203377436,53.64977140751304
428.60354605504574,211.80838290025127,18.106654885201085,53.65264408722294
430.42964922078795,210.87532161646826,18.024845930730883,54.31648136502457
430.4352001734002,210.50687220511773,18.62077435759494,54.449036117767875
429.3980167001805,210.36849624129184,19.123267519968994,54.61389332611702
428.9842758746332,210.32816132701836,19.772659179851697,54.85747541913027
431.4994523599198,209.0031448871353,19.99933288164177,54.5976200313793
429.87243073141565,208.2069263700425,19.81941689296827,54.513023045141
428.43508596351603,207.9907701838297,19.892240612651257,54.53045433717754
427.4689385406212,206.18496436204734,19.56538090025913,54.422874429533806
425.6092619691685,204.10020114033858,19.378502401395156,54.49898799682215
421.7662825593514,201.46804881034015,19.335167874624275,54.20949016658466
418.1785545099715,198.94262059526014,19.223897498622105,54.613456433323066
417.4163062013534,197.32002670538566,18.884658797674383,54.61184331356641
415.9143981010629,196.25221133436736,18.763443050165897,55.005244951560925
414.3247753965809,195.5288568164444,18.711820358009863,54.845819334315436
413.4068752885654,196.30643176198726,18.723666111035726,54.24430936775591
414.41181162508974,197.80620764554618,18.46670619776798,53.94515604576745
414.67698278987854,199.37471910527975,18.294188551379783,53.54962515930511
417.0704224776382,200.69245059449636,18.474305845629676,53.67824270531644
416.7471348225157,201.81486684636792,18.39138348474736,53.89573315193651
416.9358472558354,200.43075786932803,18.629142925206377,54.249175972883336
416.83248918313024,199.53363144449344,18.77199042876341,55.25066755632101
431.30480080625057,201.64921852559934,18.55374276235676,56.935754113408485
431.2957069861647,201.28545574089335,18.447026507567596,58.363092929547484
430.92362962880287,202.14119920837382,18.56365499863165,59.754575641040404
429.2076626154468,200.39824193712474,19.875100858534758,60.425251707738965
422.15242498117254,203.0316281498374,21.554382775337643,60.30696017449509
424.5693014075019,203.20967164442507,22.755958787730258,60.432975877446964
424.47553940754085,205.0136936130056,22.672030807776757,60.85851653501249
422.494143187886,203.74274177867176,22.918687029969153,62.21344341325196
421.449757504038,205.3595821596147,21.99788088492406,63.29537496749769
420.843836256068,202.40596786916933,21.816397098362803,64.86998006663794
421.06772042583833,203.53573922897573,21.932821828756996,65.8460096851294
421.9113401220506,205.8936948564191,22.76421437145214,65.53971013220796
421.7449908179059,204.92644389472264,23.33320632543137,64.65859878579498
421.9467772222507,204.26620532603835,23.363126415682657,64.0366006042549
421.7680652503902,204.79019332277664,23.95453588775367,63.140107386585676
422.1039146073288,206.68950487910843,24.70081867927035,61.667563404094864
427.0033285328205,205.49738311020178,23.214672026407086,60.899651542585644
428.4723274536695,204.84919144003715,21.421322379022165,59.624181722056754
430.40370053831106,205.2315595320896,20.21796952028597,57.924492563632356
431.0546878605454,204.00804149841048,19.63559287109845,58.18902087761845
431.4877087226524,209.04787836788444,19.503406155963432,55.80038336303573
431.69724071604384,208.4534825809696,19.51020922006675,54.484609459494195
431.2791414125557,209.46162915072375,19.281618412637176,53.80182040075826
434.4595281424767,211.3108687413313,18.876356045934823,52.85132109892246
433.7632167659731,213.24148251244344,19.399754190997562,51.68829449778402
432.9230930826761,214.33494256379913,19.5195165522128,50.82540801304596
432.4065521068519,215.33825905142504,19.819184092316405,49.87313912299159
433.1051505450772,213.9126853181384,19.745860258926047,49.14525011533699
433.05373952376203,212.1565859684311,19.658360915696015,48.89327721440972
431.138594583368,209.14716321664014,19.51520061261563,49.84643124689184
428.9479204049991,207.7508478422223,19.340533001030735,51.07517273066709
428.88785265533517,207.32796324861584,19.117726858550963,50.67692133663457
427.84962467104054,207.2761825842819,19.138795330191993,50.95040457010475
425.77897274013264,207.78410144806818,19.24824360881692,51.38020907542712
423.5324932897311,207.5447426394092,19.241026079871375,51.087634781143024
422.3606192630472,207.37126684903393,18.997124072585542,50.62946184063807
422.17027302647335,207.09287016375907,18.738790440329392,50.07798349316262
421.02919728664125,205.25363669583976,18.668896622370855,49.68993879798924
420.64733534915814,203.771910610636,18.691206188789177,50.236756647183995
418.8756713283732,203.22576381538903,18.825600113995524,50.760914678119065
418.19695106360393,203.53617093232833,19.38498016675402,51.363037551326684
418.6556349585909,203.4088136436958,20.59583841857392,51.84381126736665
418.86301814103206,205.08768456631105,21.75194340684111,51.60945079840258
419.18007170147973,207.3496228261038,22.881429482814593,51.04596532343379
420.4352300647086,209.18793049977242,23.64254157982797,50.28333546689548
424.36208257324915,210.29299695220158,23.76813181650045,49.78261108368942
426.2723360571796,211.04819222953168,23.678582595145375,49.125557280490206
427.60955678692983,210.91577569433053,23.448886199426617,49.00370635040045
429.29335169370194,211.06558184433266,22.981581868289,49.46372765110797
433.73175113398014,210.87937608036722,22.993441511292183,49.15933624582277
434.81062984453155,210.14256943744167,23.02360966735303,49.310856402515874
436.9308376540168,209.8009280879939,22.541762812115493,49.17887231340558
438.7978166537073,210.5178247962096,22.388599147146127,48.82151255557405
440.66376569216357,210.76822561382488,22.632279616757565,48.42193657959466
439.7229042351793,211.38778665314618,22.572015612276672,47.813649080419864
438.9821364567604,211.23725036620598,22.34702798910668,47.11453795278503
439.0843950067207,210.20374856639486,21.37733834804452,47.014703383309396
437.44630383746096,206.78381520578353,20.281257731852122,47.748478605203424
435.04680635974063,205.36645418436368,19.35712818320338,48.34902067444086
429.2047333322079,201.75842681297763,18.83058564726533,48.76638891284891
426.39482891878316,200.289913475176,18.565586410607786,48.77017517478639
424.22633481919246,201.5088529178392,18.716228555712046,48.40812198068319
422.158430827643,201.0887370766188,19.14526278087641,48.09882623258962
420.04925971714846,202.61004133457865,19.324899652897,48.004124926066275
416.86967140123426,203.944599668489,19.713952993709814,47.806237573049685
414.7315868802622,205.53806369118047,19.516876414926237,47.45657287338506
413.5086539495992,207.79942539769362,19.36910576349604,47.01487792181506
412.17284454399095,209.32658710997742,19.43634706654905,47.00047482729505
410.6927060234519,210.74775382322716,19.548964281348503,46.84619906185212
408.8573506488068,209.7324481315459,19.684542622496565,46.840364589120284
407.1691041253165,209.3811212505468,19.44187263313076,47.556792587782624
406.5732275005572,209.16609808279645,19.209447759175138,48.28410689670635
405.2707711028129,210.89737260846894,19.152147706000505,49.03236183095707
405.463696936981,212.05595705978868,18.9951724942825,49.43304552078588
405.6406979233552,211.71029397803778,18.886865337646615,49.36427358457912
405.7663400970083,213.94152746755003,19.17875162127236,49.0382006294499
406.18388145931857,212.82506393402633,18.647521126962307,49.58044039772255
408.26416419120676,211.56837682998548,18.619274636727198,49.55879115495284
407.17275851231165,212.75508859918918,18.761150716578516,49.550453933607805
406.69440668336773,211.24880517695513,18.568220132408534,49.57767517604039
406.4301250353679,213.45410742160416,18.38406100771577,50.30942755930089
405.26697869189195,213.05970649988691,18.83458038400633,50.34458374424238
404.8312931398938,212.44539506183278,19.39053899644277,50.17717476381375
405.0732492174643,213.36031338824287,19.963363191361132,49.60115733821222
408.3833978563936,214.72416768318482,19.83873194057178,48.45274390671452
412.1258199134162,217.66477326512785,19.810075551593584,47.36159373983777
412.94642268044004,218.88152300684317,19.91731743575887,46.43012749004968
414.3313161092881,220.18392728459398,20.015603326246957,45.44960260592718
415.5699268294922,220.52703176929228,19.972380947423204,44.797414742147865
414.83018033444904,220.5586544821892,19.705715456865267,44.6563332573201
415.83590752117954,219.9310658621729,19.262570986549168,44.90974786879747
416.82135645893743,218.0665227652131,18.881003545832563,44.45051485647923
416.95953053588266,217.1286573939819,18.908676690827427,44.07961731448728
416.1096144104575,215.8116021028254,18.52635872080684,44.00889939605263
416.2815831421563,214.05801336271563,18.385899221214345,43.951202704061465
416.5728794819334,212.53360705783894,18.018728426912148,44.459361369799325
415.67138413106346,209.33085021999332,17.620136458440278,44.77733060426745
415.0923726934983,207.50349214401797,17.322838736875617,45.347312316368274
413.6476904550921,204.7062219013594,17.132517048832057,45.02278208101278
412.60031205979664,202.19810092165733,17.020329850622968,44.09595362873485
413.1952935527599,202.91814575159535,16.66451700021352,44.07073554230696
413.05872303117235,201.95027635867905,15.929927678589102,44.49581725607233
409.3672501181685,200.68940497341006,15.716254375415968,43.67523147817891
408.6732744805625,200.323741930754,15.876464528382133,41.622701171584254
405.1979610621443,203.31047268873579,15.819550662398715,40.56763326752869
400.43690973035115,205.4743028113716,16.335394361446436,39.120490028177464
399.3418562241888,206.26365004777378,16.248094442847623,38.37588328482711
395.2139435610149,207.8004072913186,16.635467697051965,37.3975524086536
393.9970942761951,208.14967964684595,16.658958995115544,36.87616770734071
389.2997426307172,208.14338731584888,16.415698037414113,36.47703859036219
386.012867026897,207.781661725097,16.607308608610385,36.32233418276227
385.9275710334517,207.651938304103,16.845614012613858,36.20401304465154
388.37183774087555,206.8882005336303,16.636442894824324,36.17329037201968
387.80658522270227,207.66464949923392,16.339655226588697,36.4482625713514
387.36618823109944,207.68582502973987,16.374769688233638,36.31801326339551
389.66293012669956,207.23275322826458,16.510174408691142,36.311606595788696
390.1399071507463,207.64436098763667,16.4000908215847,36.40384832573225
390.1346559375465,208.22068401942394,16.367574381653938,36.38506535362656
390.3541269864421,208.4755655315688,16.047066489513952,36.80790258911768
390.7105462366131,210.15568789612175,15.822648863052496,37.13150409528707
393.99544037947305,211.13785358252602,15.340440781342508,37.23150854553762
396.59765499654037,209.69368592793344,14.55769485867034,37.94431604367234
399.6251174678387,214.16292707225466,14.262517898098722,37.26899732161931
402.42020171546847,212.45907319107738,13.956237742835576,36.81458660138411
405.47638420829946,209.475644500672,13.84794065497027,36.499744801591845
405.07571834950477,212.0379009597969,14.326110025481237,34.940997502620036
408.1613173837545,210.1519276865361,14.233727417186845,34.73073055197975
411.204156548138,211.86759711338877,14.748047562541016,34.08124942723253
413.6961031185463,213.66026115595886,14.884850489534452,34.05712434502205
410.2836546084794,217.21318142327473,16.276587681482205,31.81549060131434
415.31099898789546,218.23957865298357,17.83929909202266,29.275122250018555
433.8315854869514,210.76529150364013,16.281200282143264,31.272076446776712
434.62897658200177,211.8814119433267,14.783106772393285,34.32900487892703
435.62329678306827,210.80409396663794,13.958631271039998,36.63964187860449
439.0807373874253,209.44744144714593,13.100828900674326,38.5871047778676
442.02115988715076,207.97902266008634,12.530632819375185,39.05448067252812
442.0846572527284,207.51784711547702,12.00960000705078,38.93105396404778
442.2007087359876,206.34999707289884,11.90103811999406,38.75277580633003
442.0030741534094,209.21235321572308,11.977207709869226,38.831426367056046
441.97895464339257,210.97159912763254,12.292104410176004,40.08339276467265
441.7906219344042,210.0382456506079,12.719819764715446,41.18056197181565
442.138862944547,207.57486831243725,12.763061844065996,41.70305315175808
442.1048711772234,206.33617964857837,13.021898348598032,43.041191049048294
445.0382402512692,203.79390432217986,13.106275331884572,43.91567204547322
445.4080807824466,205.3781406973459,13.379729821936202,43.203088758565805
446.10042369637154,206.39662085463414,13.346435547964987,43.191520737919376
449.6046465088906,205.1347542271334,13.207983609602927,43.66529481018158
453.3579630654061,204.6568695123537,13.19341306523647,44.368685209751774
477.84380941585385,194.40279444225695,13.321932461508931,43.526363853363264
478.89232479928336,194.15373255332258,13.60654761254239,42.24696840515774
482.44076871797694,193.5124440168627,13.546591766732366,40.93368332788526
483.7099200130422,192.15330876073307,13.674999076504117,39.78378930080738
484.9562450569113,191.06759822762785,13.929710648769635,38.52106420117001
488.61165353121265,193.29194260047953,13.43980653814915,37.83256427344459
489.64147906365844,192.65104765047286,13.32560399105699,37.00540570429592
490.72256470928846,194.5620409679716,13.10862074529862,36.67648728752965
491.3836082738003,193.80715881377688,12.901414654940737,35.86142201751942
494.35584583300664,194.15054773768557,12.521906215147407,35.84039729584644
495.0612087233551,196.81499351159323,11.980724463686302,35.9579035294032
495.24980059727125,196.03880115060267,11.813268375675541,35.388029111369676
495.23052783755463,196.23946042959633,11.65791395068419,35.12696880600306
495.8495440692275,192.2691491375779,11.420643830745082,35.687665185358526
492.64135774135184,196.1565398993211,12.207604789108679,35.40585508216017
492.28005527779356,196.49685419770483,12.578594168091394,35.312393688819114
491.87230226919377,194.06672998788906,13.016537245170287,35.04181897307464
491.95361962379604,195.525252523439,13.19351904325758,35.40789238837921
492.15958248192595,194.19405024772374,13.542290870618766,36.41590457816879
492.82583412143066,193.75120382972182,13.771559580478057,36.69434678331709
493.0322569411441,194.1953312355938,13.711571381761214,36.941541142639366
493.89736507663673,193.76390159131014,13.644678632390113,37.26359056144046
496.9424737447476,191.77327300170998,13.2519720154677,36.85438105057731
497.10645959772603,192.893834968545,13.190510617299672,36.617444462412045
497.8302553785728,193.215502264661,13.371486632014516,36.61606542466535
500.971493972367,192.15854592011283,13.294274012755004,37.05478671132644
501.6431053163558,190.46875952719154,13.630113214425839,36.28387588892315
505.250677687115,191.53899099696864,13.90155313629855,36.57501948051213
506.1017769843472,189.90244263400504,14.298247707422401,37.03996543815929
506.7612153703676,190.6679735709929,14.515981300295604,37.53808099147547
506.4662275524983,190.71771908605604,14.874996686133434,37.41976696540334
504.53868351575676,192.42221855516377,14.907266003513028,37.645047755123684
505.2997499198784,191.544800677616,14.977306175578148,37.944531799899735
506.0323328863934,190.81969708869272,15.04844555089012,37.948255484895014
506.1711110107705,191.1689354553098,14.698510852993941,38.75471032076027
506.26292359295246,189.95011220880164,14.448630581108063,39.72484957062015
506.60853239691687,191.26301643128207,14.491495373978086,40.09804453599865
496.66948723217575,191.9342813434046,14.957352350799187,39.122168690578256
506.20691224686885,191.90951904847432,14.97046351831234,39.54855243871631
506.17112844352187,191.70630265841518,15.19487667160955,39.653847831082025
506.8441116702406,191.87340550126407,15.756262188844739,39.06385834907383
507.54766845585925,194.13556478516512,16.14757822595241,38.00744172638587
510.10026993648097,194.85494125237076,16.112818418090356,37.691304010137095
509.9329798320806,195.8341492899875,16.032106661883347,37.558761548261195
510.4846434832525,194.45930936089562,16.09931838103153,37.13688970203823
510.92447934384967,193.67485291542934,15.92425724600357,37.762923035361226
514.3495082106484,190.64430649252742,16.17054827491826,37.06694390927176
517.2810793813869,189.90509358583108,16.117774948181268,36.91400859576473
517.6052432564413,191.42640060503942,15.955920549789496,37.34573404251648
518.4445892322477,192.11548051342777,15.977880124627717,37.86414419300968
519.4404003449049,192.14992022913967,15.85764704993296,38.47257057918996
523.2807700271857,193.72546700663028,15.593905118080198,38.95847996915501
525.9794220147647,192.6262114566337,15.329803218880208,39.14338976604759
525.7251875286236,191.78656594338023,15.506683177824417,38.67301758263936
525.93002413236,193.03063936413994,15.284198744698887,38.77364399169977
529.0329840742647,192.22484558121818,15.366079172931604,38.432060065920396
525.9410623012534,191.5225136958917,15.399882569265689,38.186504634531715
526.244535836707,190.61928847470662,15.60202092707331,37.376814472882714
529.2369045613128,193.73295650239152,17.775854721147542,34.88471553909496
529.1322117653202,192.577450487426,17.377000006755544,35.24790034906286
528.857753380664,191.71339729954056,19.16899023950793,33.41727230787212
529.1280363343932,197.953689660947,18.762125269082237,33.91534244650946
532.161753563652,196.40796762261402,18.14602433336113,34.883378920865205
532.430029611067,197.7008721842689,17.202105545511404,35.60733489803461
532.4498521411032,197.61578184763016,16.945202494005716,36.18515441913999
533.2997712214053,200.44779547756866,16.33327188612069,36.21572631087427
536.4823219421498,199.66926137387034,16.156635086202755,36.841783020296525
536.7535179943969,197.4248691080834,15.278164308107316,38.19505305411342
537.4451797044926,195.83465240885855,14.827970436942527,39.209932644350886
540.3805216642468,197.4238992033785,14.612394492440192,39.3617894543283
540.8114491469952,197.81109737569994,13.923435107473505,40.810121362096304
543.5298975525509,196.3064070412159,13.492558365484555,41.56836572811643
543.8647138938841,197.56528483851145,13.100369389807394,42.6161947931017
543.7587683531817,198.0962714303991,13.2465199752918,43.29855630704979
546.4350041047684,195.6803217661378,13.156477232647175,44.21952619412039
546.2481343524656,192.17251874448067,13.467277965110672,44.13557102298761
546.2657859379392,192.07385251847924,13.555116462900461,44.34030760075173
546.3281774244222,193.8498460963344,13.739360476295241,45.06928100488637
547.0150618329936,194.14267797962196,13.60915459593495,45.653228930739814
547.8849581244806,193.77026699944318,13.535685793974611,47.58342038267453
550.8657277971482,192.24384837272692,13.440003096130702,48.66944466785296
551.0226778022363,189.4067155944234,13.417683315952104,48.33831481201497
551.653147632083,189.977810993249,13.433310400109598,48.43901592205571
554.3977819082382,190.2232410124981,13.596964478109193,47.9831255486676
553.7240022259776,189.87565947552608,13.587589414415419,48.03408430408824
553.3459593509666,189.1119103725286,13.363644806599698,47.883883897870106
