110.5,101.5,30,91
110.81741283691866,98.74838703181369,30.642435821752873,92.21224917360101
112.58726826138903,98.56605453581642,30.94385570630216,93.65449628649095
112.97708720590038,96.879757744313,31.05686675259743,94.48005751323556
113.69636472830089,97.25545698985339,31.362210337938613,95.34053860932826
114.4319682643044,101.22861636164394,31.836985483720312,93.97204398150032
115.3191895101373,104.87275510827986,32.74956687015204,92.21613037983005
116.351693570082,106.39091334879674,32.426022888293645,90.24176946997092
116.7882144119576,106.77033710306867,31.859036124500577,87.15322625982793
118.56747310677986,106.50284914265863,31.782372219963477,84.71629194238201
120.1493501637903,107.74873810987083,31.54808459191975,83.17065084019487
122.29755686304264,104.31232399737081,31.64265429812087,83.42870388437825
124.22641326554111,102.51606404717117,31.280698119253103,84.38731145987214
125.80465806957098,103.92081148429713,31.41574007399853,84.30235824974375
126.8136279327818,103.38388100170027,31.371332070599355,83.57820671989657
127.5532892220898,103.8911818264761,31.074126596513675,83.45855909609033
126.91090021478796,103.52492620248698,30.81385911608411,83.50726279220774
127.31614282854821,102.79983373556894,30.836390522551042,83.09178169420635
127.18674243924488,100.2588012608841,30.278338552763678,81.89675370992124
129.01531617672316,98.5178361904361,29.822599225618994,82.0934942222162
130.78584037904014,101.86335942422811,30.522571500458902,80.92631440807455
131.0769841879385,101.47662507077541,30.654569315954554,79.51540234525031
132.44721524878432,102.52563349460465,31.565957656222785,77.66777489473617
135.1419622105273,104.5920685048257,31.92346633436032,76.52965275141501
137.42501641926614,102.34376449324967,31.59414428239171,76.46972743792772
138.85612293677116,102.62407681151471,31.062280931143277,75.74102278442697
140.52106147450465,100.63557107663745,30.212317090387014,76.27245997058165
141.5219064640356,101.24338097168551,29.920750888714643,75.6989764562538
143.1780475691306,100.81971691876088,29.506205466320644,75.63311741591625
145.35316968006646,101.44700655722177,28.36446306024479,75.76869250071931
145.3975989965194,100.82328646584438,28.731282651902525,74.27931556196837
146.80957151658293,102.23875061670427,28.9966251312304,72.7789145658516
148.01762889782918,99.55111680172188,29.088802090081938,72.57479739204442
148.83167939838975,99.52195254598931,29.074922184999576,72.82218925883619
149.72606499446985,98.48784415512046,29.179579676120348,72.37887754860003
151.82298623757566,97.20534744050359,28.78530703510829,72.43536062665274
148.16019583495816,96.58844455131538,28.658484294963667,71.66701563102708
150.72276331773242,97.33040091386722,28.27635269779283,71.36382716911461
147.38713053254472,98.30226524783183,28.35336854282646,69.79720668766879
148.8746770821013,98.54127289474738,27.996146489779548,68.98245602606272
150.07471084476467,97.73513125070299,27.683729025106512,67.79492365939686
151.38135150284734,99.23956355658227,27.077418829775525,68.58584656900061
152.61395127661703,100.30914138474604,26.593458601083785,68.38237666649539
153.28828977685504,102.09588730356377,26.36868773616684,68.47551414328254
154.48790877075248,103.39160062607966,26.377417554234405,67.50781446224764
155.21707191709314,104.09951986329942,26.195531405138304,66.74198687161626
155.33440835794758,104.07210740812698,26.13263291078902,66.54787012203377
157.29192843082055,104.08332496348669,26.325264025876844,66.19328046910665
161.5934100733866,103.44257100272631,26.276733609702283,66.75572659873058
162.04407611924913,101.61458459047421,26.39023699485248,67.13568533365041
165.47841288563603,100.97732717248394,26.37069123154893,68.49798495168302
169.28717613723495,102.08034130596735,26.36576648540064,68.72846748603148
170.11062008441533,104.42768666338972,26.318112695196348,68.36279250299829
172.7741327572439,102.70044068399376,26.733975800161794,67.66577279263126
172.776115115984,101.82720146069232,26.234401560815726,66.38158488791576
173.24458365128336,99.9821955120342,25.777275562566544,65.09893147532601
173.0129817703065,100.78414633552808,25.47418353384799,64.08921327331507
174.36737573150128,101.78838762663572,24.83328053348599,64.06742681517662
175.46908802527392,102.28886296925593,24.90668590390279,63.666441583084094
176.0162785721431,102.14460026610242,25.21083600866599,63.017241803043156
176.12576786287218,101.99624155800615,25.775134223548783,62.54597405411654
177.61743059660085,105.0354446348367,25.477769525744723,61.600990752017935
178.59440681240113,103.35740620486368,25.828477176007617,61.148654106409765
179.37598867029976,103.4723775333886,25.96043832478861,61.10079706773667
183.46616814097587,103.96800205798787,26.183084983411934,60.95487474020635
182.8700475075259,105.41554799848367,26.19193801712707,61.41547023905179
185.75522709963786,103.9786938816015,26.242275186815494,61.73481999045529
184.1439001178746,102.42860026333568,26.120867298840576,61.84355596355919
183.68486402495031,103.10491122075837,26.05392599973432,61.848738943161166
182.5722734411986,102.49744235664598,25.942847325318795,61.740222172141245
182.09187247439525,101.43385192570355,25.973280775858942,61.394428018385845
184.6048254345061,101.25565977084324,26.02458528196782,61.12924847627313
184.85642164864248,102.26114152003579,25.97301566763507,61.13011340043439
185.23246022226752,101.83399755678214,25.92284645314334,61.29746900157854
186.08159241492498,103.26258928441955,25.818437806468232,61.09414444637392
188.36322185350696,101.85646026543164,25.713886261915373,60.805515424184335
187.93234598180493,102.03784387538515,25.277509638849107,60.237368405268946
190.8401744856013,102.49397820628184,25.05056246249414,59.292091030200375
190.91336301949443,103.06621661434333,24.605352709952545,59.0748076173214
192.8359964249457,102.58211514121626,24.310957032854322,59.15374901982476
192.2962251652149,101.2552266412829,23.898199161118725,59.24044385301974
192.33319253332354,102.41415976147886,23.611689451199034,59.80976461671719
194.39450692022533,102.71416156888284,23.59798172842086,59.22887305244252
194.29502117360693,104.84388192937558,23.23574807296074,58.860120750799084
196.64265389889334,105.38195109075471,23.157844167950678,57.68768234017166
196.92652459802912,106.51930606236304,22.743840463704146,57.03120488558719
199.15331568883542,106.82627777336833,22.849788063433074,57.27781872170574
197.71408204217576,106.48215406450049,22.82517537018017,57.400975959998036
197.68810838260706,104.77623008253539,22.56386302811988,57.66523137937257
197.68371249414844,103.68669622335594,22.672505355331047,57.71050669737137
196.53671845848473,102.10524189025602,22.50163727889235,57.437396181366026
196.94139953952757,103.62660139758799,22.605165372257893,56.67292619204692
199.62522764080256,104.225225141951,22.22329179299888,56.85552622987122
199.7087317186121,103.63837302667164,21.73199681887549,56.76714871814323
200.54584255907034,103.47942961918847,21.24364197069217,57.3481328789386
200.91001486643776,102.14489178911143,20.997724863596236,57.32939501866116
202.2109488043742,102.57921790246364,21.115856539496455,57.55254622346766
201.88664286596983,103.65189384770528,21.02343295487939,57.43377466669409
201.89997519831968,104.99469022673884,20.832949498671034,56.7916580133633
201.4951713786467,104.69192701377148,20.562845223954515,55.79781407892358
201.11610425457474,103.02721943819114,20.353106971678788,54.85110904423222
201.9964553088909,103.97134039640844,20.199507972406277,53.84051059379338
203.35473573341062,103.32666352409217,19.811229718047546,53.60201371052675
203.89754017790693,104.1258564655691,19.716355883071035,53.95740263741025
204.84827263075678,103.66598596846819,19.514918204773082,53.71237112108348
206.05901643006612,104.58037122252975,19.39002784850974,53.098052641234915
207.17099645805024,106.18524484865438,19.181444837219257,52.15832062870124
208.53134204743773,107.53099862860313,19.081940391690114,51.90427730601687
209.49174594811888,108.0490311780378,19.054145590816105,51.45665095646089
209.525488252993,107.99055210846907,19.262075149902564,51.193490040088776
208.65992018424038,105.77966074614258,19.392305869011803,51.63552260833916
208.86579789892644,104.535627049491,19.44140499977646,51.4663066955205
207.3684775297041,105.8110825319333,19.63183006858916,50.4828551947091
206.61144182886292,105.49721985556558,19.495507388202142,49.5325493651554
206.4847034065971,105.53681941985357,19.516952187011768,48.88979743973873
206.07483889250037,105.38500087294975,19.466310529151013,48.52059304423135
205.619267524943,102.7169062209654,19.45399951603958,48.543328673883636
206.4277326916761,101.50456856836068,19.43776145475963,49.1130598691764
205.6978875095186,100.04196862223918,19.2970413576489,49.5358960796262
206.45466974914697,100.00354028384916,19.29502480148023,49.55459076755183
205.94974196822912,99.92536172992632,19.32501612362322,49.30175126017839
205.8600131168856,101.04497508725382,19.277454680225496,48.91616367134738
206.56000167433626,101.52619416081663,19.120321789300288,48.44014153627046
208.47226096150175,102.31830141330187,19.105659391345682,48.43541387822383
208.96093223128815,101.74713623866478,18.904711695828055,48.67482541188518
211.5781747582141,100.50274624033287,18.698882647835553,48.765747265696234
213.37682869274119,102.46689599152906,18.91196930430931,48.45665347657596
215.2962338190434,103.53263954236242,18.97052080707597,48.092623979317494
