326.5,414.5,15,42
325.9524444316426,417.0815582138106,14.783523445407713,41.68714335326258
325.63113564016743,417.83627690303246,14.783610765887879,41.81635043168233
324.93880825420854,417.6381905116916,14.686983422822994,41.84722148611539
324.87641645699017,417.1604445209243,14.555466150655853,41.40893538194138
324.48957544762095,418.2773135691024,14.585922535296271,41.29132835286125
323.3018084999337,419.8237464191065,14.7257760889502,40.96813743083759
321.7133715147783,421.7697685898363,14.853328646220843,40.74919832924621
319.70466256062446,421.7924379954414,15.153277815972604,40.691225807867724
318.44318778028133,421.4607168180822,15.311530635554728,40.897473089219915
317.3504060679608,421.56790293652386,15.247249985946487,40.986236545409824
316.3507621994849,421.14131236468944,15.379092492414319,40.8800217440065
314.52865806385006,421.60967032096596,15.327362653332402,40.937451940080734
314.0506819236363,421.47173446505667,15.280140271169914,40.64088797484778
314.97150430782983,422.7953669862359,15.23853133709536,40.676499042566306
314.77294500829504,422.712732882417,15.263040916885402,40.54015159478186
316.16523213303975,423.49891181272625,15.114586033088077,40.42956391105086
315.80430453634204,423.4227268446871,15.077523477555518,40.15184476083503
316.02071395979846,424.1130032829268,15.00666280654023,40.49301794426919
316.8091502460748,424.746386435072,14.90166161002518,40.93886951412436
316.2749343305935,424.95600507173884,15.006416690327818,41.11682101156168
315.1748555969619,425.1957362498654,15.091437772627057,41.045320172881034
316.53275095904,423.95480150032665,14.819658736703207,41.379236161674
317.79484158834,423.49736561256975,14.716112224654811,41.613520883888896
317.5875140235156,423.9222298257604,14.68496547036763,41.74858319990489
318.4249983498669,425.67272170947376,14.816454933242781,41.712341139326305
318.97192747160744,426.51757193448844,14.886780067981215,41.913676246090155
321.6150823268061,429.34450172188446,14.840623670267114,41.235824609683206
323.2678867460148,432.4080361097252,14.856307232209751,40.98766494502469
321.84254993210044,433.397826051277,15.173383867545777,41.24899606884854
320.60908192828606,431.5087472015852,15.364037564688697,41.47876981704494
320.0844708500724,430.9127388402748,15.45064154894721,41.59540776406911
319.71319880531644,430.1128227461446,15.529859673054672,41.531366875890626
319.4387011964326,429.0773679419856,15.455498190878853,41.55139485998687
318.747751482345,426.96729323377923,15.565305634305252,41.75896435849191
317.28947291426556,428.50608038888976,15.791515575792427,41.76809954762993
315.3133082853162,429.5256690858122,15.868113127071812,41.752674604728064
313.935859103291,431.73002925408156,15.898491284670905,41.99987572738732
313.2028080675591,433.8818542896969,16.07335838604196,42.21400500643739
312.25420215919047,437.5838166601579,16.150225397061696,41.93843481492342
311.1676342528349,440.27800998402233,16.091469577692862,42.14425068565764
310.290026560072,440.92087323383777,15.91621938418562,42.40273330868453
308.49128448285495,440.00504092939127,15.804305745803596,42.390188484975575
307.3189093610912,436.7301743664324,15.751228602475123,42.24586986833966
308.60487730413683,433.88605921532866,15.378136672377462,42.02238132517976
307.1164007376521,430.42276668789134,15.380916497928046,41.83243977635559
305.0894513651307,426.12426630675225,15.477006986821607,41.712806741941854
300.2610606952485,423.0070114713873,15.436919430101646,41.56518483613379
299.8367001318357,423.09337133682084,15.315354962463855,41.90182327291494
298.52613002849534,423.6341072703994,15.382480009537577,42.05149452270886
297.64701476818254,425.6882973985064,15.365198311687944,42.018572793106166
300.0315032599488,429.1426928133333,15.15495717562856,41.42112801752942
300.7709590038668,428.346837014322,14.90038171589159,41.64112454673503
299.6525528769218,426.88950468956125,14.96108966260693,42.044430696729506
298.78155987162444,426.02089344947126,14.961516167738928,42.28992761290648
298.168784197924,424.8971882518016,14.8449888293793,42.119793166479425
296.3965560885426,425.56887948140707,15.151093226242832,42.14088226202464
294.54650411848644,425.3545312236972,15.261191530139907,42.19125343431236
292.1886678931374,424.4471264149235,15.454009652682425,42.12528032843292
292.14406281958463,423.90989402505426,15.254812116415454,42.21199243216127
290.79119429581533,422.469824731984,15.342815446989338,42.10934340920154
287.43349725571846,420.2364142200326,15.76571236913254,42.424422928435135
285.7237070817647,418.93667642386004,15.841953750670417,42.52148071796952
284.9800522813394,417.9868638312513,15.785737655720238,42.83329395631814
284.5638006303644,419.0549831997163,15.711628859453217,43.210246442532764
284.3881631611869,418.8686652514735,15.752926892223815,43.362779224174915
285.5073315563261,420.249240685905,15.420298891770894,43.51113849096251
286.8742875080752,422.80674248650496,15.233978674521516,43.11149076287057
287.16636701636816,422.46718303877856,15.227835283412404,43.136214972101186
288.3408757492139,421.7975449827322,15.134935876879272,42.91767636690122
287.9386413700823,421.84027504677476,15.23944297284999,43.043031310875705
288.3102849795939,421.8457178335624,15.156979754662133,42.95129065830517
287.16927091237017,422.1223186546316,15.304150472956735,42.758556777921754
286.40679611451696,419.9938967718817,15.20603447780466,42.80033363363159
286.00860499753145,418.6052299553136,15.120472651450095,42.76769760314784
286.18388986246293,415.78461012503516,15.146917469173587,42.75610284826884
285.0032931946161,414.28578234761113,15.213517232250656,42.800657244974786
284.9718025375651,411.9293735211877,15.292049902951373,43.28414769597835
284.8390370620699,410.07535584350654,15.351148511412493,43.443110308878495
283.06733661809824,406.8899365771608,15.473551302889744,43.377374382494104
282.3240127864441,403.1563835068953,15.42617448919309,43.30830479518096
281.79276713663194,399.7898285229633,15.452250450301108,43.312466169905136
281.0145231966075,395.8060658094707,15.46728651855947,43.42732760305496
280.6012327348197,391.3214476810631,15.315376374248824,43.65918955414503
280.10466766249743,388.024643063458,15.199718505435062,43.525500529620174
278.86549110445424,386.06184613013346,15.22913325177051,43.556521899855035
279.1691796956564,384.9571653133566,15.186847858134898,43.14870795433775
278.4303883277438,383.3775472833319,15.36087593983872,43.480975821332905
277.1198009262396,380.6038384274146,15.38467868779347,43.49585750335186
277.1887731592919,378.4530744621722,15.333519821278221,43.42741272799557
277.0435349222735,378.06568124805506,15.31457058368308,43.45946871752064
276.9037217734866,377.2808357053808,15.261386538945043,43.24980344243366
278.69877985270557,376.81505314445656,15.074503670225742,43.78003794423175
279.4769921892341,376.8319070253267,15.15617807153234,43.99645770662893
279.27069553090183,377.60131378525165,15.123250450754224,44.089703522487596
279.6465531074983,377.781934429041,15.150548394847537,44.57011176722713
279.19062607704757,379.8808320951914,15.265792457999673,44.36007745558664
279.59387345210683,382.33578017713273,15.229626766051386,44.27720193684556
278.77651477770894,385.32353806870316,15.418972606248815,43.79612718611445
279.6211318914524,386.5679117091045,15.472756409882209,43.913600389091556
278.45570454579365,386.0152660958185,15.475676597644494,43.56584648588765
278.90189006417,385.4453359329073,15.474642717187528,43.71161744670448
277.3733880657675,386.00547580381914,15.689732298633114,43.919005894883256
276.26347487486964,385.9599835684363,15.754667666329599,43.880026073599524
275.17419741128987,386.42452981509115,15.776314796629425,44.07238531578635
273.31832389649435,386.3560590642737,15.888564746371243,43.89879672112872
272.10448724629805,386.3360755161067,15.906966329692292,44.002278489682595
269.0699823489846,385.7281129512747,16.112534657034026,44.47935439668656
266.1132510073573,385.27578908481,16.199301421251842,44.93371076423078
264.72466880249925,383.954674401789,16.117447505162193,44.97709417156311
262.6578364076546,384.24807604318346,16.04346926277759,44.788216802108074
262.2483199752174,385.1874571111745,16.018507569794437,44.4750311002614
261.7199277471159,386.82854824390813,16.030621801807715,44.415177497666505
262.1792655691948,387.0363410239903,15.885719827846446,44.19982560559109
261.21182501864405,387.36096599898826,16.024373116180847,44.45062838186391
261.13327156013463,387.3239074066588,15.958544177811065,44.144003910696284
261.5940181843616,387.5541017337589,15.87400218515554,44.16442214364592
260.00543288001984,387.13012656533095,15.970644534561597,44.26379738913977
260.7298472848081,387.49678085342606,15.75581318916516,44.29123398068177
259.3259530734943,387.54168569862844,15.853165982901764,44.07662166360758
259.5421348328199,386.5978980885411,15.79262663936991,43.98259850655446
259.88848327978445,386.8443020508646,15.723772163634672,44.19382473155423
258.4239564338735,387.9310126064381,15.916930937014762,44.55458378474442
258.58815619953515,388.0671348888873,16.041044981245413,44.725471590556396
258.80699257291826,390.6903495313837,15.89812060035821,44.323134674643285
260.40274129093115,392.6571172015689,15.920073596156197,44.40036059525917
260.77244589223676,395.5893526563579,15.9288336368806,44.49511438660883
262.2870326430713,397.7240486557113,15.800164724292365,43.98115690099412
262.1256921860745,397.88741162383536,15.7147684280981,43.843155631579876
262.22399428310314,398.7465897173141,15.940125303147852,43.70721466774398
262.21301896819807,399.0123198320637,15.833192764856623,44.13363684257219
262.5664088591174,398.6834091250321,15.855352993088768,44.02060962477667
263.20735564597123,397.7321906382307,15.677354010712612,44.005738387052766
262.06479840714303,397.23914487204866,15.766542298946476,43.943590092260806
262.8677973792505,396.6673385796655,15.66725846033757,44.19199896742471
262.6933987315943,395.0664055992027,15.739139013325172,44.25488930808058
262.1029865272752,394.6098443806329,15.791102352284014,44.33866997600176
262.87508506520277,393.93020566137915,15.782111594330505,44.55963733970306
262.3342633092409,394.1576298733061,15.793297290130369,44.91561015102896
261.3131682337029,395.00832037449703,15.932271913671851,45.02982787491972
260.7366320160832,395.41839211709595,16.01097169971842,45.021269518029314
259.40350471238423,396.49369797514794,16.023956777773762,44.73828935652891
259.84932909801483,396.838438324967,16.018193364369296,44.67265035982885
259.1602415095914,396.545617678225,16.13368717620296,44.8960380469933
258.37670361422994,396.5719448844637,16.11321053868043,45.019179234334274
258.0637194846938,395.61108530716,16.11689557746151,44.84164282711296
257.921651031474,394.4817289093287,16.101458645190338,44.61885380507233
256.5480641711333,393.58720620629884,16.10226252715714,44.666551540576975
254.67038936154646,392.8796333361104,16.088365568114263,44.539671834062176
254.30965461993924,391.650206295609,15.937632952959145,44.39680152884964
252.20925488032552,390.1095116061073,15.822617460262759,44.508731850998814
249.5661904417319,389.2988240254779,15.999629783189707,44.76932236240866
248.1666764745692,388.1055193585127,16.204985680390507,45.04756759111444
246.36564345586808,385.4833170419281,16.163189708744248,45.61850029664082
243.80361089467394,382.23131639190944,16.25243284398043,46.15717242645108
241.21288751611908,379.15737421267727,16.40562080058354,46.25502703027677
238.4364588919701,377.27069330371114,16.522084311088555,46.11910950174294
236.58254620620397,380.08707857311805,16.490428710330765,45.98960291327709
236.640836326027,385.2148489083713,16.576398494478898,45.882354784274355
235.0622057081228,389.02473020359105,16.70701597723552,46.153198597185806
233.64566707301668,391.46355420696625,16.737624470744898,46.00209878532062
235.22703531952598,394.74834616378826,16.68047355283003,45.78310414703674
241.9869090523436,399.09420223466617,16.311129109960902,45.01661821682879
248.8319187050745,401.34172142595366,16.342453798639777,44.28178510311365
255.66284953558892,399.7720059628848,16.195644933021082,43.9913940611727
266.1803255543883,397.7554190974599,15.996784890661571,44.1835572214965
273.4473188232114,398.56306251930675,16.66021847325469,43.37247573583109
278.6493808634928,399.1604790200231,16.513868745719122,44.06043282305203
277.6266349756691,396.27551397173403,16.947928803493888,45.05303061372197
275.398492218587,391.8064188869855,17.134046013214785,45.50519115827997
275.766344239096,384.68615948693423,16.820153523052426,45.365231099434794
275.170176341708,382.37944386120466,17.26398384469158,45.994154313326774
271.7128919581539,385.4291692699759,18.221141799421815,46.281627762599584
264.9233394912179,391.1646380606001,18.91222144948028,46.595003383255445
253.48554996773387,395.25660075768434,19.508488362659303,46.63101054523925
241.5736464565935,393.58297834215915,20.310299840506417,46.754103288124334
238.35230997867058,390.6740918852138,20.930404856593995,46.577048454670134
232.9709669654655,384.22853479000895,20.89932962964724,46.626656640746276
228.26313039532846,379.4021824654561,20.77038511702827,46.312276405208365
222.73332223509476,380.933050602022,20.80298670513479,46.01091849282497
217.3334170199126,384.0018768023324,20.125733002808722,46.57125841703325
215.1368511300802,386.8038080409668,20.28092351736728,46.21307960980839
209.3623860791422,387.03051058980645,19.998470867778437,46.00406857607874
206.50677779880678,388.2908857522915,19.893656449292795,46.188600939249476
201.02318060950768,391.56279807266486,19.99889423151651,45.80437035749317
197.8216471111018,394.30942469517265,20.86707439132263,45.68535608037314
192.9969601141934,394.96020419446074,20.153679258247333,45.95908919224002
191.20230513007044,394.95430478829303,19.978506251487154,45.85792289016085
189.86436917276603,396.4826223043855,19.546782960788967,45.75479408928393
187.94397387809897,397.84764984628794,19.669927189725726,45.68960306874186
186.39372501518815,400.1983119231861,19.728902174229606,46.3056545748882
184.78324485589326,401.84927166028046,19.938702119131655,46.53073099799255
184.43316082452495,400.3761877825305,20.163530322144236,47.097231471387964
185.97727650651058,401.1070937502793,20.079642706265638,47.052869963899354
186.57131166624373,400.9395798218237,19.99187174516723,46.702320130209316
188.60577951396908,401.393418821899,19.63311919333227,46.118277976435174
192.57090303667604,402.0170419180125,19.278046002746215,45.35664966026097
195.3189709383233,399.80593328426676,19.01123597078351,45.51702706111428
198.0929266723305,396.5442567275326,19.029083684745448,44.979942018454594
200.8351663514623,393.1890651192148,19.185047651524542,44.98151681300165
202.956245753371,390.99171819217514,19.013017288564093,45.80680487293733
206.1342588882776,389.5921221919425,19.13818074653411,45.81997134926317
207.3588277407851,390.7952697304853,19.35480475073232,46.93268300130357
208.78377689297855,393.140393893962,19.491162568934527,47.56208961590889
213.50824360765847,396.60025927866985,19.652575933703154,47.52620608312654
215.71995084141005,397.4231330805176,19.781215394575206,47.71885550549311
217.50369471849382,396.82626729102026,19.80308692385492,48.10117653818492
219.18599919912361,395.25203577533273,19.857491462808973,48.29304724816417
217.65731484670357,394.55108511384867,19.9271122600105,48.621207969592646
214.7012830478017,394.25691006643905,20.018809475215388,48.457346136044315
211.60171199467456,396.10073099146524,20.235855863085874,48.28423399103951
208.9456479997235,398.79900341816784,20.202047554617646,48.03347017782596
206.5970001549327,401.0695664197208,20.265499345426075,48.00394896063926
205.45337716205657,402.13307533369436,19.80192231024326,48.589399518388504
204.02888241356706,404.3952771414514,19.435394286317724,49.07488502869846
203.40432548904872,404.5462269277056,19.0684673095106,49.610137698850494
204.13344435347523,405.18459754093226,19.008681147353762,49.81827262825047
204.80034741697898,407.2176296083688,18.88655710156875,49.650080226089244
203.82666015893705,405.1653349538948,18.51313155165839,49.90066276776433
205.472747773277,405.4373891481442,18.399539706538622,49.679914613764446
208.07972802002433,406.992822826834,18.451956662079596,49.5230670413122
209.9505158253405,404.8681839577266,18.13553597584004,49.803713511979346
210.79875829012292,403.61760955686657,17.845362200640665,50.2055774263856
211.65361709277138,404.04464146208494,17.699117700774377,50.399302712781136
213.15472541077614,404.90256235543814,17.63557575310407,50.77360627557731
215.0265230984414,404.47609556776024,17.668753592113774,50.92612978289794
216.4939381285808,405.40866019322283,17.66613993770354,50.78403932458296
217.52014745870795,406.6903002178539,17.97560277197132,51.17838490283853
218.28389224795282,408.73148085979716,18.267142763107415,51.82833629824279
218.88924109677802,411.4046005583155,18.557448807675005,52.17542623546515
217.5992978636227,414.5572741585237,18.939516517882176,52.89556264329457
218.77203897834158,417.36485670906086,19.020866725959642,53.38897717784033
218.8667028686445,421.43358500422784,19.39551457754454,54.57401414066808
216.0186190982724,423.76580759543214,20.51807991873428,54.80787485120374
213.37431881675542,426.0367543981838,21.65610007557926,54.891418982211704
210.45684097098766,428.55098600378534,22.318320076044266,55.21210261396516
208.63391186933336,431.88387967750117,23.095330193949422,56.63341624919947
206.23529132995915,430.9067237485167,23.768433394279814,57.7252032401107
203.70468702936878,427.24691601242887,24.19183605673988,58.9173587093872
205.63432649215795,424.6807797046999,23.992699791302538,60.613081422882814
207.02717477465552,423.8281960098461,23.65178286078313,61.43135518256254
206.36948763889282,420.67537916515664,23.42131114689588,62.25649675692074
207.75535514796377,421.55148265156856,23.174114168915132,62.81445709671897
206.81752277634644,418.7829439809394,23.472251150690475,64.10741908534669
207.52184890779134,417.8687979011927,23.814098613142463,65.54797292758894
207.11646242888082,416.3442432117647,23.905248184103588,66.64725797325403
207.39380793905602,415.5900891380604,24.334267393150032,67.98256375841132
207.51755031255325,418.6845638624565,24.875182819342776,68.66448060829467
208.6136452307794,419.92913513488907,25.544726419474983,69.63304451484552
209.76582961775492,421.3205908625365,25.99483204699795,70.57378709130417
210.88653546483067,422.0719426941775,26.382886171251563,71.8874698892802
212.04658198760606,424.1648512874023,27.400395502638656,73.18260782673194
214.4852065293716,424.34940759074243,28.675898341715033,73.62836110721673
216.73885199171897,426.623233565722,29.112688246640616,74.96112459686336
216.86532210881364,425.5903475433678,29.43338198128137,75.75341264994876
219.04331263488916,427.7913481983105,30.025890595115445,76.57015180332013
220.65545770414118,432.47837450413374,30.567698240653762,77.77618303871967
220.48836672709535,433.71592703586816,30.81961606194775,79.05857647798216
218.7349915875213,433.266071419304,31.315477287751076,80.4589868735936
217.5774752932816,434.00925350729455,31.755340241411467,82.19415766503508
214.85403310501854,435.5729453961717,32.213261013964214,84.00797605097705
211.26353279963817,436.3172459400617,33.12732389202839,86.26753294125493
207.61163213013742,437.6291149908413,34.303452081921016,88.18828422339321
206.5753297298087,438.263900048804,35.948322626787785,89.24994808573936
207.05205463793345,438.8306193983599,37.70727277010249,90.91551942500334
203.84887347464775,437.06496014541517,39.445478472833535,92.9571608593215
200.90302675339234,440.2030706499228,40.6661590369264,94.69534319350686
196.64662683349175,440.5903668450656,41.74372337639185,96.2524694864641
196.36890469764705,441.53670869200073,41.65706099582144,97.23974346852762
197.22594655685253,438.7275411838892,41.68665620483207,97.76971865198705
196.91373778689098,433.2393187782069,41.82994275734938,98.46396837210412
196.88653532116783,429.3972770949616,41.367248725535035,98.12790346131197
195.09665376758588,423.749502637244,41.04032004307188,99.27909851017
194.10128955928963,417.7217753975502,40.49804346050359,99.8614494663033
193.15513076150728,413.4654690670388,40.47323189709458,100.53998143122013
191.0281985974511,408.9112585980133,40.792362357561686,100.75460926319195
190.51214354451074,408.16215900060286,40.295653140856366,99.85627258459978
190.5985935384346,408.2650706289675,39.85838151947891,99.32914148990733
193.00194296577536,408.4354195230655,38.90044827644601,99.15080939158507
196.02571815521839,409.4557898292167,38.31030966361217,99.09072361498366
198.12061690226204,409.4581133433621,37.870766085311644,99.35434025451482
199.344119992297,409.1728560779123,37.53469630851621,100.4029569627959
200.25437369256701,409.69799540296503,37.46500596844683,100.32835145178564
199.4189417503362,408.6414902328056,37.729974262126284,100.40273488284856
200.1349444528892,410.3861469075065,37.48863624784368,100.28233828340109
198.77518587543008,407.9455893400451,37.619938051657115,100.28882582814435
197.18621573652564,405.3960203641659,37.3540795490247,100.56925011489426
192.02239293173037,409.0264093654938,37.805794372482474,99.32605929714435
178.88656435077456,409.94624794164645,38.14207059872514,99.87072481527983
175.7015219251521,414.36972908515537,38.122825062854574,100.63848382647973
169.17581780058407,413.8974927228999,38.35928046164886,100.98802614060547
165.72438630710698,415.3497958944607,39.14975579143751,102.2047920203843
159.93326501060903,419.40579157603617,39.982930124240525,102.06328062244336
148.41359865320703,418.0483576266498,40.929533270563056,102.08267651918669
144.96553357825704,419.65305351340066,41.321621271872964,102.44118707226875
143.84881257080337,423.5711225722797,41.54698566532036,102.24829798939234
144.39594071666332,426.1138554981261,41.39814785065888,102.31741034662292
145.10592825828508,428.31832692812293,41.49748705650836,102.6625887901876
145.25587446539367,429.7240561688877,41.43337723577988,102.61692530110491
150.74261176163913,433.1399102502152,40.7336901417631,100.69366726509782
155.94237886652718,435.17175617760165,39.54578293851775,99.6274743994302
162.85676580036892,436.2175289643732,38.7317824396697,99.13967059090947
165.64753195842496,434.68623335970864,37.44872681957204,99.52252232498829
170.44313528123257,435.76558755861225,36.77559955017753,99.57084160090237
174.45379781170624,440.136006743947,36.14444697076705,101.11042448725189
174.1625409778851,442.6666066853812,36.56055005813186,102.21604036213493
174.97185075287567,445.645718167922,36.78288505031076,103.10996545308367
174.97520667615163,446.329986163887,37.048993199638986,103.82091249338018
174.6938841503239,445.37274481185557,36.97483057116442,103.86767125564009
176.65256583822546,446.622361091219,36.81671497520748,104.43550012116859
176.54836846152799,443.61457614172025,36.88570987227347,104.16158647295538
174.699519297929,439.6540138023614,36.784146391076064,104.0824183736579
172.26997862711784,432.8979261808438,37.24271932892034,105.12398395177611
167.09685560910626,422.3658502608324,37.28672785426234,106.46310298540243
162.515410038663,417.08552476463797,37.56979531045649,105.70481476880701
162.9160147922086,415.16461267461494,37.42720705494834,105.3742680382085
162.79737974973582,410.8920775177197,37.49024628121033,104.7092667882782
169.09226013250907,413.2304092328774,36.97610902793187,103.4766901480478
176.56120265361182,417.234035639696,37.66911101728158,102.8010866378468
188.67159298662943,421.7485087558109,37.600506254566625,102.98560800357834
194.97649812850355,421.9987534328129,37.23442556218805,102.19193612751585
205.2314668263128,422.81208627081196,37.47053804755099,103.75195362946582
212.12834175401022,430.25756930939025,37.958651404741616,101.95397556653036
218.77201011380845,434.9575962416512,38.08846422890736,101.59678745518235
224.43866839652438,438.6014807861055,38.20129176747942,101.32686256640801
229.8300268547922,440.3113034204364,38.901324789908585,101.5306573249832
236.02634162323528,438.63278419130825,39.40797198642086,101.66078185425386
241.1466785634406,436.15357867130854,39.537773875053226,101.94423943355989
244.42328070735203,431.4336722905392,39.53458551359145,102.98871413662685
247.24955553429808,426.30970103997237,39.171307691211794,102.79648730334898
249.75291342799713,423.3692016751724,38.53687202466332,103.08431491325896
253.71779908025562,420.69089874618845,37.789127583244465,102.73909324513428
256.14252164097417,418.4084923825573,37.2661180277559,102.76773262873814
256.313765795754,416.88850511924477,37.10174581624239,102.54264386953562
256.22230444954255,417.2169517323706,37.186739418403874,103.13077687409606
256.7071506308102,418.1544483546322,37.41559990277727,103.83230645672126
258.1606905862299,421.86621046713867,37.58603297144523,104.34163402309014
256.54517562506817,423.1085927694276,38.10035399522438,104.0899030755862
253.99396349817746,421.82125862720443,38.14043274424505,104.1383510383773
252.44322807415298,421.8961408563255,38.18609957808808,104.50013223824678
249.8873982797056,417.689676372185,38.26107703807664,105.5500622441254
248.24484404363443,417.1471704122525,38.29438425785381,105.57637396009484
250.10774070319297,414.58845495489004,38.351997434784714,105.84660209695718
252.91861104022337,410.8507157102623,38.243345463879464,104.78033826138359
256.9486007210021,410.53761346855333,38.30644158755155,104.57237496630955
254.05484689138933,410.25844914366706,38.573490548504324,104.46503334039396
251.91168025933638,411.0039597986962,38.80325519002113,104.68778790351989
251.13195945592483,410.3086393827854,38.83980205673953,105.03222750624599
249.4476788014239,405.9289501884999,38.96274406871378,105.33802122379645
250.22442544763757,403.6322340063793,38.879789750094744,105.1879786277105
249.9260997972489,398.5232242691535,39.002723957404385,106.26481711003572
247.14313572357463,394.05122218635506,39.161943387406744,106.7917527941872
245.5364328980016,394.98487245643685,39.727719300698745,106.83521933242328
246.52553608233038,391.92173126258734,39.868335268238106,107.07266438262846
247.98227358217005,386.7111850647102,40.17736083122664,107.34622526898329
249.18762083171748,379.5172679985956,40.57804600322854,108.07200438564848
254.32055769423363,377.31784260724544,40.56956325414843,107.93744414234791
256.3837456017735,375.8349453059652,40.60252877436528,108.29247781770798
255.34453313828539,374.49582957548597,40.58718462785521,108.27476139315321
254.86467177089972,373.76417211427474,40.125512537644845,107.49953614299879
256.44024879457606,371.5729458413873,39.64175932723669,106.73450486309005
259.4793789703879,373.34784927733847,39.26543092904318,106.5193668659283
260.7196253193793,376.2332990207365,39.22225607926602,105.99194996885387
260.5732387007333,378.5832806061934,39.388976981653315,105.37055621017154
260.9428915702743,379.53765438630853,39.53219227585842,105.92102429096306
261.4202505130788,382.2478242232701,39.64097658274656,106.94243228244525
258.7550486927106,388.38899527742984,40.51310299798867,108.12994834368136
258.192499584541,395.62600483494487,40.533828712954545,108.70727028547506
254.62100852460318,399.74639846883395,41.259046169133924,107.9368051498075
253.17839012815602,403.7401943069526,41.635489607993776,108.48075148321372
252.00561116424194,406.1077125591131,42.053666020319014,109.27052243204817
249.9424870146569,405.3029758174093,42.423737132523186,110.80573033110626
251.94352223986516,404.00601957465807,41.95800358091034,111.29605876547642
256.7840067724525,406.2751436475188,42.04177355229571,111.71731379358313
255.70925996205378,406.1538150444347,43.03207425336207,112.59981643060232
255.42986948446864,403.6129892857679,44.02943810571859,113.5580057477711
255.88768092668454,403.9983509975838,44.60431579063036,115.31830964118636
256.5064832306082,401.91754427980914,45.29365055103111,117.94207913409358
258.4452959364652,397.5456170512402,46.2437071575971,120.29765129218967
262.02512279723203,395.39236518102757,47.22039548470842,121.10852691409994
260.02848022699567,400.83545503931055,48.285218835096344,124.17230504512919
258.1401829328807,401.69346845883035,49.63679344384933,127.70488822577337
257.41138273152245,399.9662446591176,50.55699789243371,131.0748647037685
256.9319116143938,398.17590704321515,51.34153304687519,133.47396249149685
252.0565283292832,396.91746938661385,52.71138588266033,137.10339175882396
250.78672825784298,394.52167317684746,53.26357023498289,138.82996600132424
252.5242806147498,395.3081214648342,53.7382838938957,140.75298006988206
250.61335706777732,394.7821775419049,54.20040837355236,143.61131625615653
248.82382664319454,394.7945765284343,54.61578294723573,145.61081075212243
248.87924811228314,395.65839002352527,54.91358045333727,147.08406476627397
246.0072590201727,395.03893418703876,55.29847260087598,149.14750179553968
245.63796511260384,393.19275732452087,55.992121255666746,151.2019381211691
243.46082798042366,394.15641256917604,57.52521565323632,153.83176464434047
240.6186879488831,392.12277962535404,58.95551412604645,155.98173793707468
239.96940528787997,394.4410509744035,60.130178274580345,159.78585857668338
243.95640065575483,402.40207719554786,60.99526548835451,164.78324545019052
245.15841884884597,411.4054622158219,62.48910298065122,168.61978862680547
243.72999732403733,412.5774356387526,63.10368724311336,170.30450875405808
243.25147387833732,415.97138798205975,63.55001382191802,172.13376200354006
243.28697592556418,424.41540456269684,64.255674461351,173.2807248749807
243.88875058282252,432.2748569925627,64.53743057533929,174.84660051756828
244.10775583284567,435.99089384508056,64.66296422946016,174.90526043603722
240.27179132296266,431.8610537122655,65.51574566240367,173.92362390631814
235.20562301589013,428.17966403346594,66.39920856591642,173.2759786499647
231.66580301983925,422.7367325357088,67.01079378659483,172.8744537975786
226.96163510542647,418.5413045723152,67.06208730279835,173.52306881860403
221.82482350988758,410.0784654801383,66.85514637644445,174.42929395425188
218.11244180695576,395.51054927498694,66.77815120686866,175.0387534550087
213.06286624020197,382.94569409437486,67.10100667844995,175.75472747284897
214.84884729842395,376.4773973703153,66.73449009003639,175.10723545649054
216.1596917259942,377.39768583377196,67.042466561968,175.78229211264613
215.6617118367373,378.6371536461677,67.16907453622534,176.02940638790955
220.60346254307933,378.726895762658,66.42322838172005,176.7283896551388
221.18808081067658,379.2547593777449,66.37348342367396,177.13891379825594
222.07254045223306,383.8348526791319,65.95660276246352,177.88969216130232
223.56851847392258,387.6588464243504,65.82367410479613,178.25859901138048
225.63580699456168,387.4794570959576,65.55713857886829,177.59105768754472
227.39135905348797,385.59545953929967,65.58555687045477,177.73054780932915
227.3848804102477,384.33227972994524,65.86069737612974,176.70859595609895
227.02058180840714,381.3626458495343,66.33080631215066,175.98973974688906
225.25182818367483,380.8656352987879,66.94988800161775,175.66828300032904
222.96912321265404,379.22613705310994,67.93766933114102,174.58570674922277
226.16102502442794,378.17327323113085,68.2977774507573,175.4506054022446
227.4390042192177,380.22516545171715,69.35559455289223,176.14581025703148
231.37563030227912,389.53741848955514,69.42665114455137,176.52102189375788
234.39446844536374,402.13963679899837,69.28454656706134,178.59571621054033
235.59334319758915,416.912027921955,68.92723452255619,179.31122029580388
238.8027551516438,421.36778171254764,68.93930308194571,179.3574239344062
237.89655554198254,417.94142445514615,69.61992501473868,178.8721953721217
239.5232501795987,422.725908902633,69.4113393588911,179.09211636209665
236.5810791066328,418.14378098887084,70.1417665763866,179.46794197569278
229.57017687430977,412.88545191281884,71.70176665107905,177.97346216545554
221.08993231271077,413.5331338821501,72.34598876072727,178.7613406431749
217.07977997045634,406.767566521059,71.86188174784841,180.53952565069642
213.86837015966125,395.7987504035015,71.75718786541032,181.94174223639735
214.6827773667289,391.3232036549634,71.38292223934566,181.43031036573677
216.00943872848887,388.77356103163197,70.7805662554803,180.19298863302942
212.95179242747878,388.23517341159675,71.01055297600021,178.9007207612988
215.3566911840501,387.38398390270777,69.68832741758473,177.54971213716993
217.21867940397084,390.2451404396775,67.81359092315498,178.37473993313404
216.9479979589739,393.38541006953085,66.75875763852724,178.34560972722988
219.8366972120332,401.45131420711215,66.05400861132105,177.95025927677432
221.61590042600497,405.3936503690867,64.55644922736856,177.68417969193052
224.4531808743883,407.43466488795923,63.274726331853095,176.8185057395583
231.11158484257112,408.3725695667946,61.83063720652264,175.90639280208032
234.87112383484384,408.3707826248709,61.297605059379514,173.89438007131884
237.63962903515895,411.71236808089907,59.39810781945488,170.99466286218924
238.06472812262052,410.2809810576937,58.51758062570046,167.22782017123433
235.12702421699322,406.44382267041976,57.458444350498795,164.45338072782562
234.06650385755492,400.06618618441195,56.65616739855326,161.55706907459708
232.34619588754072,398.19198576711756,56.32215422252327,158.3304676203675
228.88840848778722,394.5581590583588,55.63508410168117,156.9080012945378
226.85570353316442,391.7931938644949,54.42063160705716,155.45374789396607
222.9251562018797,393.3675368975823,54.2294477509498,152.5843362318402
219.78200901674617,393.23001116588665,53.28722649621689,149.4412563437605
215.19603416397635,392.8154589699645,52.683480400975256,147.25740316266786
211.88036522280268,394.2373005563269,51.97180785775498,145.14581994025667
211.97434085253383,397.04161804300475,50.603249398623795,142.6538310183078
212.52884681048758,397.5531374903699,48.96141397969889,139.88929877927046
211.59629959609933,398.1179706689479,47.88733471005008,136.79353339829544
212.0090737905781,398.84187930998735,46.548182931829416,134.98316120841787
211.50400683076023,396.12332250312477,45.459072972146885,134.2496367377314
212.6454626245857,392.82372084016436,44.429661607655746,131.59531814440174
213.78057310654106,391.25940731881536,43.45289982076221,129.2913427815516
214.12308060955237,391.6013126081117,42.27106785178224,127.4362937805652
214.41104280388336,391.834623880929,41.46926523934341,126.3370706294428
214.93709059322393,393.93066092009855,40.88322070274222,125.04510393483167
214.56993634672432,394.478519001814,40.74037573953038,123.19534389427602
217.2378713368929,392.5118792670453,40.59790185065436,122.61453568681148
217.93302868702312,395.20668210254746,40.32349565392633,121.45664617181296
220.500068296953,394.3247115076585,40.08983328511026,120.7668124325443
222.72148028640677,395.9907739211004,39.77942269350132,120.04795693473146
222.58909668282803,396.7922696038834,39.91134288956947,118.40994808622911
224.9815189349156,396.47984306123107,40.19163767906495,117.28855888675903
227.72375105640157,398.47152087405254,39.65004834454034,116.79491478417214
230.94639062546992,400.7852013214098,39.17690856492413,116.00361512870018
235.15637296960327,403.0793326518699,38.81608694306367,115.07547533917888
238.8798363086912,407.16572980227164,38.42886504546638,113.15222613572644
242.4623627029293,407.99853786020554,37.84160013311937,111.31754607921437
243.88135486836256,409.4501402179729,37.21317500444705,109.6720099780672
245.91034841659467,413.0259311294574,36.775038781929965,108.32049557987243
247.1627850329881,415.10445130499414,36.562100039347,106.53734539031316
248.5150763126765,418.5280805130109,36.481173514439796,106.48260559000235
248.22711729589955,419.3139947499739,35.99702842429069,106.91225721861527
248.14029810865944,423.21257144452915,36.08766663801722,107.9988280421513
249.10837268380428,424.1277724634003,35.99923453446521,107.70937642192766
249.61728116582373,426.7006560271582,35.898222480132425,107.71078174543118
250.63977341154762,429.3031530851207,36.02747023317617,108.73923422755907
251.46641876778753,431.67202261897177,36.0056032324731,110.59465674280372
252.1176763688009,431.99516609953747,35.7028654667028,111.04187337607084
251.88229012625237,432.52038052734156,35.212853218504364,111.82771330307835
251.01671377855254,436.62230166750936,35.85575932996544,111.82502096323344
250.01089685782733,435.71200591696487,35.87281433306749,110.45829914606986
250.71354041266613,435.8864447107027,36.35846026019407,109.07155448934991
250.33216786735824,433.9217868048766,36.16556229298669,108.6308389441905
251.2317973208046,430.4711435478936,36.4136962312478,107.23928354684062
252.09504542813906,427.28906508872456,36.6809375949709,105.958545388427
249.95644234059102,421.74515597211524,36.71154123481918,108.32763269513191
248.289566882852,417.61711022252103,36.66407490900999,108.73729818418853
250.6412865281794,416.5281518846816,36.705273584511204,109.49513610544221
250.98143456506162,415.3974868727172,37.02247649985196,110.57090220744269
252.54802082610158,413.57438780754154,36.90485935954694,110.35777564411418
252.98763557273426,413.0203734700474,36.96054570690732,110.88160524817201
255.20082808113693,412.3910700651337,37.6525698469013,110.71222579377053
257.03409050075527,412.6042509922807,37.85677564616864,111.96508139724786
257.58006854152853,410.8831240026248,37.456972839635135,114.0163162706484
259.08102604714077,409.64223623138986,37.41111633060791,113.15989482024418
261.3178164782278,408.9143951068474,36.748830262516464,111.92522248368151
262.1125678733238,409.54846814385917,36.28720363485338,110.4845078649125
262.68127466919816,409.9205139623276,35.64505320237978,109.37390434662416
262.7134528372754,412.56019488091493,36.19349037141712,108.78386498106815
261.3282185640218,414.1983653095464,36.635348497697215,108.69330298008282
260.9801993684241,413.96321545571374,36.729834342868365,109.380750842722
259.83362406192947,417.6983794924696,36.64846536929454,111.96202990116828
257.5716248862182,420.8903116927486,36.71599513856371,113.06703564450075
256.4707267794951,425.9458311513817,36.48958824608336,115.57925913263
253.29187311943352,428.2322812490341,36.45515231669485,116.14474900156472
246.78694079223447,433.2828184530408,36.17862094448161,115.50739396153227
240.86700351759762,437.3550657578875,35.81864636503219,115.33445124698049
236.75508517949612,438.83104585058436,36.48192138428326,114.10219282855454
234.1377620743766,443.66847458550075,36.74870880317101,114.3725315104551
231.21010714114658,444.56640646488455,36.864003639723805,113.45054998578405
229.05653712511997,445.35422108130695,36.735505244042685,111.90265157736508
229.3823489845747,448.32251329351374,36.338342038725,110.98451121423082
226.70185450533046,449.44172652530654,36.657079410299374,110.30856663083313
224.25969959505625,449.7424329501839,36.87802625095887,109.86842352034864
224.47243086506208,450.70496729182014,36.781706430454435,109.94981407322115
225.3174989327988,451.28297413581805,36.589705146436685,110.92248109124958
225.4274895495246,451.28132586867696,36.61316747656558,112.99927992770154
226.24097683150814,452.42425831044585,36.8359751410684,113.56196107230096
225.78676997751523,452.4132455221755,37.50763852945407,113.86460430316524
225.43899534260552,453.61062335231696,37.59100893717862,114.35100747161769
225.5913314951287,454.83116263160895,37.78777644193141,114.70456158629722
226.68604575084564,453.79711300860174,38.630965499467344,115.00053832998469
228.8937893775489,453.6971371107982,38.91572458013673,114.76088795917747
230.92324251928105,453.83726474209664,38.523750164271924,115.51017573876354
232.25436813269457,454.4364053641522,38.394685134725776,115.50340421831572
232.95725461977625,453.4147684943928,38.30968290107142,115.94398499614184
233.78464970156713,453.2551063768866,38.07293647013277,115.41217636143364
234.32478925941874,454.8640952893229,38.43610601718747,114.60687534777935
232.91664049617452,454.8910981890507,39.14279560872411,113.74845295143422
233.60762939040345,455.5973021024452,39.29744928522443,114.0342304493141
233.87458870432712,455.14335440262084,39.16949243911728,114.98866049154003
233.42850108959047,456.6965392626041,39.90854409612185,116.19959347543096
233.7683014478474,458.0879046787047,39.91683915444928,117.21112195299834
234.91799797838658,456.29641617044916,40.055224804689885,116.8232742510341
236.95776556002255,457.3182492457931,40.218679658355214,118.22374162047268
238.61684840826982,458.08017825590514,40.255732610771176,119.42400064088265
240.31919351528933,458.0467568083617,40.214943296619225,120.17853391320494
241.37791715487862,458.2261540575307,40.29763673208605,120.29331751030304
234.80154663613476,456.67335499373013,40.73458415995462,120.62605248826132
228.80753238942748,455.18826948955603,41.33398369371343,118.63809027593682
228.43452481155458,452.81918981783934,41.19284313780837,117.55369836891248
234.25345302133127,448.99769709274557,41.79392981823061,116.46855061750091
241.28620434845047,446.2237752443573,41.59791969481496,116.33591669510628
244.30189303698498,440.42556218581757,41.13916890847471,115.71863584197095
243.6318704120008,442.151165862062,41.14449831524233,115.689655872142
242.3577093488451,446.9546451997048,40.78005565387977,116.9969628294857
244.06460514159846,452.0229502873399,40.8229961030563,118.92958654856369
243.6735819278833,452.4081730038501,40.791856540629915,119.49995212971874
240.39447885747904,453.7295561098439,41.36117203355024,120.15399225318043
240.4431085976332,454.09324891954134,41.20500032444903,121.51050160181835
238.3004013349876,448.84406948290757,42.01158785007591,123.36120784904827
242.3690575281764,444.50374452626346,42.569511669753,123.182210011482
245.71581412336016,443.62587315318615,42.32338665153516,122.9160454280773
249.92359591820386,440.67380567698865,41.98178431978231,122.96891733420767
251.33940098248883,438.2160263428735,41.84624223968957,121.42334633706325
253.7106871243352,437.8148126883274,41.727981403140376,120.6529829042349
256.31083345105037,434.4942884001993,41.39532686082447,120.0043009316324
258.4676270588126,432.9812501515681,41.6282217314818,119.3003833702859
260.666867479169,433.4209645400469,41.84221008708849,118.486271337477
259.3068456642112,432.9467490493464,42.37079620700955,118.4088573872755
259.9412826045245,432.32045885988197,42.424161486920774,119.46692592049648
258.64685819861637,430.91911889527563,42.974907433517814,119.92150971743067
260.53703815470215,430.35510583208395,43.165139781706976,120.76813626595805
263.2296883774077,429.79249449800767,42.925217449088905,121.73287329394233
264.27504326337305,430.5226839406895,43.18498537262324,122.6540835828493
262.6696753746193,431.3328754592086,43.4819595343775,122.80363674976773
261.92364458524366,434.58945631042394,43.43106321117417,124.64609352420476
260.6517665427446,436.15320147368266,43.47876369314493,125.06240879689989
260.32787105481526,437.45938277944447,43.504332722287316,125.23193061721537
258.07409979355225,435.69462907318837,43.670555683808736,124.66729368539774
255.12882773385184,435.391987076693,43.926296984911254,123.36746851128947
248.65496382417683,435.9785069957961,43.95029490771584,122.68220510154428
243.84183017271346,433.95515385773024,44.64851216944386,121.3666047828274
240.51374116681907,433.3173381628909,44.9904482950937,120.24858134920277
237.16911399380157,433.6114170212645,45.04223096525588,119.39659529526311
235.62541517706063,432.7618360856552,44.854667604017344,120.61338702831335
234.04124997863337,432.36242363519597,44.62088504005643,122.89962986555693
235.7744554228061,432.23263552509366,44.6324359303517,124.86432200010634
236.49592703420694,431.78450768579387,44.79906678706355,125.78046114000239
236.78328264623343,429.83944173154055,44.74480454572618,127.4557347549758
237.77489541463382,427.937113843729,45.4157733639364,128.4070608720906
240.87479369104017,429.54651082887506,45.87010583944404,128.18522420389195
242.75305927356436,429.1927392177985,46.025973012713536,128.5585703518703
243.72023929062215,429.4044722229123,45.884440823217666,128.24674448950742
244.8466839882247,429.7640395172414,45.72075025575613,128.45770563306132
245.44493566363388,431.05063743393976,45.17557081946566,127.65926825780204
242.50304601952655,430.9497649209381,45.8147259698019,125.36885701663927
242.38671536391678,433.9597183922691,45.99771075095829,125.35256783749651
241.18215292094456,435.8393257024275,45.967523894120106,124.90115041070695
241.0715296952349,439.1629071233865,46.0117560840553,125.45196368115472
241.28465272007884,443.76234373639386,46.017862130209785,126.5614562769783
238.46648555871496,445.4402921029891,46.979930591426296,126.63399463099191
235.57667602752218,449.2500222417916,47.556731736941735,127.251884817254
235.42393958495023,454.76837604816166,47.73205624109087,129.02426972618136
236.49908753083128,457.72117484525927,48.3750152016237,130.37644791552503
237.87573165133142,459.26514820173895,48.73837372728597,130.62699669550085
237.56878622363357,460.1574277043035,49.04769700722699,131.042181438083
236.81080976045797,461.69936963538794,49.01156858706632,131.6900540246598
237.7102614206397,459.8469231869871,49.18461842031306,131.3935192710097
237.64152840660574,458.9738419488116,49.48450166647012,130.5022110251623
238.72973177746155,458.3107761114005,50.11325353987082,129.95831217763796
241.41115690848466,459.73796750612405,50.163176886985966,129.0832224961773
241.99541333741004,460.8984739936241,49.71947605992743,127.45226888501921
239.6321347957321,463.10633008285185,49.544896268130714,127.03452490343264
239.87170102156455,466.43541621233567,49.24240218125769,128.43793330242397
241.56638797747593,468.75489502755056,48.07434722962475,130.9044572965974
241.36126387756966,470.81425056187567,47.24444259359139,132.96951497718428
242.8031193362134,476.19626926588757,46.565998867237106,135.6534584498978
241.45551773883776,478.52969869233056,46.902951682426036,135.88426366714123
242.47453797953017,480.6588735327538,46.69435572866723,136.71836985024746
242.63659414580377,482.7914282562655,46.06305467660903,138.96709821755502
244.16608611889743,486.50189674659686,45.71187779447809,138.7194123889309
243.19809029400017,488.71715823836405,45.751633620641314,139.00677537646578
244.0937041756846,491.8502054057081,46.28359082431345,137.07083116918864
243.74290066025532,494.56502364887456,46.70699117892727,135.42525682999616
242.88707769261953,495.3630094888851,47.01993496957604,133.53463286678345
242.6810427550311,496.31856601027084,47.59832877477807,132.44708584354697
242.8786841732136,496.78741740728594,47.79898420373669,130.54783925107023
239.93173019488393,495.362401708339,48.2176533603472,129.24415170059976
236.9157581128013,497.4681530358279,48.25939462076488,129.58528042379578
232.66790756471363,497.4235967040618,48.79931425713184,130.7624272403126
231.07984638531363,494.72784604894656,49.371423649775885,132.92154458409723
231.01675220079807,491.0291710282349,49.77329586885696,134.89308810315117
232.47014066560178,490.842782699179,51.11664291691066,135.3957423881589
234.329984158016,487.23899809696275,52.050044024886176,137.01728540087998
237.12028376908117,487.35506786767723,53.478712132925516,137.5865341231533
237.8620610303434,486.11026508700013,55.07791460655583,137.38116120893687
238.3399618722034,486.35514626220544,56.1510659982448,137.49146593759346
238.4676793729106,485.5635539319313,56.8507467919659,136.9797187572451
238.71766080748006,487.80869183091136,57.72879109636519,135.66386379287275
237.85840776750345,489.5706033176219,58.356863340335096,134.36302608709082
237.55384367705267,490.4724725725292,58.975998150167236,132.83449599087706
235.9988222774977,492.42190476695885,59.33159158175394,130.81444224616754
235.8960633852345,494.25856537542046,59.50241713843995,129.9771994346246
236.40084910600564,497.4287049323665,59.60084597537057,130.33932005141494
236.4308732289596,498.6338196994288,59.30275239464669,132.07770969224762
236.72826251168553,499.89386691555774,58.90884231655291,134.01791713605786
237.1302001575866,498.920761410508,58.76088741106518,135.68634302376265
237.13302421183795,499.39719341979344,58.14868044321419,137.50174043783957
236.42287392494165,501.0616439787791,57.47509750260247,137.077629721327
235.70602102820956,503.49670797897886,56.43212993142738,137.1740735287887
238.47742498675393,501.87324463064647,55.13511535692894,138.04951332321662
236.88147941103426,504.16435603260163,54.68438761379129,136.85021126134126
236.32199498641899,506.1453338574651,54.130612784928886,135.86793018932724
238.73264248484807,507.2458534349786,53.3197300042572,134.73921674078224
239.07248541272142,509.87206325243494,52.49790003473144,133.11127401550695
239.27826057021707,512.3647795956439,52.50508927700639,131.24468488453945
238.6366547424145,513.2413322401251,52.79051679488571,129.55089386142436
237.79314583960644,512.3423529236733,52.75105375886517,128.90570555028197
239.76660721333133,511.7188553065597,52.647367934633166,128.5286082056212
239.16705342859314,511.38303827789923,53.08957781619756,127.96632693396256
239.9258332821212,510.00885500231436,53.36217089730365,127.38303965174305
238.90490107959286,509.57793113438885,53.702200981338294,126.95748404248604
238.8351316935816,511.04218487121415,53.901052499289605,126.6844698282654
238.27453407018277,510.81799670472736,53.998866155244066,126.08272413861015
238.750935296563,509.06859730470694,54.22867254533335,127.69340312187089
240.7023416014193,508.0279361751771,54.08745303902951,129.3065102730128
239.67344537301307,506.22433184594234,54.32915193180852,131.49522148828316
237.45548378743376,499.567080293376,54.20813120953448,134.41625669027857
240.1733626370534,494.5307307154705,54.248210264140425,136.2504991200154
238.0416268277194,490.24611374259564,54.33955415911456,137.2337211791685
237.68841525113444,484.33490978463374,54.29406734104729,137.12955629540969
237.05481119834812,479.8798162434228,54.9171418788099,136.40806098189645
236.20018386042668,479.1089851152356,55.387540715877165,136.7928178255969
235.76733759276811,478.00277173953504,55.179032740215575,139.16628462976965
238.74295575713433,477.6018203032073,54.522127008406976,142.8455552373341
240.88206663526887,475.4532364860853,54.112326329866136,146.0484097268943
245.86776474055353,474.4384127685594,53.38170713498286,147.54596536554794
248.94248633196366,473.3225302789083,52.92576923933305,148.9433663478676
251.6548637578317,474.73903695517055,52.83093372582327,151.33336782688605
253.8999534475948,475.7683423440868,52.51414330427433,152.46858992335166
255.5840089559536,475.9567006454398,52.39477153011049,152.38868069917612
257.36697463652445,476.5674411817579,52.644523295418324,151.3507377803076
257.8893285680721,477.14078056553075,52.88726944137925,149.89918456279347
258.43038323905455,477.2786492199355,53.6855290473971,147.74756832389212
260.75249659935315,476.22613199410637,53.864846352220965,146.6609953002697
262.31288185017104,474.6359190130877,53.78164680395433,145.20056976465685
263.38352171443574,474.38315846099295,54.609782501679184,143.50891226662776
263.1215636922543,477.10310356945274,55.347777061810156,142.5437558792064
263.59614996408186,477.62752113303725,55.37108398077862,142.76998891590912
262.9333855597389,477.7367264195593,55.53885693771889,143.24619305128863
262.88668132024503,480.001098348826,55.4780395308386,140.97493100618598
261.9771856603734,481.73080515679135,55.29308478467918,139.59203926372942
262.97373160031896,484.5907677938292,55.08771954548933,137.17843918687362
262.81427000082846,486.51850166454307,54.83074487202235,135.89486799848544
262.37809064996964,488.7257009131107,54.996448131025275,132.69694582257063
260.8213969137241,488.82201775813644,54.954105117600335,130.35072979800066
259.31269979647635,490.0094382002318,55.58235755407633,127.57654944652285
257.5369243578931,488.697994473611,56.43953696937457,123.66149973545785
256.20098626871135,487.1176139024484,56.274057534029524,120.34067966669289
255.2485226627891,485.10850137134315,57.61516271485292,115.98239220143759
253.6563362818876,482.6989214313844,58.33091183850286,112.33266189123054
253.9229319065242,481.8148845936904,58.74059764344412,107.68909826040522
253.75155304700846,480.70210026575825,58.98833882337881,102.8830793155615
252.89043427611725,481.83971366225904,61.269788870978644,97.21423584622933
252.91738858156728,483.0080573547794,62.67859481295791,92.49347925685818
252.05096161738854,484.2788733402781,62.94930949246741,89.14817759477504
251.62249795036567,487.3599079075073,63.267412268255086,84.93143550384993
248.5867404370241,492.4780325214123,63.85844233247485,80.60564484079823
243.658731045068,496.37490735086976,62.84734991033237,77.3201277754197
242.75282539623703,501.17642550268204,62.09351265223867,74.20692148888494
