206.5,85.5,49,57
202.68427813851778,90.31839524320176,48.01984618497006,56.35000970738308
204.74410463530594,93.132791826561,46.66316578470122,54.75651917967218
207.5764394573515,92.52202099343162,45.82893141664161,53.53038657148637
211.39300949400322,90.28709348433645,45.822189429885995,52.250195336472366
215.9355745965782,85.54103866561204,44.286342252385026,52.1226932338089
216.63532663670418,77.9454993225919,43.55010852640396,51.22330446684623
214.26697293100062,75.33819663152909,42.36619025116555,52.23279262332488
210.51157521580055,73.38062760499108,41.82804597667068,52.37705712980055
211.41394195599864,73.06842790373389,41.74872260007244,51.55344918711536
215.431558248682,75.69362187229522,41.835833078060205,50.97849583937866
216.94112772204036,80.78881078632676,41.876626840083695,49.80485594924283
219.79624438117344,88.35013141710857,41.24476981499993,49.09688658556742
222.186109370691,91.29142925066802,40.75479136565836,48.531157793143336
221.0049432022717,90.36257646854273,40.74292359682987,47.761245998232525
220.027211972629,88.04586132210378,40.52425013272969,46.61496933615439
215.86364376204577,87.42169253703831,41.66613531793422,47.64281314260008
216.7797237890366,84.347809016589,40.73776961219245,49.3137396874355
220.3404398672053,72.63669168959282,39.34713426981986,49.836054831540146
218.54579755063605,67.76802471512505,39.50880254515505,49.46276732814414
213.0806517714087,67.07862312455447,41.37904027823136,49.611226332992885
207.1026494418233,66.08493571869931,43.09866531398906,50.71526889220075
205.6974703996935,59.550583308133554,43.834201926080695,50.71829034846411
202.53090046503058,52.96427260418625,44.24147614522953,51.20042675574837
200.30053674761638,46.167503217241304,43.30908043018613,52.22822208328816
199.32954301929084,45.39664504252161,43.29671515036407,52.627486907993045
195.71086014177297,39.6132994764504,43.172599715672064,51.85398429166135
192.4698144031878,33.68558859563555,42.91739413473693,51.71296421216556
183.4339722191268,28.56497289360997,43.56010816594487,51.00668585059172
177.91538278070402,23.76200036579931,44.172846658879294,50.5527792597897
169.48280822939694,24.545104203827698,45.022672122577404,49.30422771333154
168.77263634538735,27.11327052517572,45.90654631185362,48.496983281695066
171.3492679950995,32.207828720627134,46.05244683078871,46.9045847252649
172.7646450529159,37.03386313669138,46.28702894257289,45.666999917184256
174.11864440470447,37.05205168199795,45.86385365665931,46.94736381625617
177.10687744106264,31.5837804758335,46.51684028932631,45.83452592615588
173.53932547277947,37.171173223304834,46.65300423489532,46.7080621551512
183.82939890729864,35.07424820919071,46.9824147083863,47.417942971801075
194.1779471600134,39.72581032205549,47.67938787458766,46.32615202091283
208.28656133814115,49.98177010829602,46.148370150656305,47.82198582062415
212.68204907103572,54.77452324536594,44.73760460765773,47.12924363797601
217.20020144092692,61.10859666124154,43.57189007783624,46.924912495311716
218.94001613104658,65.70671439857911,42.27958522152272,44.24711488303283
220.12285854751659,68.63115310429902,40.63186640868997,42.61884713651001
222.19181322802157,69.67358954595505,39.724867348888495,41.30083444025162
222.98278645714723,69.17157863736452,38.85394016820982,40.969461517328014
223.30447774658506,63.5113921841906,38.9243500326096,40.23622457565338
224.89539530106256,57.826892416886935,38.165114954553644,40.29240939773629
226.39545122531536,51.74558015192467,38.23640565579171,39.63207212040984
228.9256922976973,48.56808124383862,38.18541495466186,40.221716733762115
235.87103885570872,45.743757206418906,38.30410980860972,41.40393605188768
251.29292218393,45.92700238928063,37.59080579865156,43.30388202458892
270.1057223992394,42.42635222572181,38.29493635558156,42.53362263643557
283.62837920723854,45.57741966019938,37.8427089822591,44.672109143518014
288.218473471975,42.85833965694892,39.735312506008746,44.4027009813788
293.76761026790007,42.22730739569776,39.882624355748064,44.62969818401113
296.5910865916726,39.70011796935968,42.1132857295042,44.774645102330595
308.7349954764097,33.68962412733979,42.09418286481515,45.63318867168532
314.8358747145401,32.44918000688913,41.590389056828286,48.0685646684813
320.7048037124666,29.553484921241278,41.990985498231076,49.228436952661525
323.66996069786643,28.718158967873087,42.5593673778038,49.61166453345491
329.056811960518,24.584713085462923,42.896498974204775,49.60769848730112
333.83152686814674,23.272797617907713,42.07912291566114,50.4081404882761
336.43421333926216,20.29784833187758,41.326167347087534,50.19139162610175
336.93497880870916,19.707358670595358,41.49183447013661,50.290254821652034
343.2787089495502,18.83951909545668,41.622266263039464,50.11012040667518
349.08239507857974,17.97496340162331,41.73529576889642,49.4468284301604
351.5182065618814,23.234273139700285,41.3337560389874,49.776431686550396
353.40877668154894,28.221624695294455,41.56467071984886,49.9982760836018
355.02292343006525,33.942437632922825,41.99543817786383,50.05074028860629
355.72037422105166,37.30861329172747,42.04134775311767,49.90510276189057
357.6563549479744,37.122844756707785,41.28639260115199,50.07594352748943
355.0416864092269,39.26177053799879,39.65567518569665,51.53775747317768
349.30044044697615,39.5346602923705,39.707894054167866,50.023194108996016
346.298208121115,41.10193217935183,39.20015691984883,48.37669888850017
345.4644648982583,42.976927128364814,38.8200197312238,46.36343944682643
343.03949872725383,45.63839365810016,38.328491368429354,45.533460641506124
339.3200637050888,46.27851052185014,38.56183363031929,44.450662874179784
339.5225151455046,47.277046209213374,38.83124727494689,44.81088248265338
339.56339533168466,44.71799210054586,38.77354021915022,45.06165585730654
342.46853290138,45.68088319290194,38.492042679094176,46.49567186557228
342.1973758174714,47.696471348938736,38.38678683291143,46.68418778372329
342.05196829896215,48.94872791521127,38.072100337375296,45.76073720649133
341.3604540196655,52.04017015736124,38.426475035876436,44.983776088738026
342.60304618216463,52.6771568204815,38.78351125569324,43.86373297952516
345.7770417332576,51.8798533578212,38.36471269653718,43.476111029685555
347.6445111379385,48.59076895329016,37.34727004386785,43.49138978595222
348.8189502588666,47.67189368369957,37.547447139917544,43.46541001373966
348.842142692066,48.65951520396044,37.509451536001265,43.991700719937285
350.20490216099654,47.76706586366897,37.381038339640966,44.318478100776574
354.9151459256296,46.02598621754889,37.196775938548754,43.45753350736609
357.2815332677919,47.09376397977405,36.53442438044486,43.7221595148219
357.1440338794745,45.84011729216255,36.27402819047728,42.573580306655614
356.3918360854838,47.470524847942315,36.504852525635755,42.08909089776333
350.15165401305615,49.13493839915705,37.097547107197634,41.526045674758905
346.6223232759572,50.571836610217986,39.31977803177392,40.29883352502167
342.3781501475887,52.01590800381314,41.67135165591211,39.78250331984737
341.4981382401529,52.844531359808514,42.202357140209585,39.866826126899575
342.4055761856884,52.8577852129105,42.81935695485768,40.489202955531425
345.5093828942227,54.83682926969705,43.68425711811133,40.860216881295486
353.70562433854167,62.27241592710095,44.2105516952937,42.11099371602381
365.06900272668156,73.2792742277718,43.86011861896506,43.40660900860303
367.31685589026574,78.27546371736375,43.450929148943914,43.53684202893084
331.1272573007208,87.44663908628795,46.75476316885404,39.62767877582366
325.320479092223,83.13130243454174,48.22538955502698,37.49311331741423
326.035394041471,80.09811965640968,49.75808526268635,36.06900751061071
349.18772956506285,94.5111836393126,48.93800665324683,36.43844953687027
351.72344455905665,100.69462964380583,48.00539397559252,36.68297529826958
346.86685872209966,105.853860404356,47.377595610138826,36.954059027108194
342.40987033262695,110.38677197239801,46.30926781602506,37.64794143454223
340.2234706580351,113.69056790735574,45.92659355146973,36.95074757106599
336.91527527019593,112.04219594670298,45.48438676245081,37.11692394171236
344.2488155372473,126.14889380990641,42.622264571853925,40.85676574887482
330.8406983573245,93.46180469175717,41.58038850384308,42.2089713289233
339.39524245024603,86.1169197828186,38.03196258759233,47.06027831721059
341.92701311089445,99.05525529977055,36.16591529629427,50.69656199522076
344.5377694036202,111.46424626166663,37.74930812542412,49.968368508318235
338.55856575179644,128.60144313857074,37.88526002288269,49.79911544054516
337.44714114533383,113.08169707891433,38.34344291691448,49.42180992191853
341.11917545168353,93.09103367179381,39.173719320694545,49.96591902375725
336.5704733899325,97.87519350576056,40.708931957838,49.90703310216163
335.8221997029536,110.09171825330657,41.21371287900652,50.587161860243455
330.06237095847825,130.1056360134511,43.20829540915593,47.51968782066731
323.4397840482176,138.02505330570938,44.54946608636668,45.888393748235664
311.76845772494363,136.11928664228273,45.18699864624461,46.50745294827319
300.79284491007127,127.20684337710557,46.11616197435363,47.27164001573685
291.2425644606655,113.4015335567615,46.3012126955529,47.74698286199141
276.99471807489556,107.48542729664817,47.17622751909471,46.857173325638485
277.73566588926104,92.6318231617193,46.72188270689969,47.7913198431769
275.3067841751654,83.60167085110987,47.84948375296517,49.8008928054602
274.92735406431837,91.30726101386429,48.845239476272866,48.5225326093459
274.99492675205175,89.42090097731925,48.812177962633925,50.068524004686346
277.9270620586489,87.17672309321321,47.43357648548694,51.96302582239792
287.9038599969603,122.20716331092414,47.939460894508684,51.69216156129246
277.06108905015674,134.8692283007911,47.8300828204644,52.35747059217869
279.34192344154974,139.58922666768737,47.9566869907119,53.06932551243885
269.1049019891234,108.08072684011408,49.34672835442688,51.75684213535889
281.64180209718637,95.32042248799178,46.42539586596202,53.30375889929588
276.2488859088089,94.4274632055202,42.77317415793912,56.178745877019786
275.5391680428858,109.07374816168355,40.21501265315207,57.650088165620815
282.1436600361635,124.43981365571221,38.46263457785149,58.539255013867205
301.0768416973576,150.67373935909245,40.89458058163518,55.141147717214125
302.21659058335456,168.9460476073291,41.72518999309773,53.699337312049494
274.09342509690157,122.05587874253055,37.88236767620878,59.89369176527936
277.7036654359571,89.30949935261222,41.203350850026425,57.75525547675666
278.56351946654723,91.54082363379251,45.87011406036109,55.108509147519854
276.37926198165314,94.22690719252783,50.87111555234691,51.31248839426124
275.8947915727367,93.59537030378829,54.4431504711319,50.07747619609337
278.9778449015164,84.98626025415933,55.601651662693754,51.68218425616668
288.86350575165847,76.9935302501631,55.790693350471116,52.69962191766257
299.6228216070948,70.7019910594108,57.29655581074104,53.78171896829559
306.2047400284502,73.37892989921592,58.191469120618095,54.62623415672734
305.0404024662004,76.83665120190537,58.37008073040819,54.947033368822815
293.1084368935564,76.8644196069233,57.52783893258091,56.59280349791201
278.4130089105544,75.93578833579684,58.42650167653902,57.56132228196333
262.87481188868117,74.08525158852851,59.25430906562246,59.02340356229713
249.9166649245443,72.58025362337017,59.83655567639128,61.9082819075508
238.92385579920509,69.13343980254947,58.613078925849024,64.03371773476961
234.300748229634,65.46061115530836,57.55630601262304,65.318132448838
241.50742825366973,61.69712385235688,56.07303591511311,67.17060468199927
260.8619325488198,69.48993227119253,58.256784740584386,69.41688939462094
260.3619592065948,68.22728099116789,52.56200495790189,74.81426488977459
294.23128575730937,30.307201487489678,56.86612224221494,70.03255194888882
285.13813120235864,48.43267416498492,58.16384721515354,66.79510299282413
277.32393328770644,4.708390967918,60.81945232637928,69.23595606908687
277.07317720711364,18.353212525694417,64.20077648974689,68.32080750614634
