58.5,100.5,28,23
58.218021162096434,100.01099878163737,29.430448516718993,22.533193864194523
59.90210632764986,100.09078344120516,30.66854229999202,22.296606738588526
60.200713266319376,100.13504358804617,31.372987053024087,22.339389457277573
60.16318581500367,100.55126979015043,31.958524922555362,22.412326421603147
61.44236992060385,100.47000655762257,32.550734494939604,22.418741541963794
62.914255505024656,101.31986034895364,33.54227488196042,22.425611737164182
63.404146915640354,101.58234832625028,34.393841672011376,22.480966929287973
65.4054792892439,102.53139491269407,34.80149577627523,22.67945783805018
64.78797317641462,102.46313471896093,34.80709914172718,23.01912399773518
66.02584744448023,103.25223600878645,35.23516396771753,23.04422663868805
67.7741502035895,103.5364310053705,35.21599189256846,23.06320513383172
66.02983445420433,103.85148578881808,35.0764359733548,22.66638132185563
64.60786816772242,104.8954630343475,34.92529808886013,22.270764701394633
63.479439983630556,105.41164597556774,35.008677522610874,21.70834803460471
64.04484762505338,106.16311430142851,35.401217008518266,21.57929510709581
61.98490046222087,106.50664773758176,35.91909750781305,21.306385178348965
62.255429871673805,105.49021278543985,35.56900992930845,21.664460408713104
60.557090398490175,105.82342655363975,35.25050561761907,22.0228954001606
60.59350994383588,106.31142669306763,35.67675195325821,22.26008972999319
60.484825171016595,106.25314887364517,36.06896656854364,22.51469930758454
60.13869030397677,106.04270977691952,36.12065695978117,22.573940236545713
61.05759025574882,107.11204942687742,36.43781959590993,22.686470672500302
63.25736300301873,108.43925152792556,35.411199382894765,22.217563039083828
66.02936555869007,108.24619229703116,34.23532066391659,21.93107986064817
65.72725829320585,108.63234257215831,33.57269175673654,21.698640631843134
69.83508205891474,109.06944094720535,32.891143804176195,21.407947247265728
73.40099044903748,109.02544166262125,32.23585280746952,21.072927152312296
77.61661091931936,108.37314122240406,31.982995694115225,21.32435723253763
82.35605676729163,107.76361303862238,31.879063943849378,21.46424456514311
86.65009213412259,108.49747053041067,31.884300705304653,21.454481604119024
88.33485398590899,109.12691032776864,31.813921031349174,20.886773536311956
90.58236583843802,109.11979193939523,31.45048483163168,20.571749874378124
90.16711295853665,109.4459909918481,30.76073204555889,20.352962327982205
92.31827801123848,110.45875855989605,30.406643650818076,20.095794005545965
92.72242128520607,110.19526600333303,29.67552962065937,19.80399512018264
93.56773496236654,111.11053316489343,29.53158390887078,19.56549239515298
93.8563703711157,111.52853969700368,29.39877771530052,19.46036167756257
95.24524725195519,110.8582334904238,29.491178334419885,19.522069414284942
96.48919739904878,111.367165038396,29.901176237406773,19.584622640095017
97.22260700571873,111.27752358155212,30.29397866808697,19.659089154268095
96.58547244046278,110.90198674538154,30.423828009284605,19.774325927328704
98.29323108169805,111.45080363329359,31.48199313037849,19.84397222943887
99.34389561561632,111.52871034570937,31.575150680583963,19.785090865623864
100.86045332025766,111.7150082208944,31.70566671051025,19.7092078714107
103.31865526925782,111.49468343617177,31.310717623606152,19.416650930312166
103.89125877958004,112.07521541674429,30.886120506297264,19.134674774915112
105.60104110253629,111.14823041824769,30.147296455248664,18.896996431683064
107.48417762451092,108.97193541434333,29.954651598478968,18.65848526990561
108.35431848548089,108.85085977073312,29.69203613535099,18.618833664441105
108.55337201913245,105.82398909944507,29.656939414937348,18.49840737396057
110.38778574186567,103.95444088121576,29.62635588312143,18.657519622339358
111.28535846115807,101.84798031322568,29.621093223658015,19.133365667911193
112.60813370651101,99.99809652326249,29.989551970241557,19.29108813141299
113.50048786021685,98.77172834189169,31.330176972003464,18.741632950575504
113.98504326039695,97.97200778044589,31.760095188138017,18.832153761539292
115.01185952996471,97.2732881720139,32.328236845627245,19.14111858551235
116.11792027734938,97.25052755756553,33.15462948812598,19.688256828817213
117.68818123626087,97.46162103315555,33.315890655172396,19.916112828744193
119.39208441458356,97.37509353623598,32.93854942456461,20.309781481011534
120.1994958478438,97.22045843622452,32.57270421917692,20.47893051909674
120.78458449976068,97.18228052382027,32.355282664568776,20.792849372836855
123.02762776337727,97.21362059631684,32.04865570917401,20.983285984521338
123.31027457075952,97.59239879486834,31.80576230669741,20.996629717690233
125.25160003786374,97.61475853881217,31.485078268546083,21.07907396781492
125.05137866736449,97.69348598095345,31.15587116775916,21.002143043824685
125.97884255821987,97.7152429854599,31.476108562440015,20.74567905848676
127.69632486665085,97.73865901689345,31.532373241308626,20.92404380419622
128.5122045540395,98.47353833140849,32.459608636581365,20.69400206264022
129.64002169834603,98.97431910333688,33.04123364057086,20.806701192306374
130.52542988188,99.32062863050884,33.33657008455332,20.81255672397246
130.02552945879825,99.32164213552132,33.238318190619815,20.915000175554475
132.9042832478085,99.2147829059379,32.682174652974055,20.984966760155235
134.41950411176506,99.52857805941753,32.480597737911864,20.513314646398
136.98134488495302,99.62880316569807,31.89462828870394,20.34522353098985
138.99056180213074,100.35962056295408,31.699369646227748,19.890441244069088
139.05080150337167,100.47000559653722,32.180569568849634,19.81183883451655
138.17888166915097,100.08874540943012,32.38918861427469,19.772442967084956
139.78358378389862,100.89219907091118,32.86510571580358,19.799843743869538
139.8416436906582,101.20111664671559,33.47159291884779,19.669834164751396
140.60544819244498,101.35930945192958,33.79212618154777,19.722614392088172
140.90690487458866,102.05116412291865,34.6112097683636,19.56988353903213
142.6209611397655,102.17429499634352,33.98762285179468,19.64125524221367
143.1818760352683,102.31131608910793,33.42162795020106,19.69228457033764
144.24958172608578,102.25152540717437,33.45057828388286,19.516216375899035
145.97508155543724,102.71199987830985,33.435222298123065,19.57353951404953
147.34984089518127,103.3324710341404,34.64453969727876,19.64192313584485
148.43607878805113,103.64336149288191,35.20488728342625,19.741151055584886
149.20277376962406,103.89506320919385,36.763132785902364,20.02488674067873
148.77711722567773,104.49188245241042,37.49616545557786,20.27444955772765
148.45088160848258,104.33199785207309,38.235602906532364,20.5499042435567
149.65341331775585,103.76946150580775,38.80218770423332,20.813602796301595
151.41814657901404,103.79854088810376,39.73214233955392,20.788317479694065
154.81233441245448,103.99010155079698,39.8729444337509,20.969556057643178
158.02711211762255,104.3634662444648,38.31476839887248,21.59967667927208
159.31907435281005,103.98547022267762,36.81622948948687,21.828766464450297
161.02876910148564,103.58253729796847,35.40066565665598,21.941945517680246
163.63670046595684,103.8660557545713,34.71275512192745,22.044008710237065
164.51730659404527,103.85997990825544,34.307622563359516,22.0025666481004
166.2437845761408,104.3402378535001,34.09819258107152,22.019765415394588
166.28546476958863,103.84070014637547,33.592381830539864,21.995337168488163
168.04390402134206,103.8531966629102,33.366862513205476,22.13914855743964
168.7820187477152,104.24033174127652,33.48630376053243,22.11051420822115
169.59376890117326,104.84694105921201,33.45352684896393,22.207779862473146
170.516985174485,104.92582354814898,33.26862980382056,22.214360879190938
171.80279836025073,105.5649407154429,33.35786635495756,22.341377570756663
173.33390612477342,106.67127363361833,33.53215633433503,22.017593060127563
172.18821104351218,107.67445077847302,34.13200804375536,21.63432915680886
173.47224657099105,108.86106756258116,34.53448037334968,21.226192658332884
173.78152095917247,109.3904063038958,34.619985535375626,20.997179406050268
173.9466434844723,108.86678610154425,34.51305070203727,20.942820117455028
174.10184263490106,109.78941974089078,34.81227249547906,20.796982469995186
173.5492390507937,109.8576065229581,34.722319990003,20.68608285256601
175.74358774837873,109.69076666689973,34.76125635719256,20.44227384426572
174.81715812831914,110.72343289085912,34.74333524853397,20.219866110435394
177.6125140539475,110.56293324291995,33.88874600546207,20.102821692744065
177.6531467762033,110.89677788731896,33.18747483413618,19.863453854894757
178.8641632179018,111.99120907992973,32.2453015412696,19.824640679267965
179.70765081443878,112.85439605059575,31.86511217011033,20.13539041805065
181.93714423747284,113.1542653873692,30.667339818747383,20.02470782508353
183.0260736011275,113.58118747495969,29.50182032579019,19.782168469486436
184.51655827896354,112.56243684798869,27.45827360328918,20.85925644627922
185.7218150806853,112.2373018389515,25.730044831846396,21.861962082992626
186.33103429083468,111.88051162923627,24.277813868136377,22.23141800643994
189.0154414587828,111.51272748952724,22.29513749458144,23.18223884921536
189.56591503071616,111.92766787748378,21.170932219717294,23.35924980074977
189.5638765388044,111.93255736817726,20.609850776779194,23.477081219681942
189.56640368169275,112.37511539230208,20.295923552846364,23.48874768886545
189.8636874957334,112.26408625927478,19.845359509746086,23.373782845722438
189.79295930095626,112.39115240771814,19.363141268181554,23.19375062598797
190.65098137126816,112.89136396020385,18.800657527566912,23.37482616775271
190.3669766369606,113.17709501675353,18.427871336163065,23.041821510884475
190.07686441798938,113.36086598139485,17.661519202641,23.46018047242898
189.93774521871921,113.5855380706899,17.498569325367285,23.934119572780993
189.00470813794118,114.08591102574337,17.775432380623013,24.04160222693646
189.19884152738638,114.27058523629917,18.176418657781937,24.056458431908226
188.61158752313526,115.33931149586262,18.926745145345336,23.91631976985989
187.53687865629436,115.8118871079152,19.827229802168596,23.727973548444073
187.7091098385885,116.14705192914364,20.859484766605565,23.635829285492342
186.89093172942208,116.40273921914223,21.58343728220253,23.662957577485365
185.6265805944043,117.43206892999345,22.186523526313422,23.737077277181854
185.19528845137,118.19572009957898,22.855366610027552,23.836132851028097
183.87930113394833,118.26537180410814,23.880586226636623,23.63592112067854
183.11860359382274,118.52847506078783,24.688716662741854,23.56056959422522
182.42988699751757,119.29211687159992,25.44768210718707,23.892174837118247
180.4376708343319,120.14869616130596,26.509363483698777,24.240899707260603
178.78148701297334,120.80407832936606,27.73760703812855,24.283711435250208
176.82787887803133,121.3106310847265,29.12929582121145,24.221795323294913
175.60042092902617,121.77478393721594,30.19548453111141,24.44198016644987
174.93741710341095,121.8847091068237,31.021695404378214,24.68443340608794
173.65375776559705,122.23129798753631,31.951177862125757,24.746321145398987
172.17009917202245,123.239427925727,33.04958902815681,24.773197388860122
170.326219365794,123.99228302400022,34.501847351245985,24.57084527031664
168.8014732617865,123.60927110892176,35.6797416731755,24.525062481306197
168.20285706618404,124.39638166536605,36.50848777917079,24.569432319383523
166.02407612954573,124.16204066972871,37.69735467945546,24.794213609254577
163.85281047151963,123.53196277993062,38.713910815835405,24.95398789528233
160.93412712836735,124.36980949521096,41.166454895099534,24.687131902351354
158.5212120292945,122.4240792322751,41.45120890992614,25.31539119149821
156.6617550455792,121.02100937990832,41.5654313719246,25.5817631540748
156.0863916056446,121.17568056016316,41.56687806132602,25.522528022321058
155.2946767482853,119.256387137293,41.41555369050383,25.11056745900376
153.3963372445978,116.64456525986027,41.41727339116191,24.850732667726653
151.84905294888404,113.6840068317272,41.39189621804782,24.782445799322375
149.9517851887556,111.35072114208855,41.85341081278287,24.696325909678798
147.22072630741735,109.12764355937003,42.84141701845246,24.627168880291617
146.71485482192156,108.9294859491057,43.465098853436785,24.654264916898455
145.1910569092475,107.4682844316804,44.26420863676218,24.583298372433866
144.60929997532023,105.35483149836658,44.235562851906764,24.451121063402336
141.1140064088665,103.74924094429903,45.632445761181444,24.546833192655587
140.53139557930842,103.52417656862589,46.239673650651866,24.68743788470622
139.04456402711708,101.89526422450058,46.499598075148704,24.617397687626642
138.12506770220548,101.02787620558475,46.506544335392114,24.470504204126517
137.17953405138306,100.03487155614981,46.8053375672509,24.31932173053546
136.07704197750454,99.93097345335232,46.9207588220941,24.20914184879866
135.25069568686456,98.68612215649271,46.6793202197498,24.20392800346147
134.95503666632396,98.49456317997246,46.8215027189151,23.946103621373204
135.769255726476,98.69565031252604,47.13155737357441,24.26372607343294
133.70394083324337,99.16139002326675,46.78916469910217,24.147121539417963
134.3196141534442,98.76922125289155,46.61029291507715,24.151494811960788
131.87237579230043,98.88368071172785,47.01894839026386,24.250149759940278
129.3744812130521,98.31025616822069,46.95937770836747,24.279246056503553
126.03695392933241,97.92465260549017,46.49088855556147,24.38130026648684
125.30635045743136,97.52670037846136,46.13268326791824,24.2431632204529
123.25770533261172,97.3805001727864,45.37145825495378,24.442220366448204
120.94037265791852,96.89625207022286,45.237256111664394,23.853446163898596
120.89659797791047,97.11407845217477,45.00713536479267,23.405520989900012
119.45149331371965,97.06135458029097,44.51004229449266,23.08282266938616
118.71380099017959,96.6082770396349,44.334179440199506,22.993172069946503
117.91708789462233,96.36652872040655,44.09983003374171,22.948570900042142
118.28802890670227,94.97103533755853,43.10830086907892,23.76338128462704
117.37160943972356,94.65940237527307,43.24125360022413,24.27629419383474
117.73564689890574,94.5606407178119,43.26189968539218,24.730314146816667
115.55260336051415,94.25996132742968,43.80635986054877,24.895209035121262
113.36124223580158,94.52634391431363,44.142743551776874,25.016012188780287
112.60283172279382,94.0012911902129,44.060493790362585,25.04398512107447
109.9476454021752,93.83557321245803,44.65239108980295,25.050704866218904
108.15954830924747,94.3324562551617,44.0857482280815,25.016979230907694
107.01440897124208,93.86507526760852,42.82787707994984,25.158952402436626
106.12336115316268,93.86824451170202,42.01135253979335,25.17324031205304
104.64551264051761,93.44572287930052,40.97529503322312,24.98246714581053
104.71787377620682,92.981771195725,39.98668060476691,25.09061442232052
105.02421942094806,92.851342098906,39.36924548824319,25.052536904574694
103.39104384882627,92.87033695483106,39.14574801874776,25.064750937046657
102.97761085545076,91.80414157571064,39.28961880534162,24.715902614858415
101.77218820891096,91.44780157265905,38.94257506605732,24.79493029151671
100.07874355035767,91.09831042884841,38.467816062012176,25.09270760567876
99.88405498156297,90.83380463570572,38.07335123201888,24.96146179288195
98.14506320562954,90.67453049432798,37.47174255594992,25.168583222993924
95.6363060644452,89.79788346081249,36.973370054718785,25.151415253892118
94.57282506803881,88.8688990595042,36.68031289775125,24.838591953694973
95.33137995768573,88.9289503934034,36.09435313762627,24.59233210642175
95.32038714719438,88.62368566608718,35.97039972140519,24.457835747474597
96.01917628182782,87.97178674830637,35.574845029828424,24.43339688393191
95.55087665610036,87.70319102609507,35.304730843249295,24.396490218155538
94.35709017605376,87.60982808006172,35.66491833009116,24.147545823805256
93.71081442969773,87.86982061191671,35.66353511992996,23.976971055581707
92.86932208576984,87.62118730580525,35.503238300293695,23.921551334148326
91.54184996008571,87.25983913312335,35.827006509105196,23.821660785476787
90.2585724673057,87.14389184632942,35.458224904851996,23.797021080671833
89.84706323701056,85.8912010637382,35.0022209102268,23.539207369593914
89.80964276756683,85.73681510123023,34.395170944210875,23.46822045977099
88.15007836493702,85.95907036013526,33.524533342457545,23.28279461369668
88.08350353926248,85.77871525338377,32.70892200747849,23.14438721436094
87.74886212723928,83.48857282365417,30.65668321554284,24.715225691297555
86.5656415251765,82.48178651132501,28.577630244711113,25.90064840121433
86.47088436447034,82.38322389686472,27.326808696334336,26.482762563936582
86.61006150250486,81.3533790125981,26.077995495494925,27.287157413455848
86.62605685606877,80.4853672334077,25.532391445128283,27.887259731983743
86.4628826437047,79.82376639399675,24.750092165731957,28.342237505242288
86.18510137190924,79.2858375737939,24.20416313885015,28.55547550720498
85.89055643096017,78.90090350088064,24.260271327003636,28.17015211231341
84.17733541625938,78.34878213484296,24.64642347756,27.79473981699924
82.22785774577778,77.65258409460989,24.72615207673242,27.257252655811946
82.16681988825951,76.41612701462041,24.54302664874261,26.896714352640892
81.77743034543882,75.61803467496917,24.330266196477375,26.39345225841433
81.03410014085841,75.86952935778554,24.207685954507504,26.25918741775641
80.8569542077517,75.47332610218928,24.078729020681628,26.098984330312305
80.20569213302292,74.62423457204885,24.0841671696967,26.174770206221208
79.6178150574595,74.64290235077988,24.22133720770249,26.106672747469943
78.75899778150277,74.84429405998094,24.526681424914408,26.05222289644871
77.02504687196053,75.06726972447092,24.958248252543832,25.85491623235237
77.397706892477,75.08598806340594,24.98829463702509,25.79187267265521
76.7258595451263,74.47577679947217,25.24387042093701,25.460314109023425
74.9108784298811,73.23733121193779,25.524030395796927,25.034224956485996
74.83483748330568,73.04306196397766,24.856823498721774,24.916579708929376
73.93099348391016,72.2167284126526,23.787076051727304,25.4387113282192
74.2376032878287,71.72264041614505,23.032791323193187,25.604201662302543
74.04395096326661,71.48987802758542,22.11888449599138,25.921536507313895
73.48844581992665,70.86328294167907,21.497607018122046,26.071311309139116
74.04083166107445,69.9626708184985,20.691780941581293,26.615022509235622
73.50671506018737,69.32363105800619,20.1799068120795,26.75606344169636
73.1608328198156,69.00937448188573,19.73706683878254,26.78897706180991
74.20210431771032,68.74996302023249,19.909814112844764,26.549056341355694
74.49270177933678,68.68509499234155,20.004970021577332,26.373267362471516
74.00162329333781,67.83624191666027,19.721043753066215,26.052533028833462
73.17161371497023,67.86627260155225,19.523462697704208,25.314183497294884
73.20979134765537,66.63457162633378,19.295668495742795,24.57811778873527
73.32410571022419,66.5462521372629,19.116300804140153,23.832310277542916
73.46068009893965,66.51139318794222,18.640648420032182,23.852455045278635
72.9407872423973,66.32634592539947,18.371970678870362,23.73102710918822
72.55749998775657,65.72419084326644,17.927158865176672,23.714520899629207
72.25770944759525,65.01448702003134,17.502954354373834,23.79090917983508
72.71265981123256,64.99751512770933,16.962807703103238,23.81716366960812
72.04171796655942,65.34271813250527,16.641935307053707,23.61090955983087
72.59433836589771,64.46937426488533,16.388570230785398,23.465390149379832
72.41166354504301,63.85398243244384,16.285369101019967,23.059863832916673
71.46489901035727,64.24770227894552,16.13382871429097,22.85465673440335
71.60620738813168,62.95634288832828,16.0354173567057,22.503412693677404
71.22660493429359,63.18816319765404,16.00249030398986,22.303146671860063
71.43902855988912,62.790172741264286,15.922852591735431,22.150580340567608
70.77000784464545,62.454678949145595,15.980209431883097,21.81348052818329
70.82036014104048,61.871847367456816,15.84260989925321,21.54939158012591
70.41657658205428,61.70074848803526,15.729268864168507,21.353100176047125
70.80021725966697,61.499918016749646,15.44361676137693,21.520711440769524
71.29856959098959,60.77654084191549,15.271385598983457,21.67274371020713
71.67234375400524,59.31554468514302,14.80920151336009,22.34922020038782
71.19828461072146,59.28332249413764,14.584878555802268,22.38119462060634
71.58332940886778,58.949035431759455,14.332453332430614,22.391618370473342
71.35715756060883,58.764182044488955,14.244837121416797,22.109653973825985
72.09895604779112,57.67896375797305,13.880921624598901,21.887763715040172
71.29378466702684,56.84271030968456,13.718310637424443,21.854835574004227
71.29709613590836,55.986124018474946,13.695412940115501,21.76345345557202
71.2988793942748,56.126801984622574,13.65514395439131,21.701575638716175
71.14075230000003,55.71672820990728,13.612597999937421,21.578880764230902
70.96455176839345,55.78139063173629,13.7670358700916,21.385031769188046
70.98720215422408,56.090464637981796,13.718797174313497,21.32530495125042
70.31744211171554,55.54878001638434,13.644046262283153,21.28107936583968
69.26666049465997,54.30820915193637,13.591739867488036,21.22999858535147
69.60944154592787,54.25370668022674,13.597624844133911,21.218501041945725
69.86630628539842,53.93721491313619,13.914359072639854,20.73640183534314
69.48900047026996,54.15303123076474,14.144696055660926,20.53044938743059
69.15098832034298,53.293401708347574,14.294144074920997,20.411982316084504
69.5234994204354,53.082360053097105,14.355798083709093,20.433844666206788
69.52103997732188,52.36588331415918,14.515642405717603,20.125867825250246
69.05723929678389,53.145919583217406,14.53828927374778,19.87788937950287
69.36006874400411,52.324895886609525,14.343035985338773,19.734513970747198
69.35670905615554,51.305144214897105,14.242314129427506,19.878684739327685
69.75232865011928,51.56820521872303,14.285113735540692,19.830406046085084
70.15616939652425,51.822307330860504,14.311428002217927,19.80002048969878
69.43802731089637,51.59555934931137,14.217088141453113,19.877541112192255
69.90030915199885,50.21996357207153,14.159329237824048,19.8126897665865
70.24512650247236,49.155843860530574,13.988089781952253,19.67605806921553
69.52108134492487,48.71843174630613,13.745167714539921,19.62081982484413
69.59862148614701,48.11472596536936,13.55296487329325,19.58212476211441
69.20674613313525,48.3746955292404,13.425252795503285,19.464802314040746
69.61148202123628,46.89022415000709,13.37061567124827,19.524286196851236
68.74819353140377,47.01488835615115,13.222755437969251,19.485538863688532
69.032332029449,46.04902239740311,13.186100732490068,19.63978099980492
68.9003849488784,46.66726361784182,13.055573465189267,19.786915602422667
67.97019248935673,46.218339416878955,13.238843301491803,19.660965657828925
67.66264803410476,45.8813175948882,13.807921244651707,19.128532017378966
66.96866692625224,46.267804281239414,14.093050427748713,18.8840061534885
65.65382764321451,46.217343534105126,14.49206354849641,18.563322388577014
65.8227353180741,45.61476244885593,14.590392163306301,18.29585536958413
64.21249238884883,45.68474210690002,14.996030790845573,17.685621038857057
64.34495299066674,45.5875143241955,15.236294237630872,17.225905614275845
63.95876692974134,45.888248005571285,15.366209172305943,17.03127422478707
62.89635708788154,45.725779499068544,14.959050248847808,17.25492227840859
63.31235558728464,45.13090875415369,14.700282086101168,17.291002397960895
62.89781295618228,44.6066923093996,14.442807337395866,17.474994369500322
62.44302579506792,44.127089530131286,14.268652392504222,17.572010992757097
62.90085816455778,44.18652367998187,14.2756794755765,17.70105261148341
62.286191959393804,43.418701352838,14.525354176305914,17.71691043105435
61.664651074772095,43.29836486821954,14.873443355598766,17.829397338312926
60.49462524097531,42.64455821525927,15.629637010039254,17.359797070777642
59.99381934251947,42.19498327780646,16.14489233994235,17.238616874233998
59.26429482147727,41.973580723933296,16.865383626079634,16.762022124459257
59.26904966270281,41.87019671566892,17.339114667238473,16.720575195790918
58.72903275911201,41.45545826919961,17.908689707005994,16.59032426499524
56.480765107555555,41.42972627328675,18.6491191103081,16.525845063385297
55.928079384637314,41.112982525673644,19.19431692543018,16.61214528987754
55.256228964065336,41.1064198519589,19.635063128569826,16.757713871631484
54.64281627099541,41.50717908547473,20.247320758056837,16.71942817218175
53.62869098300926,41.57506658346582,21.01210449900718,16.437873506914755
52.110166290069444,41.11561662007729,21.840843996047084,16.09263902664836
50.85461203321758,40.907652705426095,22.529451923241112,15.859194159074217
50.746276489412395,40.780828136438956,23.12481367085133,15.790172360464027
48.88015753444803,40.85460916596004,23.174440592163116,15.697476794170111
46.97688437424945,41.039598220254625,23.037545759987644,15.568521138293004
46.20989106186491,40.21019526558992,22.985603348616287,15.464615165031173
44.88652008123566,40.40205512827364,23.111947885176896,15.532002256193957
44.18392543203562,40.35420036084208,23.557557417780316,15.589091486740802
43.27784405695601,39.56896595273212,23.77788741094337,15.485213855969743
42.20921822514255,39.69450278223863,23.998979206329942,15.505435833849056
41.100986393242565,40.014592510267406,24.294944618214938,15.701312669848535
38.86061576966238,39.881525968179034,24.9832237548559,15.897052839908895
36.80007412265992,39.771188264913675,25.706894271913804,15.883870778669042
35.87137367414812,39.32359621766879,26.089742895187094,15.885107152631155
35.62006736707975,39.64033998840379,26.32885183863139,16.05668011702816
35.086203457617465,39.91328866057812,26.333851610185054,16.14990430511969
34.581055889880105,40.02344727226244,26.5841475300569,16.314035788854785
33.89715074446356,39.725444860357825,26.774776934621364,16.413249458517807
32.880335716058354,40.563098407914715,27.035563749740184,16.680706764839883
32.92304247484576,40.16524938574483,27.003788612186245,16.669637762728087
32.38073479150241,39.70199326428721,27.170847216177616,16.73027863580461
31.30313504372671,40.59759165885738,27.816690689847924,16.622063456962422
30.556759943636887,41.71341461568035,27.978360691739603,17.03923031415999
29.77259960162525,42.212337758193954,27.93411955382532,17.408603596431675
29.76902057995409,42.731900296770156,27.831200894036435,17.696055348235873
28.79849168268605,42.41172185415151,27.367884327534313,17.793654781938898
28.78874159709708,42.50710836302303,26.763632441159917,17.98091757776588
28.93534028014777,43.24782919517279,26.442222123562292,18.23293145221605
28.90420710217881,43.41053066031553,25.924583207970063,18.213395210420483
29.263129507048024,43.219534518105846,25.474069491781357,18.059600687302783
28.866133877684433,43.2505525870311,24.415474957967035,18.61035233259817
28.772341086588536,42.99525686759448,23.817224856813034,18.87424062358323
28.709246004760907,43.53295726019675,23.562881533863603,18.9462036203077
28.38282289588784,43.95984094956761,23.37139767920678,18.914791094719213
28.044850916042826,44.397101267063405,23.20736640105044,18.85838384635864
27.8787429089696,44.56341753837668,22.69472543773412,19.080974828302544
27.51683615351771,44.380711889502045,21.830540677649434,19.259175700317297
26.95668613194747,44.3373754772714,21.081137666361816,19.5088367702658
27.309926599996256,44.77690620523838,20.364785267904217,19.565771727562737
27.269092937103586,44.96825312612566,19.729480302219983,19.544805659931395
26.772162102981277,45.12913060201083,19.04650583746137,19.674763405905416
25.86844543739312,46.078705895840784,18.66209279794066,19.374055730347273
25.640287553350223,46.792959907078384,18.20839757254577,19.13907147248235
26.145342322024923,47.09133614056569,17.45535997728736,19.021647965688025
26.639807394431532,46.75287438287964,16.881355526939778,18.86187718088541
26.38882426050991,47.34377552011333,16.536742958341982,18.550468897888365
26.606053701352593,48.05943982074787,16.382721397127426,18.66630592886721
27.100897416761505,48.43596859888042,16.18981944013315,18.767230523156766
26.47047294268473,49.46099067427639,15.847895437160606,18.97406760939486
26.621060825520047,50.141364233922175,15.589424626233349,19.28579058287673
26.597565501503713,49.60537115784142,15.389357165817039,19.289682958335366
26.553501609335907,49.09442585453159,15.231860154596582,19.249676406332277
26.64514383730511,49.75809992811668,15.248870491310305,19.200600411109125
26.52254148784982,50.598707966987064,15.130374204312375,19.23019296812634
26.438686593068308,51.71515258748163,15.019650402748008,18.961375358568784
26.93567822400498,52.09120365898243,14.645336220655235,18.881660934721552
26.991851807425476,52.21904082497235,14.31884579250081,18.69533592893503
26.15923571095115,53.074786225515474,13.982649619742066,18.52574993493955
25.75657226369247,53.40655333344182,13.846687268177119,18.491944215161542
25.94729587502837,53.69634101767611,13.612132429199967,18.473405314245145
26.58569716458754,54.266437447877315,13.44927378452224,18.54372163486538
25.980358583947222,54.611820896144735,13.415079687067221,18.349079572152785
26.181596169115874,55.10780278550034,13.372418683752622,18.24549053928738
25.597645557010125,55.836780946410315,13.432323801816356,17.900795201888194
25.442525374815364,56.02536423732731,13.62250571163272,17.675008115913357
25.325158227828787,56.173536703367986,13.737264177971536,17.52993849077209
25.128969623017028,57.02963057791909,14.06972865758669,17.308083106705872
25.22020435696929,57.42832676189454,14.308143739299938,17.097494234638937
25.403245767574514,58.219548440608925,14.432248682257274,16.8298445831504
25.360536390560334,58.58024784934958,14.509817879891711,16.724776329691153
25.334663238578706,58.923240948968726,14.553720694096302,16.65464427454925
25.812649779112657,59.66378195375353,14.641212035254346,16.51393768841104
26.454884001906557,59.85982810469037,14.828360215452374,16.575752310069834
26.34113795501198,60.50559914391977,15.278817534818884,16.408309009382034
26.5767733812985,60.9062405203389,15.687885172255154,16.318672336560873
26.684906604394044,60.681116644215294,15.904309972335199,16.370042885343572
26.847773507119797,60.90618416956667,16.057539810196147,16.68734737884171
28.094382471360753,61.290206928756604,16.000949508133306,17.138774149547235
29.304256059581085,61.664040896623135,15.700554672390881,17.30475535560266
29.729402858263178,61.691574202778085,15.259392244345849,17.264068892836036
30.296873296533143,62.557306122774584,15.260914533089121,17.127172232522906
30.714924137373025,63.20785407548687,15.162640748481195,16.801819978488414
31.283936371301078,64.12832179191676,15.161753336022125,16.394899342839338
31.607759192326014,64.76315961406388,15.337999095263143,16.24338680737078
31.69565208135715,65.0969906983971,15.48255770568583,16.30556599021344
31.51042637732711,65.30674556392736,15.671290898399569,16.238742127892962
31.496412368135076,65.85168783861651,15.599323802874395,15.973007067917447
32.07606425409641,66.27760993817587,15.703877514815556,15.913306213677876
32.14565386941887,67.02412575731383,15.663942066631325,15.929020722557727
32.78340466744362,67.49397170444273,15.838483672028357,15.964713182891305
33.98129974027985,67.7100832404765,15.91026359280792,16.319260633418228
33.72364880010514,67.71259565992047,15.90497832687515,16.36648069246209
33.707585898274125,68.23351286012554,16.142357224971917,16.585253892264042
35.19374346385152,68.28667087550346,16.391483839575194,17.132444617337065
35.7452277697003,68.91967759390293,16.812970536791813,17.31807369381326
36.18191262249024,69.6232800301697,17.38443720930947,17.318213162557814
36.16183955606883,69.93710864035141,17.917738493757902,17.241972935335564
37.97098076288218,70.16166314901726,18.368328055076255,17.808079195675667
38.547849761360666,70.93105998525044,18.721586928160185,18.02123411825629
38.756770011688474,71.30212876046782,18.890394951312086,18.191027724933654
38.133374683951885,71.2701577666873,19.038757715054007,18.45108946800122
39.019120053502725,71.9882919776399,19.591686474395928,18.676435821753664
39.48432219819507,72.9426726411358,20.08223247855219,18.630574513453897
40.15242477457282,72.82847467152283,20.54810485761127,18.575191666020615
40.49731849820276,73.11970670636408,20.837122833134295,18.6060918160036
40.553599113750295,74.47884421407058,21.02114817516314,18.988549127098207
40.999186321875214,74.88182796468669,21.306292523599886,18.847351811813397
41.80335414947274,75.62221703157293,21.506232568020316,19.43503080465834
42.55501830316088,75.44087637741848,22.086045587548348,19.82551878430354
42.55035437712215,75.48181099566627,22.41789008958727,19.981389080993928
42.98216324248889,76.34684767671878,22.376370256383392,19.88566232323613
44.13454855404437,76.83055368059739,22.326667220171228,20.142132275394072
44.83269883134203,76.5061198542421,22.582360297892514,19.881367662536867
45.595519649452164,77.53568831110016,22.479409530049924,19.834561996150462
44.763276868504434,77.68691418157832,22.594077053004945,19.768726583552795
46.22129147961897,77.6404372567421,23.094450170711177,19.68909811980683
47.481907223369795,77.87641930341456,23.29718456646454,19.973175076419178
47.98007138046666,78.32297871746252,23.461476822453605,20.095663843767
47.2251038516607,78.83219919264916,23.555629070808024,20.126513788855753
48.54609748878997,79.26576163308198,23.77642189069622,20.287826760849622
50.19388532131213,79.62361987767557,23.720607816609533,20.580634451121053
51.66642092315152,80.07991685437617,23.485856131973723,20.910737379014105
53.48936086280487,79.56849205797155,22.948109091869902,21.13201107269918
53.28175471179397,79.46121218653651,22.805991500779513,21.12409761143337
54.05439887377977,79.57440297838869,22.997273535084293,21.06868883692455
54.846541169221474,80.27598348322303,23.28249804511488,20.915085322373045
56.271603959860826,80.9404935418641,23.254815949096184,20.914593847745323
55.59822409536679,81.63458401213174,23.20214731046952,20.851682248678863
55.97121148191785,81.42692550048957,23.98036904291397,20.915838596675954
57.29404377099271,82.58751473173669,24.813057965130454,20.825569004878744
57.84024523038978,82.75027070600828,25.368313752047662,20.777957394508476
56.82333677704392,83.52117961825249,25.77783745061715,20.77634957864126
57.95964378785818,83.63700048545545,26.287446653628525,21.080665895916876
58.93006634093813,84.62110191303998,26.5453823225388,21.135459466376457
59.30211680989967,84.97644296804806,26.44678764739495,21.627705184195378
60.316161690593056,85.55628296633373,26.67326503230946,21.67061732209976
59.68325219276301,85.63524661477734,26.724351738655294,21.786601799370988
61.24974189442546,85.33609094593045,26.65458401478899,22.14671107183536
61.678038907868,85.84002283420439,27.14382162051806,21.9871137776407
62.61632072220262,86.06101427573806,27.271009269772396,21.82061053911033
62.871487457734055,87.14041029755543,28.30440999155773,21.598271361076183
62.41167548587511,87.13966516922797,28.64133195420797,21.48907366896774
64.07608029021962,87.74220278482713,29.33029931161392,21.436932631380564
65.82373078959901,87.53952972871389,29.449057761097336,21.726875501197814
67.07116383305312,88.16309899372165,29.020999659494883,21.732427167219576
68.99511978829827,88.05598202731676,28.41797629308722,21.525443092226407
70.6647690957623,88.81640831599113,27.653475308469233,21.717132929542874
72.94797603289209,89.1126007835762,27.069403438985645,21.482090774009126
72.72889223600114,89.49204298876847,26.76771598172691,21.329213939613354
73.58521234484621,89.84192380680176,26.75197160182057,21.525449768203607
75.3080664368228,90.4781698193454,26.980557174352377,21.5037544187984
75.69307198522168,91.49518304707819,27.839153231447156,21.307978838805838
75.80225360621257,90.96238575253669,28.465809389585132,21.358030801507915
76.21959127561027,91.94150339331108,29.332391756478223,21.453059184204726
78.56024148002419,92.49126745946975,30.068090210870587,21.500695396674974
78.86622162664128,93.5976227453552,30.412088582053684,21.655460811384813
80.07750447745381,93.84181370240937,31.071969455593415,22.18824307612474
81.83537125022775,94.49015400257287,31.253807664501103,22.610464586851215
81.92798439608532,94.70739591024574,31.24268110125105,22.927211190187567
82.50355250647463,94.51623360087152,31.778318895899055,23.107725031748664
82.92272876078624,94.30712369299205,32.75377447081007,23.1933899110986
82.95549045859283,94.87148671222782,34.07719498579564,22.83988539924983
83.34103632366097,94.77067595999839,34.6953712963164,22.764351563990836
83.73175480715909,94.9520705953408,35.36064598875163,22.347119403317574
84.90596104004896,94.73118752184591,36.241390732368245,21.991301016615953
85.44900159670868,95.18596637290408,37.169851721862514,21.947674825424915
85.58367957544472,95.08792151973333,37.53749441780232,21.96800088003777
87.64675709440161,95.19077605906163,38.175217248540875,22.371204209733058
89.424642963097,95.47610706132704,38.63639659528705,22.527314990389023
92.23979718882998,96.92512514888833,38.5428494276956,22.336346066471883
90.75108391880337,97.38370710254509,38.76479830089398,21.977040983888287
94.1858553078885,98.16306642466073,38.013923125262785,21.413580015304746
95.70789319858594,98.66744073955729,37.51128210872998,20.940619683164797
96.96361414660608,98.53606477508959,37.066067648755364,20.708665905265427
99.25954974282948,98.81987822389155,37.20432045304317,20.765980654714276
99.80674919539517,99.45142617871419,37.983783099196586,21.48307466454073
100.19711987101795,98.77896807172503,38.05650837793302,22.182331252988792
100.94306307844661,99.94731978015763,39.37620095210463,22.275480321780357
101.714187915428,100.49403618443783,40.08013538878334,22.786080864164468
103.6155624575891,100.86175848997125,41.263334867083174,23.101464590767
105.93551478784084,100.34285205690814,41.30754227857069,23.596671639575252
105.64733676087509,100.35947047452049,41.15435083189183,23.86260506001156
108.28233575122256,100.81660731567169,41.12379329232849,24.03390815039897
109.89295372702549,101.4391008022984,40.652418104272435,24.178003251310905
111.24278582776378,100.36143454660333,40.66938555372053,24.084092503271123
112.72558437778429,100.53723261383543,40.65874808464572,24.267821717184145
112.97620433915307,99.60200972490419,40.65403845632649,24.491240240942
113.72181851099452,100.07632323853137,40.95663871924909,24.708869999080417
114.71097315891222,100.13486820715575,41.286374333844606,24.801709244957163
116.49225033511271,99.99008537587818,41.52482868276809,25.02938891358456
116.98091352146854,99.39505641584572,41.91097048022246,25.295649703064797
118.88674637516105,99.30474165332316,42.59963712833669,25.304134949225954
120.70699557539514,99.43160365716253,43.249991274560415,25.35785077542669
122.81775668444877,99.46261031454678,43.69763323720879,25.2943661806543
122.50411133947902,99.19225081076702,43.54042964633314,25.21505508309982
125.25236203545313,99.38141819130074,43.38391791655534,25.258063946624215
127.12363292213587,99.49947771446901,42.71476471969741,24.816204254759832
128.65180066462517,99.62074330576316,42.285688012337246,24.702864217472413
130.10969034164125,99.08498084708253,42.22969159249392,24.71645079750759
130.8515232563687,99.42836627558381,41.8285594801945,24.697148667140027
131.55177287439116,99.65241158726062,42.50224323136269,24.851314878293422
132.05122490747598,99.04279559640351,42.971500032884066,24.715359801558836
133.94832826476076,99.61835893665939,43.45562555174348,25.045056637892763
135.43965676023097,99.23907821466328,45.07612608109723,24.88500786669793
135.73654415106404,99.37933125383269,45.961075659897105,24.738030795793946
137.29967188732283,100.1108122563466,45.987411654283235,24.880896241518386
140.46149131640414,99.44955459722506,44.68377659174438,24.864996771515315
142.4253342590151,99.9097683804675,43.91034895771264,24.779962455018982
143.36524661957606,99.46561587360914,43.182205421359384,24.745019356534016
143.10966344107857,99.04494242409474,42.77959645353292,24.629779298584964
144.54504266084868,98.80193651886798,42.71859834610023,24.85679551644434
145.72796547416456,98.2879683693946,42.97665408665595,24.94630126767687
145.70436180668912,98.08402537905961,43.33979402329712,25.057071058151774
147.40041098120003,97.97301803032184,43.543550671910225,25.507564351241747
149.83406053140476,97.04829069742901,43.457290809476845,25.90791363506175
150.27794068540237,96.49817989725915,43.79031635772856,26.066649293991432
151.76555990080908,96.16671679458145,43.62855687360093,26.207494183829397
156.46991103006343,95.91024201260412,42.243264458537084,26.397303901459132
158.52160147924096,95.06251812329775,41.11211661720411,26.323486147578272
159.56675721111205,94.47753872093524,40.343042240711675,26.093683037096376
159.464269310235,93.90961356737577,39.86788243474629,25.85155597299952
160.39671089170818,93.4121871330075,39.667331423212964,25.629701135284634
160.4177896774234,92.76866847061,40.19042961292902,25.47735006572386
160.6140488353458,92.48618712834264,40.69439829468858,25.456263253131063
163.31033482830586,92.44755937339987,40.55158264498067,25.7750858829726
163.11853373559575,92.21151924995426,40.61014493701211,25.920149388826452
165.24987018895473,92.234112616943,40.45623667873166,25.95323899104207
167.53025826344222,92.17868116572161,39.628171606493154,25.854225013435137
167.43615540837172,92.09636795608033,39.00346187226006,25.582667771495245
167.51257300515098,91.69873171340402,38.644426660176414,25.51580574060871
167.8294191522837,91.77862379130598,38.39103625866839,25.38258131393385
167.56842743709188,91.76558053901067,38.099508496253435,25.72160209796631
172.54233499639594,90.38234317415602,35.10360435024053,27.142768047005443
172.4125673103568,89.76675509040668,33.59858987090125,27.68163775555407
174.10417414002023,88.51454899288404,31.995874835422324,28.39699496078459
174.78380259396988,87.90479604177465,30.801440759272985,29.091728755402222
174.88194731309554,87.68635736108753,30.038594569293608,29.41735195369004
176.24659250048612,87.23083067319821,29.077223496499123,29.6058673350839
177.28258826820644,86.21517493199136,28.379735692786106,29.542653480278382
176.6584325865626,86.4475040085724,28.594536609525264,28.880849894882502
178.21190354081932,85.47006370749813,27.510863162239282,28.701693479208743
178.67961006375685,85.34689775137304,26.562584752744016,28.500348762630885
180.00455565832792,84.94540197103584,25.61313265909899,28.631182082033305
181.6826386912401,85.03399868530904,24.162723782071602,29.011048120325736
183.04357621320312,83.67106125203331,23.13897553105329,28.879922635925055
184.60574351136142,82.91346161118284,22.028202183515972,28.83010958184873
184.43903011588696,82.49687494831625,21.444745446232304,28.611987865543938
184.2834864868385,82.81058199177053,20.845457228445778,28.583331105238315
184.591314238974,83.15044208207101,20.595945904472636,28.259877333796055
184.30080880214376,81.64360530785618,20.87511316474695,27.727561845665647
182.53055646168986,80.74579211582981,21.89719047367601,26.608940001645273
182.44044226401581,80.65536387515763,22.550372158771303,25.633336317012144
181.45847696398215,81.35734670631106,23.021172432567596,25.050732732895128
181.4652300928936,80.93569801218149,23.14813660499965,24.672244575805166
181.37665632747084,80.19866934571637,22.98696680119322,24.822622342352037
181.71607847541415,79.84996701238961,23.027143110393848,25.020626989359883
180.93069321653724,80.00522794167574,23.28805184893475,25.277490923519835
179.2595725604199,79.2560434934606,24.015969306722965,25.440477239193008
177.29504332694353,79.48530776592966,25.488640969095037,25.360574295784943
175.40459346177357,79.14693729404979,26.726304205370653,25.27224039041595
173.94365340687966,78.97690114597475,28.27054049153481,24.46054173720232
172.40241460395475,78.57536765559354,29.710629515155016,23.90418317322598
170.24741812936844,78.31733949539449,30.618554803042258,23.523608789221143
167.86329632284395,77.90040607190232,31.249770198775522,23.281794426641284
166.06340184086076,77.1650713467505,31.65937337744836,23.440023243171133
164.68151332551906,77.13787718345672,32.02222501025878,23.849166136904984
164.3948004324972,76.29903672658256,31.99960512340901,24.058112071023785
163.0711046287842,75.9508994300831,32.150525802642875,24.356656998981755
161.7522233405654,75.82901081691645,32.790202165014925,24.593144404033012
159.89494562317142,75.23662371171316,33.36330075738038,24.95642224698505
157.07027301354313,74.04876376669615,33.91356779823122,25.404731653658782
154.49396166147494,73.35804059291465,34.53586413594303,25.645341523942122
153.19476359807294,73.84273946948782,35.2695055859282,25.234441795736274
151.23016852654064,74.32481337594112,35.26027400276596,24.93207314809762
151.09416810382405,73.90358106786168,34.33788419363528,24.967919908230805
150.99510869553097,72.47997497157317,33.06726481194105,25.443269927727393
149.85412366658196,71.98613139009807,32.72405176437034,25.827973377527563
150.76168757722678,70.94208787261584,32.042660672702624,26.232069933976398
151.28286901476824,72.11799966709455,32.15593613475498,26.169803801989183
149.84708774430084,71.76989336070955,32.69618268142708,26.366215255854158
148.187179677024,72.05507950826657,33.320425962892365,26.704394534493474
146.76686452006157,71.76603202663621,34.47030710842127,26.46234359273635
145.13526756051158,71.87200672563316,35.69161016791738,26.424736111780433
140.0738235176528,70.96183180812189,36.04529411392542,26.337608567957744
139.18739255458834,71.164897101953,36.61255637441259,25.94162662474284
138.7150169730177,71.32801485713892,37.192546661851985,25.42821314336554
137.10443718975856,71.7457961245332,37.89960424625354,24.622002757571792
136.36011347939132,71.80561291669834,38.25898719307294,23.8524449545869
136.36210716489592,71.95782405676371,38.26763751363605,23.22164063347868
135.218896727832,71.04067665834975,38.40869458008562,23.064585733193553
131.5610590452289,70.87227855856503,38.943691673044555,23.01621692684069
130.12507596640535,70.42299788483398,38.7191257242921,23.053298753505054
128.76431240647534,69.26158742605162,39.124155041417744,22.827313003741903
127.69469070818153,68.9054007915953,40.11173060467713,22.464026639971742
126.83564651626028,69.16673616226272,40.68528475828735,22.25808761979969
124.9729911950169,69.1519573922593,40.038719160997516,22.315528281550314
121.77510396773962,68.32353421265753,38.561608865185846,22.292740069678416
120.47244228549759,68.91204747941137,37.11939776388012,22.292060434249656
120.14796936587467,67.73041377196493,36.0747831220545,22.2680903003144
120.85401978938613,68.33985328100022,35.422692457889106,22.02635820578587
120.1117260815594,67.90968094991885,34.48381414478281,22.38607785364348
120.24224944744483,67.43251093566455,33.96798929607047,22.363178154178133
119.95741733022356,67.5047705067753,34.26727649060366,22.501813052531677
117.7485239733289,67.58862321299819,34.588940939530914,22.59730562835761
115.99151549120712,67.7794086042598,34.77979272547552,22.554510808425558
115.23007870801757,66.77740147600616,34.55203603234076,22.237347820746443
113.70860166064924,66.8745642777172,34.60265504597699,21.704283954671013
112.8072652916768,67.21329004101459,34.55056630263677,21.130478639402355
112.04152280398739,66.45010278312446,34.23646700467724,20.582540945099584
110.43394795387069,66.2561806881404,33.69231575772133,20.34545594538572
109.47259721582024,66.16411619750076,33.29303079697834,20.095542264282866
108.61686802172025,65.98803795643369,32.708904268109855,20.031535093281715
107.87449828963446,65.86860780342147,31.413593692990045,20.874161840651354
107.63175050942588,64.97124919791176,30.811539686184595,21.238334436878926
106.97299804549462,64.66303653863761,30.533960066050614,21.2982625988072
106.5521536856668,64.33963717389841,30.29372899639199,21.570095600956343
106.26522156371193,63.82006340271698,30.17523212389242,21.609670687436168
104.57656778959245,64.18571426614841,29.68872364925847,21.760605500890833
104.82836341957628,63.737262232743255,29.291814406736354,21.846578421556284
103.39835905807016,63.33055512511305,28.838814106082225,21.914168538229667
102.54631947385847,62.17669580300585,27.949281318862887,21.852860759943454
101.94380510316529,61.61392406591611,27.256422949539107,21.8632478219983
101.98105493521368,61.70443533716287,26.894615754800796,21.907314665610315
101.07204777148654,61.33426736700538,26.793111015444445,22.08801603961823
100.7602530438964,60.851737030851076,26.705926346956055,22.16529151562251
99.63049840527313,61.34146832304688,26.92032992847812,22.24682749022901
98.79856240370775,61.339620251474344,27.493103265417766,21.940102404965266
97.40231826741056,61.554970732421836,28.434077198565127,21.790529611176375
95.4718472498147,61.5205373616338,28.9305406456526,21.544887080177055
95.31030567081757,60.99439359408288,29.052228247316172,21.39184233607358
93.91966017425031,60.516621414933326,29.12616350276455,21.280964589537177
92.73899245181393,60.070948214601216,28.610969015615204,21.057166260587138
91.46241096307439,59.19327067158582,27.60940086249431,20.87600077014088
91.0594481481549,58.56908989857777,26.48959042265402,21.01942106726324
90.72735125604244,58.38527403390725,25.606593779098805,21.06041731667721
89.55268624255889,58.821208787306205,24.876230965489732,21.155083556930542
90.2143354020376,58.085754431396694,24.15379181172395,21.411698431202275
90.18173784753353,57.82960578207357,23.682819299119554,21.559947159454005
88.96293552077985,57.09455346918169,23.191140333699916,21.646813350446187
88.6839116890111,57.12451901647855,22.72567944850084,22.015576086819422
87.61691029607596,56.25249257116309,22.172127159679338,22.401364650401092
86.190537032104,56.148673774992304,22.248547746537433,22.374667863308076
86.11002551906651,55.66491449112092,22.095461029970977,22.206871489644595
85.6946927240445,54.70476423728452,22.210819443901876,21.70863628793628
84.98360983220128,54.53763355767886,22.520403736117963,21.28943557096047
83.88452535084905,54.007532939345325,22.794117652168687,21.115605011172157
83.26642952993822,54.01101614552096,22.989163969283297,21.11154326866823
83.05086140259407,53.3056990084596,22.960897245551358,21.227588142499506
82.35202193432896,53.509327065233364,23.290909770681743,21.202501275625558
81.88917750281418,53.44380950393566,23.56623018163915,21.165999498773534
81.40344496508266,53.41319594840218,23.844766525660717,20.81884526695261
79.72533192688695,53.91492095856998,24.365546244325074,20.559735010735217
79.32488372729277,53.55924972531639,24.227296840061882,20.297634147908134
79.46792407254726,53.52595118297893,24.17660940550192,20.15723376351547
77.86412119306598,52.68214063275475,24.203048038762585,19.90575984366965
76.7060885587471,52.48530790270783,24.11839581052839,19.750933527773956
75.80571825563756,51.67304058921377,23.292370211913486,19.89155008396893
74.99530577328082,50.90218043689974,22.595056577231233,20.039111190789676
74.44804738766237,51.01169979399958,22.050316155856432,20.381197159016434
75.26335740965035,50.499289645092986,21.47078849812617,20.608414564907633
74.67780860188284,50.3295015521279,21.192899940985107,20.795629581380368
73.54852723569428,49.81110759631645,21.08080093782757,20.920565967696575
73.20706174018653,48.867338333083545,20.638699742334893,21.11050734812814
73.70394310631349,48.86541634132546,20.243436248572024,21.08596766126956
72.95715646861376,48.749980024670485,20.25501167641442,21.088876087049485
72.8653764502511,48.54839901749116,20.026829949786382,20.91062083885397
73.23214637546116,47.09756968284857,19.995812019570444,20.446894452597157
71.37611506331996,47.43190238335424,20.575120794823295,20.232194506879466
70.8862624938748,47.18434585339941,20.73268243863078,20.012604602960096
70.71793559900607,46.620658216945,20.87815717637295,20.119090712851623
69.96700922593526,46.733331691421995,20.987527045736925,20.0693646028974
69.35749892247117,46.86098005351626,21.12891129154297,20.007382520422972
68.13057082986882,46.19963042873985,21.454903354356915,19.580277154001354
68.44086867256298,46.72395951242955,21.5232975466694,19.468061123386477
66.89953479088605,46.382040022954925,22.008931094096134,19.19162957831077
65.91688971181694,46.32941637208115,22.181327246458906,19.025983723529844
64.8398596155463,45.90101687953531,22.417515963780456,18.572136174655455
64.0064718107813,45.42299258264376,22.204149122977796,18.297978636503437
64.07005051204888,45.130129900513154,21.790576590542685,18.09084838038043
64.2239364907634,44.90002462813999,21.09306067917039,18.04806784484265
63.608013779188525,44.844650517378184,20.689726463457536,17.903265055996002
62.616468210096535,44.577031764264405,20.51287759729276,18.08850379007925
61.839917426916834,43.89461697530307,20.393439095025755,18.365005960164993
61.20421924550574,43.83740250894823,20.29023230557285,18.455763440918638
60.22669240802078,42.89430323206649,20.384987108548756,18.641960635696222
60.195786569603854,42.614717310589825,20.291761754804956,18.801583322222164
59.586704840155875,41.78185756099509,20.126789537316938,18.9184123499532
58.66701690229008,41.63937801229937,20.217897643234995,18.716917824765073
57.730836436570215,41.99323002194333,20.646330452154277,18.19579249648286
57.26905693004528,41.33535827980921,20.706149557462595,17.981789209892334
57.076380555720185,41.146504304003855,20.576035914072534,17.815993638630125
57.08063492423268,41.152382371049725,20.63434913964253,17.80359927127347
56.52940962583813,41.08574958495586,20.972420473507448,17.669696828219564
55.218721257615755,41.43821506961128,21.320500376913856,17.562292945643506
55.7109455769026,40.51341877260724,21.25237110860994,17.6544962326295
54.94028730587135,40.64382553463885,21.751708218566414,17.460125593071073
53.33665770472387,41.05784485093926,22.444476101205012,17.299505023157167
52.0128498739755,40.97563712436272,23.23791547981906,17.10722732769728
50.85941647896362,40.37137186158291,23.44598184908172,16.920767647492127
50.013639245614925,40.51364354654284,23.86818626389921,16.721096039073096
48.89302277209711,40.38074446046626,23.846464499020783,16.57520981734351
47.646306150160044,40.110060949924346,23.7300461441553,16.525939452582154
45.91181986129085,40.743358356667784,23.476144318893795,16.317547144206976
46.51910125838279,40.82073027540487,23.169731422762144,16.123666248772757
45.680363305212424,40.340578441495055,23.068153164216397,15.91903993059234
44.6510271479458,40.01056031335334,23.03758898087063,15.985658661584322
44.47492714258729,39.65093630096835,22.959184801953313,15.982086165953309
44.112791133563476,39.598673371118785,23.03412721728259,16.16116349623014
43.51034694227078,39.68475400323919,23.051362177512328,16.355558876429036
42.199345616725736,39.138221902421535,22.86851830341016,16.40268542070809
40.14731405296627,39.10580214779999,23.044228121297735,16.478046487133234
38.42736595261458,38.65328571311291,23.68455471522011,16.289306945160966
36.45578060605992,38.53962442166529,24.728536889805266,16.13427863622768
36.22730214572242,38.32868811702928,25.338210789864693,15.975543235207642
35.93711759089919,37.818808994633144,25.58098536058406,16.053344065849664
35.432870267033046,38.02785558531454,26.213773365450223,16.008324164344508
35.10410837751386,37.56997784416008,26.917980463401577,15.944694866723324
34.040194437318846,37.55997780036711,27.312536983394274,16.03696081027727
33.43409308882994,37.99421564582039,27.69399702318747,16.056201889542812
32.66357331215258,38.117573084009976,27.99625357464248,16.104724822583275
31.313176121633646,37.76583967268958,28.038859374213676,16.128774511892768
28.723458886212676,38.294765385191845,28.13984316527656,15.786753174549984
27.979297088130842,37.790909687566945,28.01813742164988,15.843890588991531
27.756029564345774,37.648858409646806,28.169699632248737,15.69004566296115
27.016034696908307,38.688528477262516,27.82190435201747,15.830838117069948
26.995269149362514,37.90779948222153,27.6250421701792,15.625719340184153
25.672381543451728,38.051954419381744,26.494352442883336,15.989539115979674
25.238530223744135,38.356145217696465,25.39478649613977,16.170152487287716
25.00904227281236,38.873085730041225,24.46735418820261,16.101714775719977
26.10816071568422,38.556692656153814,23.57326096967995,15.735823431353083
25.784196830325673,39.13049953005139,23.12720973935182,15.39097666229863
26.283276939177124,38.70285691236413,22.796486061775717,15.198563399900923
25.907803006899318,38.52062439414472,22.568167580830384,15.00852845255222
26.03400846577002,38.61937039164787,22.577250316147982,14.881711994536076
25.773989579825326,38.79164006469159,22.35171671314418,14.809554788608244
25.761936060635723,38.514168764130005,22.181302026345627,14.761050965723989
25.86931559420124,39.220509961649704,21.90685640648141,14.662817642568754
25.22986930518726,38.95992998805138,21.75358228891458,14.403544292608117
25.274358649822954,39.26866262294728,21.425553002690755,14.258844438723216
25.344311568536728,39.92747865784648,21.100859429920227,14.101025176961624
26.229236928774732,40.70865758423537,20.88061145640772,14.042230370639231
26.504534935937038,41.554525779040155,20.302200975576866,14.102847172405385
27.07189388111194,42.13012495794395,20.02497511489396,14.330420834937765
27.71740135611735,42.48598952902391,18.458963884212974,15.64729810757277
27.87775692583312,42.36941354345223,17.13241971503443,16.38199813055023
28.238698046942986,42.10205349843318,16.168910167068617,16.846445461985248
27.971619846331155,42.8492846557402,15.543336253083845,16.898313480127246
28.160870985488813,43.4972830512172,15.144597097043997,16.807845306078452
28.205787081555563,43.99847908741139,14.575365968877247,16.846386365861704
28.674269299474567,44.2117752956599,14.272818828495176,16.850483165024784
28.580519933916555,44.33065370346584,13.997618354927898,16.878659743844956
27.94319002242137,44.73221511824285,13.60691808480151,16.948989637317226
27.39104705426917,45.35788693274673,13.204993217120313,17.009718523797137
27.745549060219183,45.627473776340175,13.180819215157566,16.776784471362518
27.441933508852586,46.121625819956094,12.957198763020159,16.719904227037635
27.525543973012606,47.531415811185056,12.99521279442168,16.645995040020388
27.78523408290577,47.738789414711505,13.060618095665783,16.47289264757796
28.099963039986495,48.179919692769545,13.216423958283507,16.23947257846521
28.244445959199187,49.01247980176964,12.915473566670036,16.229917503096537
28.72206451625295,49.09494339526613,12.687704287512002,16.38340187497007
28.49417544920413,49.440040388050335,12.448998008939514,16.368201702439535
29.093923109364326,49.846878751111184,12.289813786717872,16.395520824496696
29.46636287747981,50.44385798935871,12.334999539030603,16.227061095827267
29.35076546697173,50.839052787870884,12.125690434961696,16.17208832838895
29.915082566045765,51.246825660658686,11.951952090809904,16.268542225662312
30.17175445512443,51.89825171801704,11.8773381054859,16.19999680402269
29.455554346666798,52.73809652252068,11.704471751356245,16.25341678840684
29.493533823668205,53.278868164290095,11.703883042035265,16.081023986092063
29.49081322237032,53.19391344758436,11.71128283370058,15.855704854764312
29.897518394667188,54.03450514390895,11.763279717576694,15.954581276568245
29.77030344420651,54.734409410445366,11.807335158873755,16.03066612175318
30.03790931216504,55.49798864272313,11.861068632936703,15.890063686517415
30.215751990196416,55.543440360995035,11.906382018262281,15.719423093344028
30.0139627241907,56.1867428297542,11.843712485040477,15.672949414790242
29.863193859625206,56.720538496676106,11.957772953343454,15.477677600466231
29.802787020487408,57.61207084870085,12.140669220291688,15.488481318924983
29.709059711266043,58.310604548067886,12.48106026751974,15.514123504427069
29.919086745081003,57.71031780534329,12.715420972877183,15.518095241409766
30.33036212068408,58.40244655614781,12.65427270942585,15.563438097810065
30.08670654496672,58.741328450688954,12.582784832463966,15.52478117842534
30.49734556044148,59.60581025490822,12.690689927010357,15.623536543146596
30.99246685357151,60.58254068218199,12.640207250856955,15.798747811554378
31.47210418451312,61.17466966481348,12.649879582324713,15.78376763349996
31.621210316601257,60.99338941546234,12.645471278233359,15.771617810775851
31.972750382296553,61.32650966247493,12.612470020477105,16.004765510834822
32.63288654291087,61.53531337908801,12.427030915915648,16.106275254141423
32.69296862352582,61.46418086618547,12.359591455106834,15.979135600409682
32.93186791272179,62.778849503402554,12.40896013736172,16.014736775835132
33.42138899364429,63.28134214035232,12.32577626332799,15.989403847116115
33.01646778624333,64.27933313108423,12.294987908400307,15.870882703016498
33.01851930725152,64.18161466692831,12.346137593505034,15.655355023135893
32.8278376657464,64.67449255848793,12.29531591209686,15.772104327869142
33.74053920680683,65.39490557604965,12.357395592312736,16.060803262800313
33.645040646053744,66.20879145927702,12.61455278173483,16.113526400863705
33.88708371822846,66.82945072005819,12.6216071519976,16.363076447721753
33.28595623434049,67.27170823730634,12.882816775897648,16.31038267606191
33.17839737071291,67.874323654472,13.088522184684724,16.34568590888456
33.12558101014619,68.21318905337046,13.211307137004788,16.563343356670188
33.93470485563484,68.76810032020003,13.210413481404984,16.896407413968678
34.498837361538385,68.80852821060293,13.063510335595208,17.138536567016054
34.998141747609935,69.7493144297737,13.115945550726288,17.46539227312944
35.26129858068668,71.03245685599688,13.215897112367449,17.696615183592034
35.412160594332285,71.78595747151287,13.415920216423888,17.698947563094727
35.791415571266555,72.18585180293594,13.379696308106649,18.539517467486423
36.255296729321486,72.60346700886447,13.345417273132348,18.977885965007435
36.501100304282716,73.175713312746,13.495959810023242,19.00791289612377
36.89523742599959,73.5851103092306,13.638191438362252,19.197369974130808
37.17156169561795,73.72616534967898,13.666761678212588,19.47470825463087
36.51552314889891,74.28340552649937,13.57886561758269,19.46291573668343
36.542641315943854,74.13930059232152,13.625017549638986,19.602956504754545
36.9877714354513,74.87375154707489,13.809048301453554,19.610817962900715
37.12879303447552,74.49678346044954,13.88328188377201,19.581698532647238
37.50158699446354,75.45483280005715,13.94787707164892,19.47227695647461
37.594963869590075,76.36814297581202,14.119622103315326,19.543288846213958
36.746076817437256,77.56884833369598,14.434223099520068,19.49369955302293
36.81654470142343,78.48927903021989,14.562566275086379,19.60099451678665
36.287013074947026,79.39564316464086,14.55155997657129,20.50370246811378
36.482499059360535,79.79375573525367,14.572095942076169,21.163423176306782
36.42405141798307,80.28953291123571,14.815982019966597,20.970103167871457
36.580137438495804,80.4599310057767,15.052218725660495,20.93707442959896
36.949777596171025,80.77450333238528,15.025641757516166,21.12253584690028
37.448773733824865,80.88706411679053,15.243452986198665,21.008607189953114
38.38369085510028,81.86020366228763,15.114536187876967,21.083951948827675
38.97829724031262,81.99081549459655,15.106661012438234,21.11256910166134
39.3582211996403,82.75744779163816,15.090302895666586,21.53809516748261
39.60726427480554,83.30835633630926,15.254102424104257,21.51136026102461
39.996957624461146,84.09769205285039,15.24661047777232,21.816447253654932
40.25134007341997,84.75737170099019,15.499618510476775,22.093438269608306
40.2079335673032,84.94253068079306,15.57870582989051,22.414388277226685
41.06119354007736,85.52373362794823,15.591072975025174,22.380497984074488
41.48916632158381,86.75834262480363,15.623405061891733,22.326174094367584
41.14333711537694,87.920398772283,15.53188454879125,22.291270688416425
41.62990180002785,87.35151255813302,15.411383291328725,22.294489326623896
41.734691946006734,88.5265368488959,15.353497282260317,22.33525910256579
41.892739520963865,88.45108751604971,15.481886664225488,22.4463141046849
42.07641180314627,89.81943555005097,15.991879078773032,22.355827753479275
41.951608140007096,91.29310696888454,16.322175008273753,22.983624438364608
41.79583555729969,91.94078667894941,16.710339687021406,23.416650585899976
41.519312777870574,93.11832712984693,16.98354170688008,24.02994512851718
41.138200140131744,93.32149794662773,17.393532529394854,24.177008660627866
41.51276266647686,94.18275150881233,17.451044287007367,24.079779055484746
42.10016782157681,94.37123990758016,17.516596144165856,23.95462779920696
42.40403252491241,94.67429556113717,17.486399684558116,24.281781164849136
42.33214098611724,94.76382914899926,17.49802470624692,24.446984039650594
43.10701053647619,95.2176975728353,17.39072551927872,24.642173207832393
44.25929364431732,95.86488923159554,17.338407113960226,24.603951460860948
45.46263811881043,96.71432359404378,17.285322720104006,24.838273200937934
45.69464505225547,98.29286690651644,17.66402811009184,24.809838194950114
45.67560949937768,98.3622501498961,17.874766376477638,25.25654155014788
46.56655840436369,99.85660208881552,18.22016310691089,25.32893648631965
46.35119170713156,99.36030658901676,18.455091428590713,25.338882451127155
46.96714590520044,99.76885602458987,18.598735805928612,25.362507690584273
47.671129252471175,100.37408837272281,18.534605895749937,25.521882424173718
48.401658176061,101.9281319548858,19.043204277589453,25.366772917165846
48.35189447366824,101.8616174359679,18.98500309975436,25.687287813799678
48.734863009384895,103.64979320706219,19.421311502182736,25.15269766992655
49.42185605000908,105.6846928965283,19.86222343500296,25.45189872586979
50.152356762251976,107.39633667869957,20.271730323696186,25.244687058744052
49.85410153300463,108.75309382040642,20.55234230415972,25.83733322531205
49.680853830745974,109.5618372279769,20.886666201795315,26.201443356887424
49.65214607348457,110.63465766969175,21.156851790924065,26.55437720719183
50.16475755151385,110.80121320143775,21.337182485721527,26.807804577728447
50.87176797709702,111.64561046264411,21.60228873168501,26.560163939249737
50.779128691131675,111.62202322772283,21.859660961764952,26.56360945772755
51.15984347555288,111.60520903827909,21.93759061676515,26.64532950525065
51.832454553219655,112.630150082445,22.47144529992495,26.05349278034504
52.428538162975094,113.62651492810123,23.094049971054332,25.631256191106253
52.53983481007273,115.20864971071809,23.73862224234978,24.97457191296665
53.59151628956828,116.11642317439129,23.824704778964147,25.168926747628912
53.90467806414143,116.08398884024145,23.96266417163609,25.34826954113506
55.168303559236136,116.92466479428953,24.032164632938994,26.184083770734205
55.80014099920733,117.5193829167821,24.12794247745338,26.28075709243759
56.020482661190115,117.90001752328577,24.136969850423476,26.62572862878941
56.916024349732986,118.73119205230714,24.16085684744509,26.613830873275056
57.71449446582851,118.63061438694166,24.157711318737622,26.666444112755595
59.47295183681888,119.65120812979023,23.93632951857512,27.028874247526574
60.10019427879617,120.04630956437208,23.815039915649287,27.25303693221877
60.12768565249189,121.21262192807228,23.567467274320734,28.221756837920786
60.32559633785107,121.46398901386851,23.531184160724415,28.699892257564446
60.7094373143029,122.54405132573673,23.63870504242692,29.064944635781124
61.80119557165366,122.95807137129486,23.700592532776067,29.32682375414514
62.43034445830121,124.63661830624723,24.246050400464547,30.196372969720166
62.23918572661573,124.44246537150636,24.358033828677353,31.388908992762545
62.57941219492676,123.89439690288701,24.42478442093637,32.244956945631
63.30773765795324,124.85574540156327,24.413333461314068,32.922566220785185
63.60596672007327,125.78081080893952,24.68242847771426,32.83770718890776
63.96745812130041,126.72908708235805,24.92642756307736,32.94475833889383
64.93355903679863,127.20486241763973,24.96870242714167,32.849354540374065
65.04162144238403,127.79787938960996,24.957076830858476,32.677310521818114
65.39513033555903,129.50023899100762,24.888109421877402,32.517945256171885
66.88338320841635,130.6687048231909,24.983655916534477,32.577785022774556
67.83868630255348,131.72947891182116,24.94427150903717,33.182406193277075
68.92219470746457,132.34979892377802,25.04268610332877,34.042266753012015
69.62599324548859,134.3339356271861,25.29784320532792,33.947280308705054
69.95959714492177,135.28307798534846,25.549339916196658,33.78234312751367
70.1804714225567,135.9902864278007,25.656700343012968,33.64677799012202
71.2523694628228,136.75968102957034,25.56990799897676,33.492964100723015
71.79720890638545,137.1603654715543,25.70801338786007,33.44619747019219
72.95909314250662,138.25350275894013,25.623653408659727,33.54883137701843
73.078112011413,139.00306093136902,25.77384599463847,33.49450396496093
73.68502455973105,139.590275493044,25.73057982744573,33.791916534535446
74.39471184068496,140.58136117910283,25.8578543639342,34.36823281615014
75.91045096302818,140.8996034614417,26.179883161178893,34.748280672584436
76.67048356986452,140.9370622937128,26.42043842232161,35.50242618515096
77.36407508500845,141.30947406452245,26.75387840839116,35.86420102075947
77.72571853393978,143.84998464186918,27.324437283271713,36.123009787788426
78.8359860527357,144.26501398134081,27.489396716276193,36.47064483347742
79.6265199366571,145.00001191361432,27.423126993591772,36.982968562359964
81.37794223509476,145.95097732306658,27.674063476962445,37.31536601341393
82.40534466294235,147.26377847173046,27.856079557470267,37.824451616629375
83.25728641294403,147.81169075305056,28.07715619388048,37.97945472408658
83.30130017858494,148.6075426650779,28.514132751477284,38.04302600646196
84.24059204432133,149.11343086598808,28.83631844444299,38.48909421962419
85.5135390079786,150.2705573935831,29.20761792990921,39.02968740352412
86.30635882082493,150.35627400608388,29.53604926807612,39.24653364634366
86.98648453266594,151.59303660145605,29.68360319183671,40.196882833803656
90.20304065004451,151.74216801243256,29.916953378496807,40.6125506186927
91.80309748465275,152.33237473233888,30.173425831793146,40.92134075115331
92.01205389731619,152.64488035265828,30.43650084139668,41.05464262992599
93.83400525953375,153.43019567710368,30.684330809680073,40.71536824419587
95.82103070325408,154.1906807030861,30.927581290952787,40.474050787751075
97.43385574566281,157.10775694078518,31.15682694092232,40.10368968274477
98.8433110235628,158.19694932991538,31.289531957098028,40.347197785877746
98.81078788029617,158.60225689430143,31.403013581472795,40.36571956515999
100.53840142337138,160.43165371633586,31.386333629721808,41.13531403983505
101.75119883795892,162.91089242278701,33.675495766183936,40.87816395084635
102.67142938547138,164.82902292377256,35.18894583258172,40.413098265189944
104.05989143093558,165.96755944878157,36.54178868272392,39.66853370764167
104.37995099266824,166.74150978727008,37.36599093415177,39.29566373897767
104.43134513375988,168.22902053706392,38.08790974282314,38.99911833458957
106.25232997109427,169.66848715423373,39.06989722528935,38.87056728523228
106.8709405376892,171.27522259473912,40.03649584383902,38.17427946963591
107.58013668174657,174.07424207987003,41.31967192082132,37.593888242599206
108.56895185869634,176.09366358913948,43.01923306281717,36.89220056616231
110.27485799989047,177.3840438194956,44.2759712717619,36.61952912331817
109.83823151224894,177.17065832459707,44.53381338269179,36.74622252574912
114.21373170337874,177.0724716238703,44.1761187789356,37.36700221725691
114.42779406417301,178.55246259695483,44.139649323632,37.86170429017665
115.16552297103412,179.26699521946,44.51766684216992,37.877066058563535
118.91935935770297,180.39027313742645,44.582655945510666,38.34037817688474
122.21376178568158,180.5624158157517,43.81893339164695,38.51288845545767
126.22498660303361,180.46957088358096,42.75870251838699,38.85001040185616
128.2376450650043,182.29402332289658,42.595569642144596,38.59851663124189
129.32672317845828,183.77025256287584,42.812733592314885,38.7695596905137
129.94227549594316,184.8912341827972,43.2845223336955,38.68205998025773
131.73119946829087,185.52284976143628,43.37847190296192,38.98761460960834
134.11542851513275,186.53404245700233,44.08655914314043,39.504221384995404
135.5292097481176,186.94494713350275,45.62524194694612,39.84277010332174
135.0693338158201,187.8004294149938,46.69278808801702,39.94477403284757
137.76331879434184,188.440641412962,47.65270993852968,40.8797409575502
140.50572617355098,189.34122866214452,48.75015531194737,41.09241905546818
142.62091268568463,190.75738798948973,49.79481528481139,41.05160454544633
144.6037352106002,193.2581822143249,50.18368340331521,39.853098561901426
145.45494555176532,193.26576261392555,50.1129997147747,39.526361306868644
147.4156986731262,193.44429596667356,50.33171506781706,39.15661180771065
147.60885435877447,194.64647974638987,51.36294520042682,38.51769293773878
149.2176853215615,196.04644278844376,52.93144374390788,37.79934153205204
149.41034967642702,196.85433323596015,53.678517931057975,37.1908302579146
150.7218840632174,196.80607237631216,55.16875043463783,36.94194759069021
152.83131353141087,195.88863236488055,57.26829569594376,37.096948186597274
154.57662247273365,196.3653332768994,59.803883353001595,37.10141213719104
158.37755773347024,196.92765238403916,61.6117332523658,36.86047655867665
160.2470117804414,197.39051605047155,61.796271813696926,36.63974020882121
160.3279149722104,197.87178234014448,62.02770418323931,36.488496582302766
161.96560942319016,197.78925914665896,61.60557389105151,36.235051307725186
