298.5,149.5,67,122
294.652896754243,149.9235281682873,66.53848768810823,123.57942824823377
293.62463341520373,146.73016974589007,66.64839044479247,125.60940747935027
293.6939801712254,143.56815234851547,67.05040285201486,125.74444071388822
293.575471786035,142.7378066599686,67.13425732180896,128.21613690846777
293.33189167435546,140.45797451822557,67.56732109227622,129.36478639665052
294.03345741246693,140.0698754663875,67.61859313568365,129.9030147442003
294.6350642508999,138.1769247314818,66.36523177638936,131.474077947639
295.60879316972967,137.95269799008292,64.98041865880742,132.3577461287514
297.9761438026869,138.23468974253538,65.7071260080051,130.37484723287815
299.7791837148141,139.9020719185031,66.4887047797896,129.49109477707614
300.74188975608655,140.10226582531243,68.31327004747966,126.84409942141953
299.27204117729445,141.00201772706697,67.50100454332073,126.99351884808166
298.14368223765655,142.71927216086542,67.90282456588423,128.02786345414808
301.0230552663122,134.14831194665834,72.62213541622673,120.48264055675659
295.3634593992458,136.27955379744333,75.59588723947085,115.459834582409
292.709636021355,138.98025951211028,77.26157027493088,111.79416488757984
288.320327438977,142.52138008782805,78.72682484126753,108.27480592112659
307.6166594666507,140.10560709503932,81.84465959573465,106.22328048412717
309.1440343165594,139.06998640986777,84.40516429807795,104.56115679557132
312.11231705016905,137.02358831384683,85.07439278380052,104.31020060342739
269.1853983802687,186.2403851944219,75.64301283844503,115.26003732323431
269.51058806365796,180.93104669841938,72.62904633062946,119.20334219152107
270.99020057223083,139.3168985284962,76.41531329499004,113.35886936632836
270.6318381673014,131.20805189912332,79.64648865492822,109.61233113398526
269.52417119601364,134.62286372414178,82.21932660770428,107.52495601910462
281.96398523051477,134.22699159400898,82.44267247669032,107.21782761777963
298.98997184547324,136.38047194649886,81.8356379064413,106.9938289489327
293.00879682109445,134.193458889275,81.69625760851918,105.50635909170066
299.2404993334255,133.471817590995,79.91290343377167,105.45046160975429
293.60596642229166,126.45803052091654,79.4583784052093,103.45194322061428
297.79481521540856,128.1669230794758,77.67324063342856,102.57483135941618
305.3139407137993,131.6320031460587,73.65666665385902,106.56514909337685
303.8621646643104,146.08635898788395,71.21683734796014,113.27633334478494
302.0252195662431,147.4282929247977,69.94678738143598,116.65065820090737
300.0946157482866,141.13858235000828,69.12035387355017,120.08669632436317
299.54657369986415,138.4443248592488,66.1764403927278,128.49516574886
300.3002134514307,136.47449337651528,63.69980071684623,136.49676413913178
303.24248367477907,129.26290868535526,62.044503071815754,139.7580625650309
309.7454821995581,126.80890047867803,61.414985171122325,140.74180882533972
308.75158340830416,129.01737146383772,59.97317870013296,142.76643856751423
308.3827747778804,132.58563938123785,59.626977286892966,145.708983314379
316.6825998955943,126.51398688167792,60.1598229315921,146.41552645741976
313.2980771137662,127.03841492611201,60.299020491860844,149.07295822942194
320.549743386149,124.33090736762489,61.62052086335501,147.66289676634858
318.82445746660693,122.98947802323005,61.677728749802455,146.6730426522513
317.9769198310299,127.22908215609,61.46510276706556,147.19724377221254
315.7269081934913,128.25400652533472,61.26640511013586,150.67099751937988
317.13433024816845,123.2848863620932,61.096985366778824,150.4502565226207
316.32740868909923,125.40144282011542,60.068492116356566,152.06997497025424
319.1931980071374,122.75965315565372,60.22902525853947,150.22834210664223
318.8981627619726,125.42502938759245,60.04857476374251,151.40720315671132
327.0782334170656,123.33499470439769,60.62843970966013,148.2949112636404
326.38338099356645,123.55121179390136,60.03446335472363,146.64449598455064
324.6078748474662,127.27076790352218,60.61541744418054,147.34980915745987
325.3649239005631,125.1804254488824,59.856703961991116,147.12968573238885
325.26362196733766,124.71824454887464,59.100238278404596,146.45016700776907
332.71177979600066,126.6575002697664,59.85587536460895,146.575855547675
334.63582208980887,127.36540694195986,59.95643875291413,144.40611860833644
334.22334127538574,126.24107101623242,61.75336468143915,140.30896001927007
334.44567570480626,130.59398617223536,61.61448803508432,140.69986184685163
335.42216399267045,123.43945541374467,61.04195777416777,139.58448679461912
335.4627993748293,136.59269321915963,61.06219655857376,140.69139085297863
337.1036227729829,139.3626614478531,61.260224578398194,141.35207600051112
339.75861584794296,129.07954156905595,62.70473500287987,136.31273638188475
342.41949876822235,130.9808926070507,63.21956851229661,134.13547752603384
341.4140613441834,146.2350179521091,64.43587815956892,137.76123715085836
351.14419308083274,140.77481863372975,65.65308775450751,135.8841313625683
349.50164896731496,147.3170955741976,67.87152320673225,134.92050910699876
349.9757595688111,144.67135928627857,68.15542406737679,134.4475397158263
351.145756353897,140.73519811699626,67.78114662078592,134.18869273523813
352.16481268897473,138.87688521299566,67.09510571271537,132.98747853927205
352.9580731175916,133.61573376526218,65.70006631164225,134.47588403483667
355.490304573365,132.17299185427464,66.61008212171404,132.99254957373068
355.897025410708,131.68227777422214,65.75255166987341,132.30669860957576
356.2782152142735,134.30892084248364,65.5358943685171,131.53991225942966
356.3633989589534,132.89296758338202,65.0983550194161,131.963777062011
355.79513572255314,137.925917265599,63.3973687606645,134.62131596051648
358.904806711472,132.90641160645464,61.05604897673544,136.22815354986233
359.2897421338558,135.37090181720265,59.433305879503536,138.63915182328208
361.052857914481,129.6344577312576,58.49852620156909,139.32196660039673
368.4990914217176,135.67852589458613,59.169510000389465,140.0906246310395
366.89858615450896,129.8539441797207,59.44403571157973,138.32452679215467
377.09034102423385,137.7480043035331,61.717853624107505,133.88360789188098
374.8329683320058,130.67445822287937,61.72321437645301,133.39253362557608
375.03803876106133,134.01967224673228,61.7635591352644,133.45797592012494
382.78954386493587,135.33359762828835,61.99915728780582,133.80375248588547
380.5505292250024,127.92620974236067,61.74743974913034,131.63972271574863
378.2428305018895,129.55863917949358,60.73687779899372,129.2408722423999
379.5004446370711,129.8512593603504,59.8497910510381,129.02243564598317
381.7557217899671,131.73574300339882,59.654713162787615,129.37987550634017
381.3825532036135,131.8285840195577,59.638532227603704,130.92843925115253
388.117571278343,133.80444669315432,59.97473043788594,131.13670993667415
386.801490806761,133.34582946483067,59.887276875282026,132.28792589835777
386.81491378337785,131.88193323054134,60.1483622749022,134.156293608979
392.8336109004018,131.39784713893988,59.8794054264133,136.34479436159415
389.6894302197277,129.8456449393646,59.73519823765176,137.87139264559423
389.14483592724304,126.95727955880133,59.583293544689795,140.25184359486167
391.3442131198106,122.19724218387819,60.23106702210353,138.7610216619687
396.4608701185542,121.20718981610301,62.57207095674519,136.32110867825025
394.9977773139345,120.59318276663618,63.75234627908125,134.38451692124215
393.4607101334112,118.90958711106335,64.50308896417866,133.70996304653576
394.3905171804475,117.64236124530956,63.43152748860972,135.46862736492307
394.73625232724345,117.37526096845993,62.6704819076161,136.25633845338567
393.27266819403445,119.98350162280735,62.21937764061737,138.38322329077846
390.48095541379627,122.42318387966677,62.529662770643284,141.89275858022125
389.56324833667327,123.53209427779214,62.257149602501556,144.41986042190996
388.8771200486825,124.64326193552269,61.89254995633037,147.0414424762914
386.9021793662636,124.91141906006263,61.881124510789164,147.93324466798452
386.36312951608545,119.99870640642945,61.727538453508515,146.74155533596866
384.4343599423468,120.48471342650973,61.28513606122138,148.10326269511535
384.35821442115963,120.4589604724347,60.83181744821548,150.1857904366852
384.4029242851348,116.01665066056911,60.970015699314786,149.45625905943982
382.9687468900274,113.95473651267145,60.50083534663111,149.50639026508622
382.9613547160953,113.34082425721189,60.69367226889142,149.42976533695656
379.88346345992846,118.43536333421937,60.21781530063428,151.56484012941377
378.8433994500373,118.7249680210446,59.69776627077982,154.44391203437354
378.88355871103397,113.47483616718868,60.35958726704736,154.19060518544475
376.9957972302843,116.07677233573948,60.38460144329884,155.8302553970187
380.97501581787094,117.20414210602173,61.52659571038633,157.0929216048215
377.87900661023133,112.08725929941487,61.934053922113286,156.35947168001033
374.9007425907595,114.71856591414425,62.02082907714592,157.75755352654033
378.948619794151,111.03308258339382,62.82187757258453,157.41058510274456
374.354342506611,112.12757468819733,63.45242204634626,159.53700864612827
373.4082544807584,112.91702355004412,63.5855855181335,160.7477093874005
372.8926333038628,108.50778060381157,64.05477746976027,159.62081125429188
371.0160440921699,111.22175680109045,63.754977377521,160.801892921166
369.69573279746953,110.38518756327055,64.29450119105809,162.41899733474807
368.7793270569024,111.36344684978889,64.60827327972105,163.6714221287158
369.9165406822388,106.50160052202416,65.07527893424535,163.1421135711715
368.1089666269657,112.57822657852589,65.55154130832618,161.43802870975497
368.65170695599824,106.2299721075415,66.25574864140329,161.3390092398585
367.79144823160476,106.50795050224929,67.16006696633092,162.25094676616254
366.9233813697466,106.28551642255786,67.55493024326978,162.38059296023243
365.9754884645204,106.03659234059509,68.64479181694776,163.28395691414363
365.43713639445144,105.6139763422691,69.22354900927266,164.00492684610026
363.9844982362195,105.10181550804764,69.39322413898425,163.47935430086673
371.12865549419416,106.96577452336103,69.03405638969753,159.0801613101989
364.50744361433135,110.69197825149963,69.67425579944761,159.42159569275836
362.0875548478931,111.03888025485165,70.00596477077009,161.0727855157815
361.93352496711196,110.65186139793997,70.0222296064043,161.59707590859523
361.1009639389888,110.61302025033723,70.55568953229476,162.8637175639234
360.9337687785841,111.44456266179176,71.08690249638417,163.4561809797686
360.03933207660685,111.51884635628869,71.66188856646875,164.5525407586672
359.8619545030375,112.54874302347962,72.25943323542086,164.7661718112635
359.5032691386448,113.84378920443092,72.86515701396132,165.87567966908745
367.6037677278228,110.73400154729856,74.1232853544042,165.00780161802624
363.4460830828038,114.41920152546167,74.00580189938603,164.63993414384723
361.5854779168693,115.73383664248475,74.04692108860061,166.17695800770147
360.7447491715288,118.81434200633636,74.42566113200076,167.03602832324165
367.82330541012175,111.74255534335987,75.36237399508582,165.79474351778595
363.79968839555653,117.75986841433232,75.63228859291131,166.05663951634398
370.4352179800298,114.57859083668673,76.11670446821525,165.6821303100629
367.4870518660159,114.56669286983032,76.23896023445107,164.74435377549491
373.8686965470198,116.69514658813786,78.08756452631287,163.04797008727766
371.11739020056285,118.14963312037031,78.19005696089552,162.6462170526437
366.33201208997576,121.34441807866044,80.74692673034852,159.8382134698342
363.28979083559125,124.61089518838568,82.06082947852788,157.67782547352823
361.7081206139517,125.10209770624147,80.2108222960747,158.11915629482655
358.7081258392944,126.61463822875047,80.72784876021468,156.20550613321615
356.5535687931927,127.33289736826148,80.84960828775127,154.72933319694943
356.07820272962863,127.89917119507453,80.6757675417639,153.0371693948515
354.6300956021824,131.02711410516963,80.58700884286,151.0147106223908
353.1344841557282,133.03190205130633,80.69596306854721,149.43130507923848
351.5311187180948,132.66103720523068,79.88827152712716,148.3717638096283
350.0870534224059,134.69871401032424,79.32358348637896,147.56349646691248
349.11705496125643,136.5713997643967,78.89779457150449,145.4906298606536
347.8217068018974,136.91879169778574,79.37301595087624,143.23506713759804
346.05543643166476,135.50024594117198,79.58800412481324,141.81988699860386
344.8716969048717,134.35717177803474,78.3241820137722,141.26072487527813
343.9771856128819,134.80091269727166,75.22182953290203,142.92406791740427
342.81529754358803,135.9685334152323,75.17024422892378,139.93895692028764
342.0768317614763,138.18065201104324,75.08709800670168,137.31872392101803
341.7316180947826,135.8838693203025,73.97955385304374,137.33861033216263
343.3018710696868,134.8539669238752,72.61748539846698,136.50225428402908
341.53476711798135,138.47920412298092,70.7558121258831,137.72345766596897
349.50692640628245,138.47404966436085,70.95431581490581,137.26676267147548
346.3737832147376,140.22425066498502,70.32193963085687,136.90183439840706
343.5658284982838,138.72219929972644,68.8830280493602,137.3282424744595
345.98327530580184,135.364189559382,68.89080106030063,137.29686024082346
343.0703016463192,134.2085475699655,67.59078421453202,136.77074282958077
343.36832254573267,134.57818158364387,67.4340584500221,134.85149702760398
343.47466602625224,133.41663815147572,66.76717604916749,133.18895385653985
343.01513722958015,134.48455679390338,65.0106948642066,133.04509915091577
344.19655794437756,140.87998001658895,64.28106635861532,131.0593016481106
339.1698188408901,138.46958533150783,61.24844875565375,133.2047742076649
337.59538660898954,135.7399749279883,58.10633335724168,134.927641378916
337.290535456364,134.64239958944574,56.109614191850724,135.79537027160015
336.0387912527781,132.29627774750043,54.678029461739264,136.35577849482797
333.95214959424044,132.32861695573104,54.419680260046185,136.6046443517432
332.33234295890367,130.09204115325016,54.45394956900409,137.1268963557223
329.3206615351204,132.51240042164338,55.24232611133385,139.74776620165682
326.3632790818759,134.64694414990848,55.47229802236994,143.98820213685025
317.1403369655232,131.1543662887863,55.840740085885855,144.40630120321083
317.97560417581343,128.4937554725424,56.71178944177937,144.64059446808386
317.96205008848057,128.04824352562812,56.64608928042564,145.8797412864787
317.7412287317772,127.46742531151217,57.06332665037427,146.70585378153837
317.40609280635516,128.00132271238328,57.21969637347556,148.5246070220935
317.0520629809846,129.91250326155512,57.30704982361705,149.5381643502635
316.63800803816963,130.04558601673455,57.70660842278806,150.2761475615996
317.3348429433397,130.73049835668672,58.53746144150367,149.74976579856533
316.6514731701741,130.55658356607626,59.366238491554256,149.48706852002599
316.2924516051517,130.46721812523356,58.86625879826523,150.2555441483964
314.6113729090823,121.9809296370083,59.58397100951105,145.98871835385086
315.78618727762245,131.7924962663606,59.00319093003889,149.322238690117
317.74190492502674,129.4209506017276,58.34630776116104,150.54249095001651
319.19998370593,126.70411042988803,57.831654477537484,151.76220921560116
319.82268568730376,129.45747067788523,57.59076950053828,152.91486343350445
321.7322419488034,131.98156536164214,58.80555962265008,152.3894582990839
322.0842347477484,134.32226333647807,59.47707959135711,152.0533406125041
323.4819934533223,133.94147774828747,60.67756604640495,151.07216066736427
323.95963880829186,137.1696476813816,61.96256311722757,150.0813449978008
325.7189516596795,129.54658116230937,61.08176290349647,149.45234928991255
326.46890651216916,132.0662550766977,61.49571876477086,150.00544969569398
327.48995516893837,132.020665778614,63.60380655941719,149.69889823939022
328.6238270463574,132.74263879984494,64.70830811631615,149.72451222405087
330.31578805550004,123.76081542362066,67.32084558213123,146.22225474065957
337.3701457088003,127.07369973844618,69.24477264003266,145.0962910846108
337.8860471273335,124.12890464137402,69.78383483802338,144.089348266365
338.77973489009753,124.7748515568369,69.71217126375106,144.05462725839152
346.3203130379504,122.82480287496585,71.52002444375331,143.78624565637432
345.23619163862367,122.79806265795847,71.22874523351095,142.89217406507095
347.8509823730774,123.21809126299713,72.2045608936624,142.177309079973
350.7984162603028,124.54727729264974,69.28972246377016,145.0733851484144
354.775208770725,126.30269036462036,67.07464900527323,147.9482196528191
354.66954687243293,125.10703177543513,65.6160109917454,150.89253042678968
356.641099348121,127.22559735180482,63.897051691232896,152.5456900112024
358.3180907787368,131.45517783496456,64.15693444393862,151.558935432212
359.968506409241,141.28876851235728,64.52039861788208,150.7626570925633
359.8226753114446,135.2939920599701,62.10746405558611,158.29110178963506
366.8441911663811,132.74968725843897,61.838252269113894,163.34510632547398
364.2744510856527,130.64014730922662,60.290295373075594,166.42315138236117
372.30997672455186,132.5800488114415,59.91920575756982,169.12604147790708
367.728070089641,124.69025677194892,59.32850528685197,173.82381365198495
367.4807320545549,110.74825690615296,59.59619399511618,174.5736657395339
367.9281027463105,110.27464620855515,59.541372059503814,174.64941733902563
368.67728579598696,109.69035567632466,60.14004542128677,175.0940685810417
368.64708568050537,110.28184843465901,61.4823110106027,175.2571580031471
369.61218132964734,112.40517753503943,61.6272356314319,176.61278900221538
369.1496330969432,111.50644128245068,62.450262882853686,177.63920205390548
368.8926736677026,111.45603768429037,63.34015672431185,178.04867214161405
368.4934934490052,112.87019919388874,63.29668136487359,179.13939552439484
369.4775037114642,113.11344773640839,63.4921055974172,180.11129773516242
370.68614620278333,114.77602845026829,63.342969990694385,181.63498941870972
370.00900167680396,115.42876761471308,62.70397290984066,182.99140612651752
369.97938015594116,118.09877656844748,62.28902970993951,182.69088607137417
371.0078661467417,118.7815128008201,63.26418796973248,181.13558339284376
370.77716673365836,116.90548403897692,62.86031272420573,180.31911798638484
371.0764638488435,119.64469975069508,62.85541085614401,180.5541536840728
371.67661956899155,122.97604991205819,62.59439685351576,179.02609357817397
372.3879991025628,128.38802784207877,62.35405899380127,182.04808784478075
371.5680490155904,130.94180778386607,62.465487697866806,185.6308613276002
369.44677012173173,116.59064472527538,63.085937502948724,182.65080867586067
371.25888857211714,117.67463121931108,62.86754505217482,179.46606174865659
372.7646528017041,117.42391211045553,62.963349061033774,177.26321625207325
373.05435131262686,118.31946967810318,62.81743823260666,174.6885805374399
373.82474266146346,117.57308210322246,62.502578953932215,174.67439648729592
374.2046217848242,115.10868496260363,62.64181390131402,174.39408432322108
374.04574424193174,109.41702078729169,64.17122853776571,171.89203574360815
375.8308055832929,116.59584303969532,64.21834389978223,173.33492167245566
375.422997849855,109.54830206016351,63.82051453767089,174.01008366386793
374.3367861256768,107.12002794813625,64.53281134761477,172.75375642634407
373.76244697461266,114.65019077401418,64.18090147110844,174.44019018926107
374.4602594386068,109.84239783760452,64.47249175212744,174.00964302069855
375.75397960803,108.4499953811769,65.6243988711667,172.4104738582364
377.8735240752674,114.26457862784538,66.48196149079953,174.024328376252
380.57316883725133,116.94066626478246,67.13523038892038,174.57568751476185
382.09107912644265,118.10409516579547,67.04321645879207,177.1543978355996
384.2230628289609,117.5649107694229,67.6735046918782,179.1271560192902
384.1378203336294,119.63408409578,67.91425828372024,182.8152320579212
384.86213941634287,120.20443054384282,68.67078121295886,183.59559710132498
384.31755036622485,127.61830242767746,68.6572302310874,184.1698194286264
386.35129006309205,114.16300960316907,69.70151383784133,183.29516490430333
387.4820623074435,125.98781281615297,70.12134485267836,183.02993691156308
397.34471312755784,120.49148603811398,71.41503659013532,182.2298496458027
397.10447285555034,107.07393273407581,71.77642204709886,180.65851742636437
391.8495233714901,128.16493974958192,73.41104349599331,181.25441172054747
390.7044072368146,122.39000490515267,73.83146077339332,181.7939016181462
387.0807215363652,127.1059484342424,74.44308283423464,182.9486358444516
388.44907626914534,120.83620463810038,74.94453350203631,183.52535011367655
387.0502545022191,114.89820054143111,75.10394575842291,183.4917427903525
390.94945448761524,122.84501704701435,75.81920431119019,182.9979129408071
387.0053454823204,108.45692539258948,76.72982699249519,181.89515376003283
380.9411593649262,117.2711956491359,77.85266600889987,181.8280394096597
375.37506023689997,122.5423415280311,78.4007883372179,183.00236142140056
372.5924448826968,114.33079500191467,79.06111277273617,182.98082480444398
367.88104996057956,121.25488608688367,80.13599173592806,184.39318455039952
363.73799837518555,117.93197495188883,80.5914555443809,183.20100699967998
359.5779419408441,120.40546191117038,80.40057350186999,185.15741538244745
355.93589071684517,113.04439392461131,80.87985827332362,184.92137474271158
351.2387627965544,122.33714836935664,81.23809478864877,184.31959616938303
348.02553053710716,127.91287695287875,81.4203848271051,183.7939048028149
343.4734158401658,110.97585940840352,83.22950590265891,180.62761091227316
330.3887765367505,110.4493557672294,82.45261179525608,181.38812130479175
329.0392533184463,116.52623867182814,81.1588670560223,182.42184119047954
325.8114596124058,126.18560509222446,78.65454979738784,185.5984868439496
321.7702552365683,119.9334454366588,77.73528580431197,187.21565920531285
320.33852557109196,120.80381220148189,76.92325952430265,190.29404703644548
318.32749462403945,115.33884461795417,76.61981568491775,191.22530494977778
319.16005674600603,111.9092247440441,76.55954137556252,190.80960802157253
317.1178766725638,109.2596661060603,76.62411850242744,192.77561877974838
326.36274324331396,103.53265089461522,77.64269758626892,192.92041839819518
311.10011399376754,102.34998051751586,77.15107604996132,194.92068076274927
311.2192388245313,102.10828895951539,76.68312388594472,197.18243485519827
310.99408467091735,100.64703456661937,77.07699716694422,199.15162939624315
309.876226316268,102.39715742499402,77.7242251782372,199.14647034941572
311.12552150682245,113.00133592092001,77.08238361647959,200.8135291595657
309.8256962158166,110.28113463204622,77.89300817653384,202.24561903513433
309.421349090382,108.12713703639068,78.13326920224809,203.50400218115732
308.73006407283015,104.84290820850686,78.58725877441933,205.04180445286124
307.54343842932985,105.30948743398326,79.84955220047328,205.35693522939408
317.60832905388065,107.26474746956603,81.53705839644005,205.94240543456522
312.0970221572353,107.58346686194898,82.20396788217448,206.48046346643446
308.515870673288,106.21895794365358,84.22387678421218,207.9782546203623
307.87582027655407,114.78353767958214,85.92328373669953,210.22624282306572
309.0584930168135,109.25572344797669,85.59684435359277,211.20898481929663
311.19345171708085,107.57109980129138,85.15405941651332,210.28650313927858
310.8336354936551,102.54125923949243,83.02087838108022,211.7133030983257
310.4823819762444,97.62417572061429,83.03676673017925,212.4063168005107
309.9999077423302,92.5601262115224,82.25272275492293,215.04609451437318
307.26212942081565,87.42147224229828,82.830983922946,215.57298569714516
306.13975564378615,84.16383809770073,83.57622714923096,215.34428931425163
302.68631634078145,82.56876788036985,84.67406139412589,212.37396593894636
304.9388159223387,86.6149693637571,85.75283918184756,215.69806783209617
300.05554181052065,79.40674169961207,86.561769645779,213.95768760435595
300.00500376901533,77.07511529533986,88.08869910040987,208.92859097900146
297.2336700982306,76.04404976566599,88.53321142031172,206.63708481987385
296.9419818426206,90.08900318699743,88.0439564532222,205.1186959215469
296.69052857668424,84.62393790460169,88.54673136837678,204.8263275926006
296.8411820775905,87.32270504657149,88.93962440547415,203.64874303095104
294.36437386155137,97.79623363593092,89.75320091674557,206.2035073701765
290.63164267847503,95.55685004005846,90.34445483258088,207.01411746124393
288.40412854739,93.18342112443261,90.25504330211793,207.44953339414968
286.9128848398303,90.4719807665897,91.28372252879882,209.58997463954438
285.838966344546,86.1905169599977,93.22492122788921,210.91790736442272
283.95410948397466,81.06644826860541,93.88679989463438,212.20553544697535
279.6480274029865,75.55386306984877,94.9064619394537,215.325355159369
276.5582989098764,70.17526096920668,96.62733318653824,216.66342617431286
276.83525873685204,77.17581242193982,95.28943894466954,220.58368137736707
275.50159364335104,72.52946123606662,94.44896068478735,221.8251151715378
274.34719366273146,79.64910010382039,92.5071340820007,225.4227019074658
275.647468718014,77.04771134776104,90.99085421031197,227.17135878359818
277.5529041149277,73.81041422912637,91.59491519062396,225.55403407555502
278.93079355550054,76.0202083423264,92.13684935078383,222.6297702224002
278.6050265248479,68.84893578267139,92.43701912733523,223.83716347861207
278.1399788291308,67.27184969500031,93.22882399428669,224.12503459423132
282.3499093630657,80.36192730931347,91.2689009757333,223.50536329810012
283.42512650250757,75.925378466721,90.03418787490445,223.39586363221085
285.98323629140805,77.97351352326919,88.26972653875693,225.39825351133248
285.6593065004796,73.40624179535371,88.11266193056936,226.21687423004187
297.24971657657466,85.39964320012845,87.97896664105016,227.6617540071623
295.3478831473678,78.3488972609658,86.92191858704938,229.74160510789972
294.8268366816569,76.35919612683014,86.84559067916138,230.38714578673927
295.0920839575349,75.8600970141022,86.64626600088145,229.6669288710895
296.77582965773945,72.4916409960293,85.47315726801385,231.1215390044643
297.48910350119024,68.14408927549792,85.6727364665264,230.57813422103976
298.6744762450183,60.953091264206094,83.3825294677948,232.96737912210241
299.75837234919004,67.79566541392259,83.23769577652597,236.08732268057958
299.8286452726428,59.16766008488882,82.483949622728,237.94235048189663
297.9644083822758,59.18929647690486,81.2563877894483,240.5650253735695
295.96606674378705,54.28797126451464,80.1975815263257,241.64085866730747
293.3461445015682,51.65108047175141,80.22808114687189,239.25190622115667
292.41359776029975,51.055668846228116,80.09939914246263,238.98507583050252
293.4144187810166,59.587678251675456,78.70198011395316,241.0881865362094
295.05015200001856,57.20776261709423,78.64127903773507,240.32512103870926
296.2582168499465,56.476768428033296,78.63441008769614,239.1092257918006
