289.5,67.5,64,236
283.6292908560083,68.92812348865027,67.00630466722532,234.4721672244359
279.5031774192336,70.76489021347884,69.45991131677567,232.01508410837405
274.1086495284878,71.22566440823338,70.95498649981771,229.32311671728567
270.1645223627476,72.21651072680979,72.2689043025199,227.41397100925388
266.9952059777691,74.6173633874637,72.65668849307019,227.2283049640691
264.61618723860715,76.62968464508549,72.84986610429819,224.82252221673934
259.67710416159116,79.92375633841263,73.84498801547124,222.46960641492393
257.3512001472906,82.25346394738703,75.17499366637153,220.22690228897036
256.15347671772105,85.11716348554387,75.55692386100567,215.98267014571638
255.09964476513233,87.5549479210703,77.41736006761857,212.37674160116347
251.63245479468463,89.15125448962362,77.84290087811235,211.0903407939213
248.55351840899098,91.71004012611994,78.21541617421889,209.03918411557896
245.6806294310093,98.44236099817505,79.74804172158241,204.95225938959618
243.58531981887876,104.67484275824077,80.0909264945495,201.5052325760077
235.5813821927507,108.55677595850722,86.17312540098045,195.53112521535365
226.57371882005953,114.43411644626202,91.90932693273977,190.5924346878421
234.23242989575036,107.39094907056693,94.94414629747138,191.9596665797352
234.66800935915973,107.03934281028044,105.74634342686605,183.32794677303767
232.8488487113113,104.87557975996336,114.864666648985,178.919003604873
232.82041821039806,104.17776014262903,107.97499730870942,185.37232964526677
230.68418474122896,108.21959109883055,104.87858349829882,189.1685019079736
231.4646112203709,110.5191873560828,99.88276707527803,189.75702206284166
250.10528782535934,99.44271687113758,95.63200392267417,193.25425281239518
241.20690103712997,113.70706983002465,105.93650607579306,183.5320234876386
246.03055195877252,118.28648530370829,114.37410604220037,178.75207590208774
230.3064110198132,128.4752523724891,121.0760424000995,176.96431684997532
232.0127362955997,127.01118236508194,126.4431379041295,176.1519449705636
218.5675383962634,124.4684619002608,133.23457473368595,173.7662955834334
243.02789072817097,116.63134787866736,136.7203336929176,173.63398409109783
280.9037893746288,100.97231470944486,126.3992157212911,185.20869753952817
292.83214900839346,87.48039139464788,119.60247875356643,197.48258609264508
285.3518330366246,78.01186558893762,113.33958088143031,207.53225424306706
280.32740136712795,71.29490862331208,108.88547924697393,215.80353380160696
273.00800137700116,67.26051773999849,106.23765050408286,220.48526136329335
270.61482634541443,66.36789463115153,105.00345508462092,223.99445403312808
269.04914871332227,70.00122271740872,103.64308633452302,223.98518168400847
268.0401597496991,73.82992855045838,102.21471058783433,222.71076514654075
267.28926952338577,81.53561397993043,101.94521015571826,219.0854775090322
267.0951108012683,87.32011160396738,102.76934436478489,214.6402420075098
264.53347706449347,93.24720562747228,103.94117412661879,208.88346130150342
261.86374414899296,95.04936570617747,107.09335715694533,204.95953987651683
272.1910577193748,94.29511803364892,111.08771873993658,200.72176647233687
264.74629987409094,100.21742395311351,122.08994562168168,193.53083495796213
250.604239697682,108.18599612236298,139.25687465980224,179.67408751010345
252.08286058089686,108.43410991821264,148.41390310363866,173.16531290226033
240.56992127293054,113.83504723946447,160.30208545339696,164.52370442072163
254.08843074411993,109.1473586555179,159.0632633036207,167.0068224676736
245.64995753247578,107.36300256792681,161.06722960911117,165.74412423483577
240.8495676180463,108.58968613419795,162.32603136484997,164.0441853230424
237.70080584045317,108.59065797050293,163.61825439818568,162.55398078522094
231.6864879939924,109.29662013214197,165.57046549241343,160.58550005830594
234.20793445780154,108.85548164243056,164.2684811875368,162.40006127368304
241.62991473096474,102.84995935980822,160.1834460791376,169.60594817748972
251.07569586702868,102.0767958572378,149.19756350976854,175.17679701032833
258.55468169983743,98.6047867700928,138.7586772514081,178.50282421400675
277.6112244313127,96.94066589352484,129.21215634839416,181.21983136183033
279.456602979859,90.39528573718295,110.02849172719264,190.74623034066707
285.5680502740667,89.19463697081034,98.77004624642419,194.51479011763684
290.91324271734015,88.44111043903422,91.45234416970699,197.297960029181
299.34743908164427,83.43982234346723,86.6942362463966,198.69285780692388
304.2156898778627,84.00881358048102,82.8191300129991,200.71384902674396
305.8438467725454,80.54949120148304,80.53159751607208,201.5347750690722
307.48106954842876,76.55419699016576,79.35777461826655,200.80294470661153
306.7852311912074,71.90888189111584,78.96418564858155,202.9526747696711
305.5149705441082,70.05820941448695,78.77363928530913,206.17425356267916
302.6664088216041,66.0757101923668,78.59019327230965,210.21487790337332
301.81180400018474,65.27384960158031,79.13653930297335,212.88938186559358
302.155345009917,61.32961685666166,78.71952738929981,219.52567309719876
301.1264887277366,60.09087161659906,79.82324424900986,225.00736975789647
294.8057946305456,60.26544079177489,81.28935473343091,225.86834779395838
277.7755143170306,54.80507361560019,83.07124409581245,228.1037975317448
262.37387482982876,57.58535548380152,87.34512319838991,224.86143295305698
260.1097728612532,62.92881457574177,93.80856072852815,221.36010789738083
256.14383545596615,66.15352241308089,99.056898532724,219.69705153285273
237.38155834193256,86.63381632956585,108.69794980058617,212.701109085625
233.51347259071366,85.37390564555923,118.15481357997861,205.98316704879204
228.65698614092594,85.44437627301338,128.291877043805,199.96360612301584
221.87748783876597,87.61829751085212,135.39546793599726,197.21427701213022
216.77570496548998,89.61056139934685,138.85449394484783,197.5036597576017
233.24561064543627,79.81101124605662,128.70032520885658,204.59009908395754
248.55198312502216,74.6173105496787,117.96400694646218,210.62242559420605
261.4377646268711,70.2774416905323,109.49024972889706,219.43395283288174
268.4358146370204,65.26132597484528,102.0440998314317,227.80145109279277
273.4735253348874,52.86211855443865,98.0004529565717,231.77653982276618
277.22490491623876,51.89617672836525,95.3307225872041,232.990648189669
280.66649165262686,51.5801350084262,93.0568063356497,232.1339132224884
281.66154366900133,53.894757419704064,91.46143000980996,231.58115641796854
283.5391628189411,61.17361181822956,91.53188841670223,226.932188618232
285.0636996056568,66.52478694865545,91.82553725919507,223.29834030669053
282.4580439276557,75.51204375923146,94.55171472885988,218.50724782048724
281.84992061000514,79.11247936765353,95.77802416488137,216.07525077203908
280.4218911462805,85.71888406728822,95.77618223440524,212.6845372437414
279.74113564595467,89.39773997797157,95.46372098602582,210.38421420487592
275.71276995528234,89.91447208001804,94.68817602307115,206.91897490770435
277.9573897806414,95.67084413049376,94.31608429486896,204.08962333147215
276.7626377058061,91.18902926784057,93.75905285722871,199.04885280348265
277.37517299466305,97.4772705162906,94.51688421032384,195.21845547351373
264.2511496420009,81.09857507024768,94.00048465710319,192.80635173669333
268.5006576806715,80.7453903942517,93.65256206273317,190.2615471156018
280.62080989693777,85.72634023875406,98.47410150227094,184.01421103476662
266.61819135587905,84.43158424849956,98.1476983408581,182.88355490156712
265.70144505062217,84.22123995591522,97.14866784384321,182.3671553548312
263.75912140785454,82.50347294603256,95.49194712171851,181.66351634374325
260.7273334912183,78.82094626141284,92.45428661160722,182.9730720666509
258.0246052478888,76.8323515241942,90.37095449352994,184.53820890971002
256.9226652686301,74.0485409695673,88.76099763907422,189.87219249233246
256.878212568704,72.10417095434453,86.01183336157365,195.95816000080535
255.03325258938577,69.17519745957199,85.87790936421638,200.59841211177223
254.60381919901027,66.12806475753251,86.24660155342607,206.82588480721586
252.55537790426433,67.40814600067029,87.60887143959465,210.17749600258094
252.04489937223823,69.18288489091434,87.20454685977934,213.0599444725506
249.29349095343224,66.47237435057752,85.82606849322875,214.37444537729039
248.23479348952245,64.60326293536389,83.5753541948215,215.77257840974403
242.41655529905108,72.58117076825658,82.79423375874765,213.37089329815785
237.73727423073743,69.72120687794339,80.27669821623675,213.75407772398688
232.80924192666657,68.25869350491688,77.34200278409529,212.88407292249352
233.08110178095728,70.38943401844473,74.74148771685599,209.85005990920124
233.8820773152717,72.75399406343337,73.27403373940132,206.9284904879404
237.03411427562207,74.00693968187095,72.3083015316522,204.73945310214518
242.90129568780443,78.80784024167914,69.91916785615223,203.6231437351533
246.64080352070198,76.40596149449088,68.8116979819831,205.18521607747599
251.80588261191758,70.85072038135924,68.0999127167272,208.14799131826564
254.3346889941701,66.88469490193438,68.85263701887251,212.47874990536548
258.16713156416483,62.912472469055444,68.56784926810433,216.11087883026642
261.6969109588483,63.308565208839326,68.75729055121658,218.13336677446574
264.5384200572511,64.15625132833154,68.73450203733347,222.07651096156775
266.59641433547006,68.2163568385528,69.01994170355164,219.34995476442845
270.0500474347907,73.78785438285747,68.55332358382879,214.4483828058545
273.4027807629798,80.10616720286477,68.03653709941726,211.33741863434577
277.3341618533859,87.67851113225495,67.67165299325094,212.09252440044332
280.81052800489675,89.7392933375559,67.38140104453839,211.7672065184669
285.67770799872403,92.02559269987154,67.71824047399804,212.2862749691286
287.5985427389895,91.96886975258559,68.39792042355137,212.13199652850687
293.90302162553644,88.36965258832717,68.93872766510592,212.2336634314866
296.5546890076952,85.55383014113269,70.5200197661754,215.7743208819516
295.77650370277513,76.59231455981552,73.0162429713448,220.25483953237892
294.1783748678157,68.34692651893958,74.79469711533892,223.47940505810053
289.1326537589819,65.91626031376272,76.20451205944701,225.97073448345364
285.724002604066,67.52903132032088,77.98874905021754,227.8414329908146
278.9594514127385,66.7639870187416,81.7254529801138,228.1116358060093
272.12908629263666,66.90614693727383,85.01498361246837,227.3519898182891
261.95851793582307,70.278316687261,87.52604601579274,224.77697471635554
257.5074997517525,73.4142125838618,86.56506530171957,223.28629464037806
265.9186476537301,70.44670044316058,82.69801928414131,221.6980478379487
273.64622680671994,70.85517860398483,80.99051684669185,221.85945330171205
277.84275398449904,70.13182181907142,80.84976370725917,221.3220959744365
276.90123467761896,67.16437670878969,81.7092698112156,222.9803939403613
275.25725816106626,60.63956431710379,81.95448989029575,222.43109217954364
275.9596935567722,59.9117611334008,80.93028404353252,221.618652883116
277.8039955659633,59.269397536585984,80.32561147122578,220.62208549247134
280.84142050069636,61.37861339925399,80.05040654881165,218.02297785523194
286.7931100024091,61.51864324032125,80.25642447989551,215.73815695407276
288.7242675383468,62.24299864226555,80.57551972067273,215.0654519547229
290.3087644642599,68.3930773606444,80.1100335306659,211.015474762411
291.4190674199494,71.94780485581721,80.98886914760729,209.3116889844067
296.278214562869,74.22611708334054,80.30213575959522,205.12149382847616
299.04096141380086,76.12906973647084,79.90590450508861,201.91835455920287
304.4373220297354,78.20923021190822,78.76942659749929,196.80823496473909
305.91892237810276,77.9201742374941,77.84448254596721,193.47538147090987
307.09656525544386,76.55492903216441,75.86165185176708,191.35586434754214
307.68802334533785,72.4751008337781,74.92549978051774,193.7648951339632
311.5938938624931,66.32599579895535,72.18166703325565,198.8663722057144
314.954457755727,58.441538257082854,71.34381284831974,204.13592815860002
311.31732603821024,51.9329442984489,72.50571962060302,208.81346496807984
313.96884683605924,49.60481188004016,72.64262324585235,210.73953428258898
319.4897044930384,51.36309956934747,72.9750915866791,207.16834451279647
322.04349513666807,53.76301184557974,72.31901643726775,203.28365224449635
323.774395214172,58.38122834910948,71.47872774161044,201.01575704490148
323.87300251337655,60.7825727887074,71.0506490206914,199.52208272449775
327.1652924638831,63.733945723980526,69.7332552845343,195.60652590844063
326.3444138240801,65.47856046706997,70.2798089260634,191.3226489670463
324.5401451473339,65.53745519491265,72.68978544562495,188.73218323420028
322.09882976236776,65.23180141444787,74.74057999195485,187.9209763565007
323.42027706651317,63.318036798980614,74.717730091916,188.53963398442312
320.2626769409197,67.24568848183114,76.18450018639523,186.87520900998794
314.18634084826914,63.787470317282086,78.16686521227243,187.36913280780553
311.84674195631584,64.04434149756129,78.21959433773176,186.3386424361349
316.54519021784506,65.3884652463475,76.8973018490972,186.5239062529546
321.63101116566054,63.53789323504597,74.99636231552677,186.87854964041054
324.19786792097744,66.61506721030261,74.08718999217935,186.14005280607768
326.3059536363805,69.93738203189451,74.26423564816524,184.57319101186238
327.765137793359,69.07634857269443,73.67634981711839,184.57311201523112
328.21034539552534,66.25041645542193,73.96976082090029,184.65505046471142
327.2000905265568,64.03878164333406,72.83715194845533,185.17157990028852
322.55828339571866,67.16810503256862,71.39260344462863,182.82535768618098
316.7645297279883,70.17684905011163,71.75327457556057,179.60092375494628
309.21589500401706,71.01193669830855,76.54632954596404,177.08025103394993
303.43391853257503,72.21498381497497,85.6916602335227,172.08157958160768
314.0727058228653,72.4564071405341,85.57876804124787,169.31224654323663
311.27952685944507,75.91147439864918,83.47825682364865,166.1462021072677
310.6500146211821,79.00918502958828,80.46176192914191,162.6753420598365
309.3447890200688,81.33414104543778,77.80088039058481,160.60594398230012
307.0621668289946,81.27878969545262,75.4852668282447,159.26103116179314
303.4158989785371,81.54647538732446,73.69649225694288,159.45680122607038
299.59322922857376,79.97506380839356,72.60131795529483,158.77100347328766
293.3938872322581,83.1683874040275,73.71570209746218,157.44071891095655
288.61467793718214,80.47584172110673,74.3946641675336,156.57773288421996
285.0118208348814,78.73304319112952,74.59297404474246,157.0151963324953
282.33088242110347,74.69305124452585,72.4826242525779,160.29250783953322
278.14299102241785,75.361459245199,69.63807681160685,162.48423411838405
271.3127564720951,74.49062050762166,66.80646903847311,164.4423611671748
270.2463682076876,71.54587104549906,64.45662961956461,166.66684653970796
267.4453473922263,73.52834868834958,63.998877301360004,166.60784418445735
269.06980263917734,74.06106679028103,62.27577991018019,166.293594530258
270.7447341680682,76.22730417292057,60.34725731794418,164.62133871906522
269.81264110582686,76.87887923077557,60.28314365776641,163.3182122149036
270.45908179805434,74.6903496714443,58.50055775380126,163.5692680681853
271.12314531782465,75.0307030787573,57.54126434553764,163.87282664061755
272.310538575413,73.41282505757968,55.60653901214471,163.07429046190344
271.72859914540675,70.60489683070217,54.78451246329787,164.4090504572234
272.42035204656634,66.53416785326161,53.23085995725863,166.20961800454228
272.5663303193886,67.86911208627741,52.69434966682117,166.65592688615166
273.57994962278343,67.11451854365907,52.86368431747783,166.5438712097764
274.78139684152995,68.1951550715931,53.72647043151364,165.38495861705073
275.1346344014314,73.21755324668969,55.881263593647375,162.26556252396816
277.19250744039135,73.5202226640212,55.756427092143575,161.4445866312855
277.9500057584725,78.88710279558038,56.01960175686931,157.72387978537296
278.267468930389,81.47064270657307,57.2282489832878,157.05108125534923
276.6468265784171,84.6692624071915,57.495672708151396,156.86640393831038
276.2253611726934,86.5001869257629,58.2887165069085,155.63394604687375
278.0325288122499,87.38176793663426,57.70653507262887,153.0092801260336
278.51677263601937,90.53491154875834,57.525291864215006,150.89883898256545
277.8059188979296,92.57556434182021,58.76002277348378,148.43444683428504
277.5652065653408,92.34246631019694,61.49248098320173,147.66499128524978
278.3925993019074,92.34910870883805,62.44099584309164,146.5417847941657
278.90961639335814,91.18314036918085,64.03494594554483,146.0439411332854
284.1183028779674,91.368096818722,69.80207462427546,144.43189807387137
283.7513631069818,92.0386777910889,71.99874179442057,143.40888387784628
290.75393245234704,89.54284372442405,74.92441593938332,144.07495663230026
292.5965333350035,89.55727414782382,74.01379250697141,144.234426316621
301.1842096689173,89.9888639894533,71.70560540463465,145.4033642385714
300.32762445247755,91.90828036186232,68.56536893138612,145.96541850623504
298.6856966420445,93.1988545487551,64.08854721460577,145.00951486912095
300.10155635366704,92.70098593146437,60.16762800994282,144.4256256627005
298.57678969049755,84.5461124385908,56.11087862525279,148.84455691358437
293.7622013869035,86.85745096674853,55.10485091725542,148.90433587380943
288.13314887881234,85.4370753623692,55.10855472646746,151.145499701682
285.6228389686604,83.91880042809501,55.74178774791267,153.27941119447127
287.0474102288281,82.05703499920357,54.96704040732588,154.76004811800428
284.78680911263984,83.12885653669676,56.21950818459368,157.94789412916901
283.62406543256,82.02882160244137,56.67461132844481,158.95526432688817
280.61672100114527,78.05515386938313,56.292596471181476,159.86548040442432
275.81810864483845,79.27795777757171,55.79308236848745,159.15501851452268
272.6976200130974,82.24785069848359,55.76225529923646,159.28451901913448
271.189365252519,88.14979115372404,56.28304061919083,155.1446877340503
265.69230579877984,86.28674015742564,59.057430103146174,155.768646677407
262.8142825152859,84.42435782273932,60.09516536031961,156.0932319606407
268.08378564500384,83.53861603317927,59.61404713188965,158.63935937816643
275.1504023398471,82.87867549295837,60.064464331192355,159.49236335575637
279.46988696683115,86.74412765423564,60.457272459121214,158.94196049423087
286.2944897073681,89.66736107309981,60.57241500813763,156.70696507106857
290.9999650068024,87.06235325292526,60.10106153909079,156.3017882980876
291.913704329997,89.52421784507015,59.879888372704926,156.8391530163857
292.2740606679464,87.96260714393176,60.00337511582785,157.9570944008097
295.3860693267263,91.09828875080294,60.48832214610739,157.38261009713204
298.95714605885206,92.30582411004399,61.3375145642716,158.14733392859196
300.8692564656766,94.94635720836028,61.81291724000248,156.59877162295058
299.85289617099187,96.97225276502311,62.63967409855979,155.16365731702848
303.78943174451985,97.0297884081144,62.91788049361814,154.5685560306361
304.7442008085976,98.12445484579872,63.01994166775442,154.886235522516
304.0886978851629,98.48956543037018,63.457564469427375,153.38538882169965
306.70457232748845,99.35790886539864,62.83043699514616,153.39815501942226
302.81610666957897,101.09157035556325,62.87127478984688,153.8255328047028
297.28236848768233,99.85601120974192,63.3966006562037,153.44257900238182
288.95463107034413,92.71645718071412,65.39505396835807,154.14240620716595
307.9066896973216,112.16829916425564,76.13139386772339,143.79564324533192
329.29364978724897,117.17689857360321,76.95301659558353,139.06816448507794
335.9232153512186,119.84310246751335,70.8046056252676,140.35828668077818
339.95230479635234,124.00997762651272,68.5012051201625,140.80905460466175
335.2539793893869,120.4793963740226,65.91731756586823,141.41257407756802
334.3274714584982,123.10726727468624,66.46873595164001,139.17727714623587
329.9155615068063,124.1217459641316,67.20524029563668,138.11076794706696
319.8237428871488,123.78686279363346,68.13209881791073,137.393989583626
317.57461279723486,124.3010945911549,69.00404101983321,136.87374773407416
307.7717057745293,121.96388617661616,69.0219854210793,137.3721062707627
307.2814722846203,121.48691901695705,68.88978376743637,137.84865477112265
305.34181944562386,115.65032490482325,67.81470130379715,138.96641639779503
305.6099977407775,111.50311743631455,66.55850126628151,140.54548070691325
304.25506322612546,107.14053643346084,65.04212441545866,142.72880740454573
309.9839329274214,107.76445710415739,65.90808687138718,143.8468887525905
259.47995385907006,107.79162362000146,63.810408411410165,145.08263674507228
268.0936911570096,106.40065490759488,64.04533234458393,148.5283062217348
276.85838487034096,108.34469152803344,65.66395517182738,149.35241025746902
274.2785847594704,109.10792422449279,67.79911033665323,150.93490549305983
280.9966465598858,111.74293848365566,70.02650754881077,150.36639026513936
276.76541752871213,111.61485498219844,71.85418377369469,149.98586581698112
269.94698934381034,113.66997757437966,73.91423407507784,149.12982824370266
269.090318132265,111.23556828502188,73.8032329360424,149.09698161169433
268.86446604389556,111.20287466422332,72.21062606618094,148.51036693592926
267.38221763929215,113.16823981764873,71.30327238481766,148.07558041379218
264.65479623837757,111.41234025212356,67.7977594279798,148.14173111306457
265.3889066420602,109.16724936306494,64.86197761406859,149.19224805048356
262.75082497270853,104.31009805460212,63.51800612229705,151.5301850057881
262.66767446167967,100.22450947112324,61.69533650703323,154.14045004048268
264.4561842516738,91.98910655465376,59.329582133382004,157.8836271655359
267.7765342943118,87.0123922105432,57.8432657074688,160.3686653889743
272.0805684603373,85.38645862814953,57.209098647237845,160.9238346033985
275.15310110535825,84.806093873394,58.010605660968,162.16860676635096
278.6774754310861,93.30537887608605,58.05922286568282,163.03990408579597
284.1926847939534,94.31150412579846,58.07839520440142,164.82347453783294
287.235558598718,99.44606800215965,59.279121345940375,161.3735716195527
287.0230962793293,105.96901166639948,61.162121865722,158.31199730224247
285.7636020554651,114.54965242076254,63.72219733736422,153.3743981970808
277.81551203526186,117.99199243667223,66.05531184890118,150.1783854626247
271.31747685433004,117.71226789874203,66.61858763984196,149.79257228520066
271.41626145847084,117.82820801874377,69.32388908662017,150.5060847134444
271.31376977510087,123.75615422990131,82.31134983220532,143.5618706053383
261.2759643844509,122.50157525943717,92.23519002176941,141.57462008374216
249.28186427396648,121.39535301978304,101.48821510998681,140.19469214560047
241.87589729055793,119.94278894334643,107.7107888396823,140.91464726380573
234.65280549429542,115.77073818108798,109.79211666591094,143.6789643950121
229.07377443422843,112.4416823908043,110.58884780002197,149.94947561327857
234.60937122180655,109.68640484654097,111.55507735871586,150.70715203588117
232.10548551497115,108.79804333307857,108.42844268260393,155.8134689596718
242.38341847694122,104.75701072454194,110.22905068139329,156.01845802775824
241.01930411415668,104.42600199888078,109.99782010215282,158.51281130881537
245.59637056085953,104.45732482022805,109.0914889894478,161.70725671150046
243.7713734232423,106.48566721673818,109.5008764798617,162.3129139900134
240.2851857940082,112.08276908505005,111.86945573308083,158.30497715249857
241.42266639037024,111.4122974910631,114.49501677241246,157.33269125645757
241.36082008323672,112.37345071828443,116.65525037178693,155.85985046425589
242.32607529114205,109.30387048008241,117.56394998939302,156.55384959803908
249.6529562219021,102.18657556740666,108.64532606732605,161.39051976854438
252.00152669778464,103.23391523698878,101.75337925504155,163.2836817971017
256.1388968011574,96.90998428854806,93.84458948369607,168.97513090177733
261.3427538091808,89.4703818314744,85.9796012691171,174.89448455097104
269.0245980781128,85.26861634988894,77.85304241951609,181.45115188670817
274.9262431376224,85.00447529354355,72.45164067101071,185.13863919768693
276.60605396500966,83.93409978478736,68.85492385396377,186.54741346768648
279.0867516845675,85.24305217036546,67.20799608338149,186.17989588830275
280.1419733437517,84.72730976419206,66.75929473698265,183.66022870975905
282.34372367653555,83.69561292933606,66.52759277746962,182.9758988000643
287.1588281923876,83.38052135975833,64.2351456247328,183.30804536390238
291.0833931085154,83.83562984113505,62.791251559841754,183.90210348469083
293.22185797151786,83.25102241436808,61.26604107021071,185.9565838673805
294.5787657300733,85.17617969416487,60.9654240241691,187.11492676323124
296.33230305853533,90.78845340486268,59.80433501826135,189.6099876487204
298.011290326717,93.184195781378,60.25378645769754,190.66679143176154
296.45353736786626,87.90663350666188,59.09667837317126,194.0639851302111
296.5773144087402,94.66581324866758,61.17202005672789,192.16940875777198
294.49199979397685,100.9118528613825,64.36229384468434,187.55164384050863
290.96002871969506,104.41836074969771,67.55239995275105,184.7817797286121
280.4214260095441,105.87707303657163,67.78603466382448,182.32597712480253
279.9079984309992,110.1702350843876,69.18832356391434,177.35157934638556
274.4203932311901,108.67801072219385,69.10925082144274,178.52314040216345
275.5376109125889,106.24257123120229,68.26581882893012,179.86135270094954
275.2452701618063,103.40456258838901,66.76018951849886,182.69558813194658
271.9756730329499,100.86966417829672,67.36189331295486,184.2870595851573
270.07417058287166,95.60962189694786,69.38939994212286,188.66339014242288
265.70355104568836,103.39653364720273,73.06797355399559,187.27606146918365
259.1378676087878,105.62554175941638,77.79828986016972,185.8404086690575
255.44906359254645,109.72491723973795,80.6732194983348,184.11513984037236
262.27097547280664,110.27441558831626,82.86130396382755,183.23238506917056
259.03426526493877,113.00347011447528,83.91540141203399,183.0431468473884
256.2167411632112,115.26546166888784,85.26051879502403,182.0336192954328
254.834013906762,110.57280110691963,84.25906561596689,183.6158364955716
255.09757040253143,103.92728708144259,83.6342639122484,187.39483966707013
254.83088200865365,98.45357642074683,81.83487345185026,190.4438706953403
252.4618085995255,99.66271614479419,81.58911781573036,191.8479617764204
252.36716168321888,95.62214316347536,80.85345204837184,195.27094562205366
251.07833997326716,91.28190228067518,80.62602864431591,198.26804058498067
229.5910375439337,87.78891664330152,78.0596865425336,201.03318523390402
240.85663717826156,84.13701676790754,78.90935618562105,204.23475634318197
236.03650912446457,75.47883521076669,77.24843050000214,210.6894384729666
246.41023566533644,77.93928239777287,79.54226770146154,213.49202241621498
244.1834557590014,81.17436281688805,80.90058954377947,214.10181429481202
244.32261950412777,83.3352083766309,82.34010284427526,213.89791959637733
242.4271910335945,80.04022722809026,85.67934179937797,214.2752220576432
241.88412516768815,77.76209859564152,89.04574315399344,214.78507686816445
246.6699429352359,78.14107158298538,94.57020079669337,212.7568392074187
247.3643712147776,79.48476162144352,98.61198064355476,212.85489886019295
252.27477926327782,79.81089099654965,100.77618041569495,211.62925022217095
256.67562037778754,81.25207930154941,102.54586163577224,211.68204211688638
262.036247436015,80.60476052092108,104.94017281930503,213.6291477038274
264.2757675666915,78.50170894087162,106.65616038616861,215.74510479916802
267.2884254492021,78.70035458311953,105.1269178671496,218.35244169612972
267.52891702916895,74.92276212831831,103.86001831918117,221.7352046735117
254.95148235678758,66.78038325566536,98.97893032751807,224.9989024288884
257.02909272499,64.95420431408755,96.66437218972314,227.16483193203152
256.84817567353866,65.7575330588185,96.9038704712357,225.99774439267338
258.6492260567144,70.01790418938747,95.28067168719173,223.92195938785258
251.5048489817808,75.31588108336615,93.33692194606763,220.25796713630268
251.8040104580908,77.8031810498142,94.25032048526128,214.62076138132025
246.67110547534162,81.50396176620043,95.33635425904825,211.745920472382
242.76040433069926,83.65134289687437,96.2706768326042,210.80569402913412
243.88983809687497,82.86464835799194,95.80946917421515,210.15096897878618
250.00330793747213,79.709821887924,94.65545219962482,211.46237906385005
254.97516392898527,74.66578325081197,91.79368277488715,216.4422357608341
256.6136258076567,72.12659800427528,93.5903550182156,217.07869932489137
272.66082920955756,69.9267364680035,94.4360612820409,216.5639383733871
272.4563548839011,70.19824218474457,97.58181608760486,216.49869613593842
282.5804427170743,69.42442889451672,94.89209302745974,218.8444424997956
286.58179519156806,69.0367306982527,93.37690925004193,219.94411185274808
282.92395645178067,65.93175976010937,93.96380026111095,219.7793941907657
281.40339252844876,64.04264710369785,94.71226429513746,220.28307335719592
278.44465462240356,57.09521671692045,91.79291759746215,225.97435136707884
270.977961505064,47.137232671527,91.37950207432884,231.03648435196973
257.87215233314635,44.37681340981324,91.42169254646005,231.61907042636162
258.9685375218993,54.70612338721895,90.67585949157068,230.6315301071703
261.2376353810146,39.23833799754985,88.07575481299762,229.72227132718234
270.7869930707524,43.12356838108025,88.16092500786293,232.09709139813424
280.76993276187403,41.39333230138958,87.79572693055124,235.20850606192155
264.08319686678715,35.97105081228544,84.83297130373279,236.1259497850639
257.1220044160488,40.27805752715983,83.94036139319783,234.10865132876484
249.87136270098688,41.911107552542475,82.46646133638316,231.81710730684247
257.9924766308386,42.9453363647832,82.1323202534131,227.1048978226961
264.86966264754227,44.62442266484581,81.37391894601895,224.43562891195535
270.90502509960675,47.15166400443225,77.58151149336705,225.49513177126514
272.4242559108678,54.7851441613215,75.74027150761708,223.2012730733924
268.0238328413143,58.433049893908844,76.88318012002128,222.78602725152825
263.3740874084846,62.09496075593651,79.09171334407901,221.84062635724587
231.72685443383727,74.4087648367306,89.56861719010226,210.0465266871738
216.49198309527682,81.64146728556386,102.05165790189113,198.68215285449446
202.8926879454302,83.88599988976065,112.58836961576895,190.1197849002818
189.41901774297096,79.91995500615974,112.5466314989589,188.6111131013215
183.75631756148968,68.07128769428803,108.86062687077158,191.6752442185952
191.26211728792066,69.82528364362943,105.79078366638376,195.86286999569364
195.95940182621226,57.03033947321927,102.24811278315991,202.62019684359404
187.1058473883834,45.105791444942696,96.68401766406662,210.56986548620677
198.70899988960068,53.42778179581981,87.80007365406374,219.7226129186078
204.3328382548499,56.3181345038588,82.17441430714075,223.79875049721977
209.41261925500308,47.76040834908032,76.26796319245447,233.28323948127624
211.17654993677627,42.32717756452581,73.04927070412555,242.3040636097038
210.55035024953492,37.940294422147545,71.9047300857036,246.88189750615467
209.53613722433573,41.26227906522843,71.76205647332117,244.08446128006676
193.99678786680892,39.842316057624345,76.19026728859454,239.42210086110134
182.92368041057523,48.4092609276035,81.20296779676502,230.919504417957
165.93920494011434,55.56951528853378,88.26936136463993,220.52338076689722
145.5328145492593,70.74053649814306,109.19936016392813,199.88514331746626
203.8260694339604,68.94446461829365,96.63007756737753,208.94925143644852
205.90733282960304,69.53620530903127,87.66701748141449,212.83678684345594
222.09884842412143,73.17192806723511,81.96971818019512,211.07021651015373
220.27550067207383,76.0082202899222,77.93530187169875,207.87700170512989
217.4623087957249,82.77663797839527,75.89810759094932,204.09409355901872
217.9238789947019,81.27357236705366,74.26589674888827,201.02636413640775
216.9731469388617,76.84789716877883,72.06282814191023,199.7620204869369
212.6062069169427,89.1548986214508,70.89395912416379,199.67620437968867
196.41072531432476,81.23577861137997,72.12832900664576,198.20805554484986
196.29137507548683,80.10354343803778,73.55171614508825,196.75817757534162
214.00474588609728,73.25164054530705,68.58709648736829,206.39099661306136
216.83901900237942,67.45510547450154,65.7727129478277,212.58867815146195
216.09821599056,72.03289528542948,65.64009859068346,211.16675541284582
217.63826470956332,76.78426458367743,65.75459362856795,208.6536627742967
218.88697800970658,85.7867930983358,65.75031916985245,203.57067815556343
219.9280169202575,91.38708968220615,69.80482324648622,200.27144740695115
220.215927139185,97.19870954784176,72.49100336939173,195.97410441563966
219.7642516534218,100.67982194407148,75.14954721678018,192.832101047283
216.11016971483286,105.36833627970557,77.785682075556,189.69181058097087
215.10554915532512,106.32363096309527,78.67015422217463,188.84608084286884
202.2466270681,105.61223805739039,81.05191403078018,184.14155017936406
191.699787658228,111.31375644372164,83.69147412188644,179.41724151033924
187.30668865691496,114.32572362415361,88.44458057940759,176.63458222157308
182.80781707946187,116.66478954009177,93.72282581523109,173.32754914648692
177.1257292784296,124.67642481121341,97.12975463690015,170.70470260784472
291.5602993079626,119.59688689868956,93.1498815456075,170.03779347805843
290.92714693262576,118.34347813381792,88.06027742558419,170.53760030948322
277.9331182239238,124.77986874513685,84.98473811752424,169.56980451470181
293.572943356901,113.31867506843662,79.83587856201905,170.64531381634447
293.5914978775782,115.20022530974471,75.6683192719464,171.91677353728053
284.3850549882716,115.3488047822406,73.66400305471001,171.6496378392923
287.0554461164923,118.59994956357563,70.4545996873525,173.25505434656853
291.1390418187523,113.91986193437356,66.91953795202198,178.8562829477919
294.1060211724813,109.93670586648162,64.57500766939921,183.68476506457858
296.5060908133547,100.21709258323939,63.66906203694427,187.8034502492271
309.29743189545735,103.7459953636833,62.355361806332766,192.12746727439884
309.3498105173106,108.42764268583679,63.01566015945475,195.72630413033602
308.73167436652255,102.4417371693991,63.438458640344535,197.17768269098238
306.7180920251537,110.59191422150798,65.57607955133844,197.30339403171092
265.6435539241669,110.46105813036299,71.79608623426913,199.44201964230749
273.7117660869285,106.86126075957111,75.92265858232983,202.41909689350427
267.5678824802907,103.39417675957662,78.55350154786385,205.8875637902828
274.08981754866295,109.82107378716597,85.59728933958604,206.14172376037266
