16.5,88.5,19,51
15.813075041398152,88.4056403865684,19.06114675477198,51.29400809004528
17.89293644624619,88.27697069926404,19.346230997688213,51.44374526325181
19.620898503383774,89.35503219443152,19.393232040960036,51.40324765438657
21.19988819877078,88.4169766457495,19.575209410592525,51.70499134776654
22.823357195688846,89.00353954450966,19.684947280022378,51.73588545438285
24.48152035880012,89.05800673054887,19.78156193280374,51.86028632397985
25.566900258501455,88.7231998463091,19.918914754708435,52.02883233485286
26.740783442506263,88.16670835930972,19.993736973506074,52.360321943087
28.295496536898025,88.47029007122647,20.179748835946306,52.85763807056881
29.78239215174784,89.0430626580803,20.24095888417026,52.82416965619953
30.577483869686603,90.22529307931627,20.579758540600782,52.34636652857134
32.15956983406073,90.74099764311231,20.419418952092997,51.93675162476468
33.38112770150054,90.95979822063397,20.49319469670557,51.48183786292471
34.97085418381677,91.18988334767337,20.283926058244987,51.223392734158715
37.34094421624194,92.16578266711684,19.670861719865606,51.059965419810965
39.52907003718654,91.99795192849344,19.054334456562195,51.548473591050396
41.01926375560659,91.70122111224174,18.83871681227888,51.71474596283257
42.83204701076331,91.39938847022614,18.8826446924531,51.85811908635277
43.63965681593314,91.18260209206383,19.01320817270488,52.08144420683601
45.71787239494706,91.90853490804133,19.187415423337928,52.62010191319888
47.190596473287954,91.6486641279806,19.23646456585046,52.81578610289607
48.44208689686016,90.67296017037278,19.608787225557247,53.396721706138145
50.25292683411841,90.93508441622672,20.24240405819407,53.90183744267888
51.90278224711128,90.12949455436636,20.84995603433235,54.122684944414715
53.28042862379234,90.08223360724436,21.41330780459084,53.63084209256496
54.23758906534176,89.86158479226894,21.735249242964176,53.32161698978112
56.08948309534246,89.48137625173901,22.020516816507687,53.20844926392189
57.640768979393286,90.3501016964207,21.72852530200712,52.5487845817576
59.971621546987954,91.09529633090273,21.034445546380155,52.29102604246884
62.15387385681369,89.92168273241701,20.300383784471002,52.297872570800145
64.28007457623063,89.29672822395787,19.94916571241262,52.47895014393178
65.9410328322632,90.03744594170799,19.628637034896435,52.583396895321215
68.02126700482344,90.59900914843797,19.58517165379572,52.46107407168212
69.32754596915518,89.97120712383682,19.504673871464043,52.60244033554504
71.15364385665004,90.1853385935664,19.71895987748018,52.713549244192265
71.9611511270125,90.55973168484456,19.977647743638506,52.72162224494742
73.58353843578793,90.78197358432988,19.508918210087266,53.34513208687645
73.7824260338669,91.47812520459121,19.663327893709145,54.38173171080997
77.12988429281216,99.58751606063115,20.29782812768019,56.56054063593713
76.00124119903407,102.34665686995578,20.97089640923815,58.1704962647549
75.47554498026594,102.15429597800284,21.787774714632345,58.916701115934885
80.26464515295429,98.18348895686424,22.11427750951443,60.500980067574844
84.69895024620817,91.2193864575554,22.081097468270357,61.58865753170767
85.21259688416544,89.52198628276466,22.10953429680221,62.57501562245431
89.97178650950079,86.20496342341578,21.88874148717155,62.78777523504247
90.2691157668271,86.24756784143688,22.12891212414935,61.745795025251496
91.30500392408302,86.56290852456371,21.718133438803147,61.581424756142894
92.03204564661777,86.86176263668399,22.00690601942943,61.447870566755306
93.01940010318195,87.00607733482568,21.882004607140317,59.90345510918503
94.56880952772697,88.39878805552857,21.53717521613438,58.91019191381957
95.66986230465542,87.7004777312275,22.00620937937954,58.353853501752795
96.90273864557555,88.66648912157412,22.155430957869477,58.19112534061978
98.91354706869379,88.42600649866692,22.539976373595895,57.99572342277602
101.15115823062767,90.00237258087782,22.220531980941495,58.3792406575394
103.34235295683612,88.78818247760165,22.125840797414966,58.84185085791195
106.04547139558537,88.15804978412139,21.467200183802003,58.59668650015201
109.04477541638249,86.65851906742749,20.943640207393287,57.141172871741695
110.9913157209878,86.83783040972381,20.199102479194647,55.62320444110873
112.57076262631598,87.27766807882513,19.86474952203863,55.44302227269063
114.47028513863046,87.5519333191337,19.63830986888491,55.00883808766866
115.45004168777658,87.11621942247493,19.44437444450471,55.67029945985887
116.598669150491,87.62686363855485,19.129914519152162,55.90267027605107
117.87656445303625,87.60716658668454,18.8687007973777,56.03252672169633
119.63335604051431,87.54800293820395,19.14605838398772,55.81213822695526
121.10316183737726,87.74501135827344,19.614701413674926,54.776269663622145
122.49395898036224,88.41880765444189,19.84474624589957,54.087359715652475
124.34561370994821,88.99042612230602,19.697279901580522,53.49538748319797
126.23662801066148,88.96776993848971,19.423118636427184,53.34249157837347
128.50447127349537,89.355367229332,18.762825739833495,53.71470488605505
130.05218150539682,89.2575668925063,18.515710739821486,54.04669079191659
131.92235235278284,89.38007468520593,18.18319952181031,54.389167314862405
133.29245118814063,87.8198919169339,17.973901614202045,54.51781408233295
134.99314766932997,89.63038632997566,17.595270235151606,54.822738828560844
137.68452599272536,88.36446656342926,18.327846668652555,55.826763019704174
139.25112958350164,87.73939314842809,18.62891010744608,56.34984553820216
140.5673653893024,88.79401342026918,19.370946399897257,55.585749027951984
140.7444924430035,86.69929455022978,19.96074588279275,56.75858568236795
141.41939511253304,86.60178984167376,20.90020879896745,56.49597918751938
142.13306319513538,84.36284712921785,21.615887064762543,57.691617069096225
142.56572609123555,86.51403061850772,22.39344230836695,57.27729754725784
144.6784615260735,86.05881445124896,22.93772966317833,57.09162716723675
147.63363611076835,85.77480446868586,22.769139794020596,56.56799140116179
148.909200745941,86.8694929861472,21.790881016610463,55.355850994771544
151.92137194976354,86.52808879766698,20.961133469042313,54.73532823502849
154.20292495444102,87.80683937485092,19.628463307923397,54.04733987706257
156.8644432465292,87.23160422955456,18.46723139980299,53.481177563056285
158.82385383056254,87.55581803230677,17.75271993365583,53.34542679261199
160.43595612421007,86.93113314172659,17.554027564836108,53.22697821821205
161.5135297068801,86.94855739581342,17.484238542348848,53.07550049694366
163.78376436350405,87.36203403055154,17.681152594732055,53.299443872059726
165.59630558382534,85.99240359924737,17.87246519841626,53.20522151552135
166.49197302554217,85.47597511514698,18.392941762126163,52.228007682940884
167.94727092986935,85.14146844595476,19.00451077509655,50.012986864526
169.55586263833254,85.61957859965248,19.261241266174903,47.86772899571392
170.3004043412138,87.505729484311,18.84762330116252,47.07951779303201
172.0173941278869,88.2827825709396,19.222209821261163,47.5028995414896
173.35852145030287,89.02370666798245,19.12418536098424,48.71822208180941
174.6767642628942,89.1760479182586,19.025963295142994,49.78893440242411
178.67421312661332,89.18883270771849,18.014478787156698,50.63751748387419
180.52600259643938,88.29175851532565,17.39823638772675,51.21514102925862
182.25162937938418,88.67544809384657,17.048662862196625,51.53844461719665
183.778288158921,88.88534366044648,17.021918722693954,52.189356156001544
185.12081254008888,88.93724920987678,17.186396604111238,52.75907188066159
186.94652685571194,88.04975114273053,17.865678860774047,52.410254862640876
188.3545409635212,89.35674207353688,18.742914414305282,51.72075808842287
190.13705534479234,87.99741572892196,19.689782738860195,51.41240677412794
191.32883340718374,88.67618558961107,20.20407808120995,50.94789733858498
192.89278350266454,88.70045374227962,20.267048652119662,51.106893513606956
194.13156866233993,87.39917473931665,20.17058304048682,51.10904487280439
196.6058525392346,87.24069248768544,19.739245797409154,51.55816914560188
198.14587279733178,86.45920715640052,19.3636492127944,51.4386196570334
199.75717449504114,85.01218714892661,18.603071221352103,52.172083805281986
201.05762093356265,83.44009845134374,18.4684464069006,52.21326199009006
202.68112993589142,83.22452137117433,18.359848745642143,51.96746647057736
204.32717231276192,83.41917239970421,18.309514709064228,52.25438500935425
205.54458579113665,83.65583743257699,18.34235151726835,52.80172333102171
206.5050218984721,84.46478860870506,18.206237035942486,52.48122121489533
208.43819028247145,85.20088640608057,18.17821360908455,52.21587340704769
210.02342216413945,85.46250980815344,18.73798732972684,51.77614386375143
211.5266367059539,85.21443332714948,19.26962177225148,51.73287365805382
213.52531412207816,85.535052510409,19.48655088317924,52.00539899345051
215.09176424456416,85.76696159013485,19.77860982094649,52.19386563500514
216.65332624976082,86.71867644613117,19.746780576025575,52.000938428314925
218.476558465856,86.31999895869106,19.55406365474525,52.16915243010401
220.43407474995738,86.09763573028424,19.30770317135087,52.029251497009824
222.586922175115,85.73989458289955,18.92290008281539,52.31093228978984
223.96086374351825,86.21710900722046,18.32701332013916,52.3961993001034
225.3183065674244,85.85705458057282,17.940896640908992,52.54276645255868
227.34788004159648,86.30668509184758,18.22183043063243,52.91858289220552
230.14707363631084,86.92530971335458,18.46499931343888,53.11097251180138
232.25559149439317,87.6166851597442,18.66490190217528,52.72415091980721
233.12475590405643,87.27930535645518,19.048896119042627,52.305125478854116
234.47005346596586,87.76026758597033,19.800479244582874,51.58261860257413
236.31578077196625,87.74781696500692,20.48940335572668,50.8681216630625
237.81115993639108,87.97811061962595,20.874155242636277,50.537354953976454
238.66510091029497,88.07156146545,20.840056954763483,50.25303467839883
240.58067427666475,87.53265109629385,20.209209485024388,50.2345424169858
242.71554705891592,86.61656138166062,19.554044074941018,51.104084421783256
244.69294697195156,84.61120536003561,18.499748599532,51.71898586093781
246.67185003433985,84.26666475365921,17.68230116120253,52.008469756710234
248.30836334103032,83.85571391349472,17.08362528634703,51.82349973675234
250.139955044822,84.9768428096989,16.97363115641261,52.253739455254035
251.6744853915221,83.66368513205123,17.012322547744418,52.202455142046574
253.4006917571765,84.53414003235005,17.33625554626351,52.135809653239384
255.23755739933938,83.52351139979078,17.578185596929174,52.41738615129863
256.21789600510425,84.58900059688284,17.842825148323683,52.30708627731711
258.0354223709921,84.45221441387176,18.507103127912707,52.224717705343366
259.5469233132575,84.8865413977163,18.817224688892807,52.41262806870898
261.6138817716422,85.12514507122566,18.78646195455752,52.670855671088304
263.67766388308434,83.99068324694856,18.384311769377582,53.43083266246171
265.3112330397985,84.20759548642776,17.947947047944613,53.60105047514455
267.2012906355031,83.81749514814996,17.981651503370664,53.386239881653935
269.4141406227632,83.23964249658118,17.79634135276395,53.455801810348405
270.6206914914139,83.37409792616927,17.68737517645205,53.49454226233139
272.0548753420512,83.81141880569531,17.50720771054423,53.12802640450153
274.2409699128263,85.30413841540167,17.35060713863513,53.140373468581856
276.63129924593176,85.79942343092281,17.532376088543614,53.057001568624
278.78601949848587,85.24340383731632,18.043800737701734,53.152842239944974
280.15838771129336,85.9439437024395,18.852872285948422,52.23836654459927
281.4109152768557,86.33656495304686,19.75432130902916,51.87421989146803
282.41248048166665,85.92271919944083,20.67596196988753,51.41762752226103
284.19230316501796,85.68358173425426,20.745804117680844,51.64116331713042
286.3498311384772,86.19117225470227,20.342902606873704,51.477401844296224
287.7919937603664,85.99035376860037,19.480217902264734,51.34110963921578
289.34001349818965,85.24963237190516,18.653034475202183,51.4059778352475
291.7608299406329,84.98315703425305,18.121259435622026,51.40784105241801
294.28509644840915,84.36073695855727,17.8568417345532,51.249016018834915
295.8753802466349,84.44507520264679,17.499680119165514,51.13984031806304
297.51111465696306,82.92687105903403,17.18909491591038,51.32585125688463
299.0165262595051,82.36399459467724,17.46218842263349,52.204186482327295
300.41251855431534,83.45490830191213,17.64463773193881,53.11386364167953
301.5900300887486,84.31479819209433,18.61143468374797,52.19792318721997
303.49835390368395,84.23700556792629,19.1563288019241,52.162992932268736
305.16229357553584,85.39682095918732,19.278477639296412,52.417679366619836
