142.5,125.5,91,40
138.77600466415717,125.68519353987944,92.25901295333239,40.912624833540704
132.7627575561367,126.25850551234419,94.33889767230298,41.14659931447635
127.06375982476827,125.70639365771356,94.81947370144613,41.56385827344768
124.17614747859368,127.10503172697801,94.87706133172256,41.62275755758726
115.8459976712607,124.04249835053385,96.49816588565852,41.66171371858715
113.29752203978383,125.49916516832533,96.77425008699728,41.322217601696195
107.08542469832571,121.9793479895921,97.59790651612934,41.97105529778571
102.49255124893764,123.10561416202661,97.74841896361154,41.94339172733075
96.97953674221927,121.55525402222202,98.30698639104975,41.83290914706141
91.364865391444,120.41138158482559,98.13067513904804,41.80800930177673
88.06936452521299,120.69376222105903,98.16061978075078,41.42352487023507
80.53017793902615,118.77694200068551,98.75508716088814,41.8132425528797
78.50841600528295,119.434792918109,98.5536607338799,42.00627887816608
70.91710365959521,117.44086005175159,99.13781950576075,42.150122098444996
67.34447352993301,117.68493490633671,98.90528836036103,41.971972928100726
60.37741803803729,115.90437074346215,99.50204373044397,42.167792253834605
56.53868070717119,116.7864775701532,99.16424720534756,41.7274837108117
50.51567150899106,116.12601339249201,99.22943254811895,41.60288010183201
45.474763118984704,115.81296187742568,99.51719434308528,41.55541452558802
39.861147303148,114.77521860041308,99.93584748354775,41.66856477780963
34.62292533794156,114.52689331639002,100.25934398811835,41.66941038035971
27.998263593002363,115.61195470336109,100.08544684353629,41.38123607748688
19.1955295552589,113.50689948104603,100.7882793446824,41.24465777471098
16.753276507800564,115.15524576481492,99.48694197188667,41.35880452640234
11.749875426304683,115.28236965999648,98.6178877353423,41.457712676810324
9.061030635467958,116.72019470861777,97.44780920101843,41.62657675879748
5.158205633406311,118.0847360192309,95.7812435526759,41.735992491529345
3.4791217834914647,118.67886773948692,92.29499892569285,42.09467569580034
-0.8026821141219287,120.33601038559203,89.79588451480392,42.13538517745484
-4.046207839403742,122.04007510186406,86.83275686533092,41.96718255994376
-4.364812194432986,123.80784892096904,83.38688623731568,41.30748583764261
-8.71978623704431,125.47824430441425,80.95465769442553,40.79537940073876
-10.557709154664835,126.69202975777193,78.06822764313094,39.7627593607226
-9.482498960784561,128.5356038386625,75.65034944234587,38.587423170605945
-8.169565729205388,127.69806913917597,70.2183046478124,40.341642046762786
-5.674712034839949,127.80102370536616,66.90883300260417,40.97713192837853
-5.387558535125585,127.78847094751869,64.2980765708024,41.27060014501265
-4.667773001181224,127.76109984797014,62.26239009258576,41.19076308793278
-3.533725057424377,127.99319815145114,60.82335464036717,40.98935292897267
-3.4250809910672473,127.9620053732219,59.68175945933214,40.69015572938868
-2.5990335115117205,127.7010234777124,59.417061074241474,40.47175729344461
-2.283165673174242,126.5551141401123,59.67542331369277,40.4960471962907
-2.1346372980879096,125.76515507200111,59.99581167479482,40.36991887045405
-3.229967579872394,124.2072051165733,60.944532932104636,40.47515479510359
-1.863026280091077,123.94186400799276,62.39742124852711,40.079377997848965
-1.7276252206049776,122.52552779371403,64.44769886054246,40.34379810134842
-1.2198154894243984,120.93757023372751,66.53697451307998,40.38056140972172
-1.0792728612798186,121.21404876333594,68.49549325306768,40.3676736325598
0.05131212837563481,118.65405575312785,70.41366745100287,40.67818470790761
0.13881848508997763,118.19313816411913,72.56154215822848,41.021191193488825
-0.1253518709376351,116.22133675743922,74.44201507147847,41.33377012302908
0.0444383681949887,114.37351372739951,76.93485208131136,41.82732949602048
0.7636932503273997,111.89266595832018,78.87632621902408,42.77292510436958
1.8986973249260402,110.19784548785137,80.72179372442885,43.255075076602964
6.414461108938063,108.53604559340974,81.64863159677346,44.5275529153367
8.881604064109197,105.43406707187773,82.81381963967826,45.74817923177716
14.392176713770269,103.67900715089914,83.61303070937467,46.9210092635537
17.82967282977784,102.57486233662688,84.16353887027334,47.58558675296857
19.915172202477265,101.35571267235538,85.54235482595482,47.758563157851285
24.807038958324924,100.5116869300122,86.37923441240403,47.95085587064128
28.740305895012796,99.97091495202159,87.68221900979245,48.27402358589221
34.56375996584062,98.0899434420901,88.41326821219198,48.30609366378437
39.004139628600726,98.54843173218683,89.02849296412538,48.09403564695684
43.394671001991014,98.52238004950179,89.64280260809187,48.17875079964611
48.939520536829576,99.06980640347015,89.76889905538252,48.155110621845495
53.74960563668129,98.78330853292296,90.05567885262734,48.33460013401609
57.01598793270786,100.00717929876882,90.18836674089036,48.43659486369217
58.336007067428596,102.6619520551823,89.43981761958884,48.852913284428425
58.86938219093587,103.67391512637228,88.62743001533933,48.95202495714246
59.34597543822417,105.08557676632996,88.30078763869028,48.744109859371264
60.98837637545802,106.73498923438407,86.97735647078082,48.763341029830414
62.640887467808085,107.22608921124208,85.74158033977636,48.68676296236776
63.68031489362104,108.26836624785732,85.09192053457532,48.76553348363498
64.78424679664633,110.93144853287785,84.33067886177973,48.820858190479896
65.35471911554026,111.55453193311578,83.85807586064958,49.0795528640412
66.08717920573642,112.09607617015479,83.46486853178163,49.273509282274304
66.70127792002322,113.55719526379315,82.61758042690036,49.239221753795775
66.99943958885419,114.43052227665027,81.45972614155316,49.314799616852625
67.19311198386528,114.32230258513582,80.90626837724491,49.52027724377133
68.4718469746498,115.13935102027585,80.53105032591272,49.50067398196598
68.97845370467063,116.74487604474788,80.10045581766852,49.514945702736284
69.33047043085988,117.10740368749516,78.96595705447803,49.96465540804829
70.16415985139972,118.77876706724038,78.98192210072746,50.18431373080272
70.00479497171825,118.86122501826043,78.41957814678776,50.283355478232
70.07444034237224,119.12351278606388,78.24765821360432,50.19322374426656
68.87694657321654,120.65760829598126,77.96051088520126,50.04052239804631
68.83001559064392,120.14974610546236,77.86067921249858,50.073295436024566
68.79374213761155,121.74770222680806,78.0215069677221,49.802623948414336
69.28317462846964,122.33300741943916,77.40706400930227,49.755846623416744
69.822062172139,123.18890778866802,77.05951263726887,49.873943169466756
65.72110816056497,126.68899955636742,82.14327042619453,45.63816726880307
63.86759114797409,129.05456507298982,84.44211503544459,43.211692979561576
62.75229514112219,130.96616035158917,86.21726524640829,41.368235770255616
62.6136032741053,131.38131018630384,86.3657267414961,40.97437188969615
62.91103644136376,133.08731413612782,86.59345475159512,40.33664716074827
62.30979633708068,133.22695422363986,86.67623321703537,39.93872805301923
65.05203942891958,134.60092032238515,87.21325525021547,39.77774138928113
67.01324955113654,135.2476800639367,87.41701279356232,39.91307649087188
69.41756705423498,135.91140539726823,87.56199106861546,39.88996177601401
71.81368576048496,136.92336325155372,87.54218789073462,39.931751843657615
73.59070893083643,137.88064974560515,87.34267259976009,39.861598215715546
74.63912315195026,139.18753500267653,88.38640478451606,39.78604214668694
74.96383892316192,140.3099190788826,88.68236495666567,39.48565308553765
76.41666217122516,142.00424525696423,89.8471253742965,39.104331623844615
78.81335118431609,144.5292395177122,91.19749229364075,39.247496960533475
80.2761106546557,144.24348633978875,93.21211264663218,38.90927365682301
85.69116815745349,145.70738205925835,94.6626020035244,39.32020754632925
87.01794710394428,147.1372034373987,95.4402274487081,39.09603971032137
92.75851684784122,147.7735776127902,96.22895490427359,39.572188196772856
94.53142681247692,148.61453320475366,96.7477659602622,39.722848161718325
99.8404182217871,148.9171680529863,97.31889294388793,40.20682271173587
102.65266298627775,149.5275714183719,97.9341557075397,40.00436336351018
105.1703629957323,150.29707954994856,98.2908350419631,40.09332387552622
110.73769105849249,151.24724884559953,98.42869421337878,40.087222802534825
114.45684633128616,152.73585138745443,99.2424397896176,40.1197595019671
116.39861117222576,152.76527451504683,99.99486877930823,40.49169163099097
121.72844919943823,153.73277345529132,100.26848034542772,40.52930946934358
126.22228568242836,155.45909324076504,100.05826366301679,40.64303537881908
128.92044635729917,156.78063059333164,100.03587801273807,40.9433167108258
134.6394156130986,156.84407732702053,99.51227952036527,41.20769820229698
138.0994740588378,157.58220400334326,99.47063543391006,41.104022159259955
142.64712099385002,158.2476826228742,98.93742671555796,41.289556214105254
148.76251554739636,159.86213357746072,96.8874170655576,41.16696967930658
153.70106599315912,160.70878661335584,96.10734013796029,41.11615494815355
158.90137942566284,160.49435340319167,95.16543920221314,41.267067356326386
164.02199656775412,161.44316108209821,94.27589711773763,41.376224039834106
168.6355421208248,160.64988153730647,93.08833008996537,41.6782380654451
171.81940172050497,162.4272534839498,92.29662111780843,40.94600608355061
176.27773922657295,163.86561473612866,91.48974358339461,40.45664295991496
178.70644528322043,163.18393025658466,90.47410927161333,40.534843152027584
184.38592879490773,164.06548476809806,91.50013294037743,40.739936004687436
187.32453975312148,165.2257515297575,91.3109884737485,40.82633173590038
192.0945656092451,165.59382322335802,91.12280825197973,41.16557034294678
196.7082519986299,166.50983411921854,90.8598739116257,41.39270163121235
200.70591911852205,167.47656720233056,90.16562085241388,41.60225990956839
203.3701582002742,167.80960166966645,90.39392779556854,41.44143362063707
208.37832449947967,167.27320885815658,90.04294038911314,41.6766744448058
207.514452515866,167.89797056133776,90.36562394584092,41.090332939421536
210.4190311504968,168.37378626283376,90.83093176065523,41.23669002271955
209.711099101391,170.1610974490947,90.32680674982754,41.24801730954515
212.40029297204865,168.66587156778462,89.71932450320222,41.285627075018716
213.15843031597274,170.13728069369108,90.15894309347593,41.56632028064905
212.25132932868783,170.25328580623554,90.95304721629253,41.60665217120078
214.7319064865513,170.53187299154592,91.95221909532876,41.64009474203203
214.38522144168854,172.9378538289965,91.92166842251537,41.3513226118086
216.5166509265543,172.563327418173,91.74232986522897,41.00275113154522
215.6402728038485,172.94564195649173,91.91974047522643,40.83147628006647
215.15414472920645,174.23286020816644,91.4920799756458,40.15114056197243
214.62649545120144,176.31270468904398,91.03725539799646,39.61942134203868
215.61331012013932,178.0548966099874,90.5200166793986,39.411062080153684
215.3332179722069,178.03046000594392,89.92999667438302,39.911643485834304
215.00530987637205,179.07577088525431,88.776305257639,40.199405363688136
214.88912146653234,180.0438892623095,88.02236140289901,40.24109951301252
215.68052073601487,181.72753689494746,86.55152966015335,40.38275805747473
214.9476061522963,183.2790933554595,86.09033756256059,40.1452795778264
213.9336799152893,186.43396413719205,85.90038178996204,39.8758441056699
211.00489774510663,189.86777115344182,87.03340971141253,39.5507839748427
208.90118814943963,193.1795676663194,88.77181139710078,39.3755547300629
207.0297672126797,195.26960494211525,89.05683357037958,38.84225184785902
204.84136096385043,196.83668941550104,89.33349023765481,38.243067251291905
201.9241748057931,198.35711124363212,90.07467760580195,37.54038029516404
202.9395436226137,198.43990798523322,89.19538106942025,37.878714638843235
202.11353894802846,198.50367397464206,89.57997322613164,37.013419493597965
200.79797654993783,199.24349104708202,89.02803427681425,37.617016559426624
200.59187999743367,198.36376257187993,89.44307022977893,38.31586440758165
198.35867946405966,196.78145770711933,89.87865235731792,39.1642559993618
194.1344781580775,197.0154384803063,91.68822096964847,38.795843835912876
194.7935718035019,196.64872836032902,91.51801532247647,38.66052721273113
194.65312837392327,196.13763523990528,91.20639809752343,38.67098087530102
193.82088386279938,195.33671327411645,90.58263762712596,39.036997718522656
192.41357066063338,194.4311916571628,90.99644854455,38.611657514319646
191.1958787507753,194.0033939898364,92.71433173722528,38.465355275501324
188.55741916212574,192.62770448329934,93.18274585623583,39.33136498773318
188.42338720227482,192.2373828353559,92.88065916215288,39.5426369409611
184.57832435004542,190.7470626750022,92.20388346890662,39.74004075806741
184.03972787037108,189.34622493224418,92.5371758311598,40.301948692161346
183.19579593111922,188.2973728694076,92.97435497150437,40.64486596881257
181.46943283754308,186.00972246677517,94.03168468763305,40.91431006936551
181.9281374849621,186.0077340445973,94.00256168534797,40.85033828922955
178.9094828915623,183.89315809289167,94.77973474467564,41.37273670028551
179.86174039792346,182.59632286485387,94.25102284493704,41.467008448017566
176.77462647882396,181.56449348354667,95.08002534896852,41.689277435355805
176.79546200178933,179.97149983146562,94.55653041163652,41.76852927160715
174.70804060980527,178.57401688348648,94.37043226237711,41.87949658281808
173.27628007156403,177.7891200251557,94.38176189064792,42.049938106600905
172.55679389834768,176.63491074578087,94.37088641965968,41.92028303024927
171.45985050421422,174.5398654128716,93.95287788512687,42.116540631034866
170.15411780002188,175.0692834075897,94.5450547536251,41.90884919382948
172.27498524487737,173.54539488767975,93.61332576715814,41.88890677411571
170.19663135362956,172.64935370296402,93.01694984375165,42.187849280532916
168.72310664973253,170.9334177091942,92.7287547389877,42.324618671789636
166.89952161271384,169.4842838283726,93.03497360872518,42.56637226564713
164.96103615582462,170.0866276888483,93.11997331583856,42.27179543556111
165.48364035913102,168.52309246834815,92.30424958654055,42.19372719324228
163.6331548407417,167.67412863560946,92.26925727874521,41.86847008241352
163.80421812649243,167.07722637498372,92.02854699705011,41.704147128880166
163.1648930520493,165.69105457885584,91.75097411107768,41.64218614998418
160.3059827271912,164.57620636188653,92.45016854772014,41.5152064822382
158.51218445042042,163.06411196161554,92.29655011064588,41.975274513279494
157.36691243839195,162.792990071378,91.68008119524967,41.83108789910507
155.67009717466743,160.84100023458524,91.25391754468967,42.33224865446242
153.00696543306015,157.6113546457087,91.05516233588767,43.32307068930167
149.60806708656668,157.26058711561717,92.00097548166389,42.93915331208396
147.2598092350974,157.20394649532997,93.01537014616557,42.0368473420031
146.69724865635612,156.25260875379652,93.41937327071582,41.801233850308066
144.71403355411167,154.89041087409,94.10829974633816,41.463902085917375
143.54676012457097,153.95790956347741,94.81680304729882,41.4116268941848
141.3773324681357,152.8139859341266,94.90515815799043,41.21963482793525
140.3068119089146,153.16089385434103,94.5946301960798,40.81793285788869
138.6178053940758,152.29127209056904,95.31146010693729,40.61031917145867
137.46213467019373,150.67854579997186,96.6610753660417,40.655859185514366
135.010958105984,150.84801094099615,97.55241021824654,40.528528983598264
133.27057256633213,147.8644652872945,98.29991732812894,41.51981453157161
133.98980576927158,149.11739666015032,99.6988670942776,41.41126299649232
128.38083184751363,148.39178532181992,100.12775625249078,41.25075557442875
125.65370478721599,147.24258476294796,98.97238264939222,41.067300584460874
122.16098569306833,148.02782384093373,98.39845556516556,41.05239243485989
120.05859614811058,146.03249149723734,99.19014585655812,41.437817015670035
120.42674822950008,145.668867919323,99.35335535564053,41.77864246124595
119.23776700722055,143.64598360872426,99.2548337399121,42.11558620947283
120.91433563321635,144.04643890189388,97.35503284599089,42.938921147540064
122.23710876514687,143.46671574828267,95.67993036732041,43.43906337236881
120.40726671582863,142.19280161543588,94.41595800233387,43.92739714267057
120.91824590758358,141.88096852576334,93.25225913279814,44.28624155420863
119.93027236106758,142.00087414612995,92.48458726068122,43.779769652970096
121.7531857460513,142.7618748301254,90.75284420996732,43.429684412184095
119.42277020084207,142.24704932217963,91.09968566110356,42.9825500067042
117.87754759700962,141.1390093763094,91.38369599900221,43.246003670112174
112.66260769684513,140.7781389825243,92.3703909467311,43.353495824297596
110.62570289932295,140.5202397106658,93.68170526246334,43.04017718909766
105.77251715784702,140.71717814731196,95.17449279918716,42.39227980370133
105.22959709498934,140.73532230828744,96.60834575968988,42.045500158279324
101.60403876539358,139.7958489842463,98.18335310491656,42.08009932940232
100.90307074256819,140.2578945377764,97.65857675680667,41.90605799222054
99.73438861067616,140.1529987512322,98.01006207619375,42.29268616024819
95.43336181958713,140.717441679504,98.03527335032739,42.238454525239305
93.3183574849069,141.90935138903097,98.14283691318151,42.53898869619695
89.33474977973331,141.93617585829202,97.89637587089194,42.61920818375938
90.37982880394682,141.48780125798578,98.10662189427279,43.3331236382962
92.06206482747174,139.58371263323244,98.24914576358952,44.14458081219563
93.03840511154485,140.22054802132493,98.89829448583333,44.359280096931315
94.34551840659114,138.6389230773439,99.00054862770487,44.810108090819945
97.71375523266369,139.15630136780533,99.29119508893255,44.55964307531532
99.43504425855168,137.78597841738156,99.71298094592427,44.68490296694653
103.81305011338571,137.01094280535386,100.07596490276012,44.70969526510625
106.84868983843391,136.63910099845094,99.6465850383876,44.797767363866924
110.54057608645091,134.36659638566528,99.33340256157967,45.107505612418
115.71817400434925,133.79678367280997,99.47572621888602,45.18649296802212
120.01373048917378,133.08303450689536,98.99915621035757,45.16153887866295
122.67954745529826,132.7090035558032,98.89368471173287,44.50196914518134
126.47487235008154,131.38118896241602,99.6568700280623,43.92006619313129
129.96015841282593,130.93716647096818,99.92839384983918,43.38768409205784
132.13444222073338,130.04366624653085,100.22555339161707,43.30420448035514
135.7140920564815,128.99601391511686,101.22684198458617,43.30635328228221
138.77510280896118,127.66465732074435,101.50728391575346,43.46972307579406
139.195391703558,127.83731328564457,101.89399496876108,43.20136911685127
145.85904456316615,127.58165111552215,102.14192175534308,42.806802992313386
145.38382410801165,127.1051566264865,102.73422788929827,42.87499147666747
151.81111050619597,125.4274999544422,102.88546296951657,43.01710282109177
154.25114397361705,125.61960825402122,102.86527695889922,42.95529412322082
156.6812622626611,124.33367275545768,102.46498653635922,43.39826864550963
161.52043826866503,122.5181353008002,102.62184150982497,43.936409900039465
163.3708239851365,121.93484132129603,102.00508520787878,43.846503217743766
169.95142944161512,120.2116093863484,101.66482194201623,44.20494127930467
170.5352001136095,121.50615055185776,101.00028264556627,43.59411147838391
173.63881395195097,119.98507787549208,100.70036211686303,43.82102789205888
173.6701282303798,120.92741555275038,100.54189040879368,43.59945671406358
175.05797302048225,121.00558744293474,100.44164996150806,43.716448062717454
175.74853207051842,122.0143145015263,100.35247028554616,43.65462687056791
175.7753713716593,121.37902910652022,100.6132661467272,44.17978376115837
178.29715149783192,121.57975072805256,100.5248135832858,44.319092928982364
179.4278357561765,122.7595746331889,99.78402738490257,44.13339674453366
175.85057944679306,122.58648001091373,99.53137924469728,44.34509749587988
176.66637624480288,124.8405933253922,99.07841063627988,44.114988523630714
170.76626405432313,126.27329684472005,99.6776109617584,43.87242880362432
170.66793698890774,127.39461805856993,99.28292252419169,43.61125517265459
169.23105840624788,130.1803625199226,99.54251366816436,43.58981030970267
162.5924510642809,130.83186271835703,100.45490501072867,43.7135848914715
163.65040424850082,133.20145378028658,101.09737285646125,44.04404054303354
156.45292556966336,134.38127026539553,102.11218037282754,43.92387900836249
157.72070347521264,136.24715236798332,102.31960790294602,43.72085306345608
153.87161844074777,139.1891588991199,101.97028308357011,43.431018200951016
154.28035026434745,140.51709160292017,100.62090597706977,43.30609714073208
143.71778726220867,143.13276142142567,101.26157496535612,43.797602581235694
145.85234634115878,144.48067693425804,101.59148158009992,43.567635498670946
140.43171983275178,146.1477077810078,101.56380568761216,43.29833115227837
139.92703970745487,147.49127532829323,101.52623371774699,43.18976523152035
137.55094035414336,147.39127722208121,101.5969858720934,43.139400895448176
137.31522108616784,148.78313231917102,101.01022190293276,43.01940296437584
135.32989874451795,148.05293237386195,100.88446775581869,43.189237483480625
134.3500340247261,146.31783560794008,101.10338024460435,43.37243155128929
131.5463327458043,145.57548750799293,101.19932965074511,43.35141536123762
127.02154153599949,144.11582808866552,102.32812521274974,43.27629316748278
126.94481068807944,144.31142113140132,102.1873568050971,43.32370532739348
122.10606658086624,142.26363600567063,102.9082152664107,43.309459027646355
122.05428502280603,140.43169008030372,102.31676956819625,43.9679077822193
119.40265576196559,138.42175337789644,102.31456000744916,43.81123604390643
115.73801810141383,137.30754651284417,102.24522950503584,43.90783958571748
117.0570701543581,134.46662662075522,102.30589020017268,44.53355563637493
111.24164511856785,133.52892698139664,102.3924173042239,44.684968408629985
111.2083342331638,131.46227268791856,102.17224617089343,45.48801242725729
110.3590012584825,130.18100060164576,101.7568498109909,45.62730854720579
108.09375768406366,128.12675741588893,101.1992350959675,45.68565072316284
108.28367664039246,127.67177647950103,100.8430533410866,45.66277814950844
104.05152142351642,125.701161204675,101.17687251812482,45.73007824490632
104.31561417769285,126.34296349575199,100.43590718980658,45.74157816638396
102.33367942496594,126.40667337185867,100.68806886483135,45.784272782370884
103.36779488195636,127.361200010895,100.51802046218015,45.926721970500004
103.87160715302394,128.12796702913892,100.26874492145261,45.67555254086949
104.82054375842026,128.8680911718322,100.26521961677265,45.47510622024275
104.98289650391646,127.49018873836606,100.55621800656712,45.497435163636816
105.96395470782967,127.8148473860354,100.68916695404161,45.57874516665325
106.92021932481525,128.49124722435104,100.73143534561214,45.46149899305847
107.11523931450733,128.5075057983962,100.60796670917307,45.124442522115054
108.85905270307936,128.87759726158492,101.47939449745873,44.961758508548876
112.93538451792953,128.41049558707053,101.30252899779376,44.86487577035079
115.41266816723491,128.72788975817147,101.15386513393642,44.658658115919756
118.33991163302252,127.79374838180337,101.40119342605504,44.640316413204005
121.72827448684009,127.52521010564368,101.22518573981274,44.499264901844654
125.07220674397078,127.79642484491492,101.69155944958088,44.10637355287025
128.01982465272272,125.69034656807612,102.4168108452118,43.82129099369386
129.52597713160657,126.74409515552523,102.26343099158531,43.12194616063828
132.93790208584753,126.60841935001889,102.68499438647865,42.262308339316064
137.16741413264768,124.16960348478602,103.07900621969718,41.98352317677644
138.7042745669205,123.15663880549434,102.55935749279885,41.98621244594329
142.63214509840324,119.45052332090172,102.39056282189273,41.9866606735819
144.2719897258767,117.6705558013239,103.2663673032129,42.02861108406018
145.58540094745655,115.0758003200551,103.16933216207042,41.855353873380025
147.34112238065023,111.31220489240825,103.0045360814191,41.97750160352112
148.93520821708975,109.54136388947109,103.22139990429815,42.01799461594145
149.77682350577066,107.59405486718697,102.89046627536925,41.989740117174726
152.1606547986371,107.14492404525546,102.00218510786452,42.14269926269713
153.4877727957284,108.11591455407897,101.02737816794217,41.99354310943763
155.02468947936154,108.27226389345206,100.13484567920071,42.04705399728463
156.30481232593087,110.06320103714043,99.32193863867282,41.99818733167301
157.58149103987225,110.8814140576803,98.63740688484705,41.699610788388384
159.3869456725721,111.81088722267219,97.74878503590548,41.513515544067445
159.04560195956856,112.22172406252963,97.57795504877319,41.507739627128004
160.2882002081144,113.68590934054373,97.2358244810944,41.67657852468254
159.9889119739281,112.98381796566896,97.2405551648028,42.00316234502688
162.16237508749563,114.67560785714133,96.40207348532095,42.26101508580955
164.38471626874207,114.38250967486277,94.34713564301549,42.35291671755759
165.9858488690283,114.82963677735934,92.96000770955573,42.55891824033242
165.2558731136662,115.86881778913231,92.99782970844672,42.6185183196765
165.40819809857547,116.03421516679333,93.31605709801846,42.562295459953816
165.99093463414624,117.17979361098233,93.0609004345574,42.43385043032522
165.81088282693239,118.02112131307246,93.48172629947652,42.441699100241635
165.39008782202535,117.82754472285734,94.75952926619598,42.42413924604206
162.98630458084125,117.5434926092608,96.29073189892426,43.09460969716643
162.78809279890947,118.83232213709692,97.0259412005407,43.35579660974065
164.6663314915561,118.73916384446005,96.83071783975313,43.443852553916365
166.4442305623121,118.88050098356439,96.86284489393509,43.52806676900718
165.7668346526787,118.80241313122923,97.79736793916925,43.42345483763586
164.82623700765402,119.96169358754216,98.80088566936605,43.40714216452723
163.1565010935106,121.49500426125975,99.04277706476104,43.52417369489964
162.3320683241734,122.6261895581944,98.88026662782661,43.45790071341132
163.9003720162977,121.4134773017679,99.52786062716869,43.70072139020478
163.39191415349592,122.1382435870375,100.10711547983601,43.37861580159152
163.99816296358472,122.95368882069891,100.36461729222219,43.41734465609183
165.3145296639462,122.42963428669071,100.51015389767909,43.52357260390328
166.0280915564718,123.6569115565284,100.22450257146726,43.249296842304105
166.4949632044797,123.57732937234364,100.14075268317777,42.86645269150094
167.04333643299532,125.01861195139422,100.09688150652676,42.712722162458626
168.08157310273964,124.9380811067048,99.93411625782028,42.486088002895656
168.65177072815965,125.52721310962974,99.39512215720683,42.20304797222735
169.01492788330256,126.08727126773806,99.43194983662895,42.00864310897167
169.76556618930226,125.40115457358466,99.15304277628817,41.931805805216094
169.9502888869195,126.57976612582596,99.23925772422385,41.869315032963115
164.62486527439796,125.39196326426908,100.90703648308045,41.862897659992285
164.73345698298212,126.18366433281788,100.5659610790056,41.822625324644854
163.41759640593062,126.07601764036325,100.31796059156804,41.72368194941467
159.95318366912883,127.21203011557331,100.36035866267531,41.82601231515664
158.450770160234,126.85041263022268,100.96893757827688,41.48722340776037
155.41126381035295,128.14307508354034,100.78244305681706,41.34212767860002
151.27612368063166,128.34616343891443,101.95324030310657,41.16212444323654
150.3087548347977,129.05880896056522,102.07153324017395,40.78584618012452
146.41067455175192,130.05142122380565,102.64097204265468,40.565481330004744
145.47485787122875,128.57923902830487,103.37515268210524,40.72266029047954
143.8842980515775,130.25715756975058,103.20707016534082,40.44817162677759
142.41547388598838,130.35644834074077,103.76231393070796,40.185347140675816
139.5378117274783,130.55025016742013,103.47185234379745,39.96150180991369
139.70418813879002,130.2146832389796,102.48815206958247,39.606209351487095
140.41880768768624,130.34183448453746,100.63742102103973,39.640801811714915
137.16008642865722,130.99651935886686,100.28585881268782,39.813011843634726
136.34237518762944,129.78551816839308,99.50922770969092,39.30572249942358
133.77370472625162,130.9804600682551,99.40742144616725,38.72634134805317
131.09363057339039,130.4677082384866,98.99244091048953,38.598128443411674
126.90290803529388,129.9508720267079,99.081250069019,38.59654638851447
122.5578771263391,131.04588513901575,100.26011718096545,38.82442787874252
121.02945159430588,130.759677495454,101.75851170492413,39.36354455422511
118.72882421249079,131.45536275310891,102.12285183384972,40.00883304121934
115.77154649557848,130.80138094608625,102.2920488005723,40.11931609591561
111.11417250369094,130.10018435182366,102.77785639280685,40.13130637134726
109.7892765108173,130.58629585340495,102.16599543208194,40.341928126218406
108.42758874443408,130.77099722425828,101.96551494487466,40.29780837544421
106.43254280172728,131.6103417265808,101.21328533904679,40.58786007247462
102.56752163925229,130.9614203149498,101.34498715267475,40.4893378492354
101.22227012888115,130.6465619988018,101.49286093147367,40.63187624528536
97.04020833515939,131.91825501330263,101.4600242604333,40.566974608449826
94.70844608819962,131.0067557308735,101.48697877754618,40.603843698668165
93.2438064560859,132.43890826496158,100.9019946502789,40.80023022556951
87.3740379051174,131.96888499489188,101.73079662190582,40.443479251747135
87.68322942192489,132.5287993487771,101.79276115012709,40.93984085826959
84.293909298926,132.9030889541282,101.43311480554873,40.82449287019692
83.68909299527415,132.44566291198538,101.372386823825,40.790387034408155
80.04012320192145,132.67260374386296,101.32334297776063,40.7312720291975
77.13980171872346,132.27934959268492,101.52774876153941,40.760325757445436
74.5896956342837,132.84537635584385,100.80261350686547,41.132791812922335
71.66082840711337,132.85057203555948,100.61160185219735,41.15849733556616
70.12648434744767,133.4016245644592,100.59440253943036,41.024669493724325
65.31747478579507,133.4441619057045,100.62351728193721,41.16742304566789
64.298119768221,131.78793052828988,100.67912654518138,41.10943673433502
62.47503621537045,133.4928191175633,100.16372500921986,41.06956574284567
57.96804841208841,132.7019483318593,100.03672943200709,41.06327876410562
57.86458893051747,134.26709950241715,100.14220351746485,40.9532226903087
49.097760326899134,134.3325892450723,101.15722592855894,41.09980901210246
48.74981203418201,134.4128292716076,101.33839450429242,41.13976561073862
47.96445662401446,134.63336113998952,101.20137884605086,41.385431364731765
45.80700827949186,133.81547966471865,101.17016662167443,41.47407720120642
44.51822802541289,134.27925957018135,101.31752846039878,41.35161955979469
40.69197573666693,134.84480774585802,101.48924576066901,41.480493277372915
38.75888911756744,133.11226292805017,101.25425179687214,41.33313755852698
36.89592949033082,134.98212944103307,101.34467133554033,41.527474881300805
31.796530601994462,133.94330097245432,102.3292967489318,41.371729804679575
32.901910715893905,134.13938449566447,102.64826731794687,41.361361413053984
31.086152417618067,133.9850527338497,101.97327441971706,41.19776955772199
29.814196325165867,134.29235230525143,101.43169327843432,41.04429802393306
26.022264425110734,134.48905603979816,101.5749423782272,40.89180542116784
25.34830537047285,134.16486495665157,101.04407213549034,40.885745277127754
21.560561026708058,133.97067244104997,101.24939309078115,40.83996083706707
20.64750883917352,133.56621878411357,101.26192935061586,40.91972959779731
18.08982951579091,133.08408083187103,101.38679183878122,41.03518642526746
15.882466159129883,130.4652682961687,101.11849509934449,41.18391093057106
15.409220030935742,130.90401778629945,100.61798625614628,41.386897055824086
11.65687497066223,130.44900187114902,100.2716398280788,41.34156436080677
11.170386837365896,129.33342111837484,100.09270269020675,41.13123020938798
11.140868720911868,129.6328900738914,99.24756364159015,41.1400654831312
7.133435613058744,127.81478397262165,99.05753960613673,41.237969065217776
7.377591406419526,126.97539916258732,97.8650729915488,41.33586400381367
7.266882467549806,126.08936732126064,97.20763576007346,41.25055444885718
8.20775897449041,123.38858670651638,97.28703780314568,41.326378678833976
8.776208789915636,123.57152060260475,96.72436413445725,40.91097713952063
9.375191393898248,121.43458336818088,97.09273055147676,40.89169116983078
10.477350123433446,118.30342925362632,97.53994359663305,41.25352580427436
11.030850362355238,117.68909136439245,97.46275617001322,41.00034821684399
11.340080595699007,115.05535394442555,97.90277310505908,41.36174424131757
11.887464966224371,113.84341954863362,98.07683597468798,41.29541442068831
13.665104861625146,112.238025009849,98.65744285304537,41.415175523175144
13.001502988646365,111.21044295786109,98.56527117938623,41.2240615795893
14.215694771088934,108.4104112719892,99.3444801018363,41.3695088815394
14.562652472412196,108.52495983385569,99.18286505224,41.23821562615979
12.830788083871184,107.76307671567803,99.53038527600782,41.13679172369827
14.877106014294803,107.7287091107873,99.96589854312079,41.31156232248585
14.480615405396591,108.26313783307332,99.6049914161525,41.40194214350069
14.495023225483543,107.10311071265866,100.06692006871465,41.39182050771255
14.423186378422855,107.748908526312,99.9949386148067,41.62928822440766
14.201168137657575,107.3888135049968,100.18677997647947,41.90653001507539
16.29925215831787,108.18363371228948,100.72160425235859,42.48820479366631
16.567069105860597,108.13197814614098,100.64431284985355,42.6262283597783
16.749898333123653,108.08590469870968,100.48748871563421,42.581812639007886
17.748108821544434,110.94119451301461,100.16418215777611,42.52892639647594
17.15286491472844,110.88121290700687,100.20319728368685,42.444817937720764
19.686342241232595,111.30409967620366,100.84856534262312,42.69848938471688
19.855855522931144,112.8184506449039,100.365140551892,42.8074086116383
19.348152727391444,113.87943053333615,100.1957225107311,42.6377603505819
23.113452406989182,117.36626467769398,100.39357201933348,42.53080177103375
22.686221409017847,117.31267677975202,100.45419259367199,41.9626601602633
24.242611529914612,119.35754357879958,100.8590391142686,42.098848669864715
23.921285109778736,120.68455504980855,101.36525847237024,42.19992860069527
24.286310498012412,121.0628098409698,101.84378377908618,42.46150974331784
24.63101893194076,122.60710667219175,102.28124898749292,42.46891746751639
25.155813734896775,123.82630420826433,102.78201290864997,42.70329790234451
28.289629271550965,124.13490178748339,104.12559885728373,42.87773968772355
28.75150076530781,124.17137825297144,104.24254903364181,42.93389339756317
29.65470733462763,125.81980135033734,103.69575870727328,43.20816412711726
30.1330383036547,127.77949346311495,103.39950323951791,43.24961869627028
32.03386255840186,128.40203098735884,103.42849933756754,43.27199409963337
32.844375461223336,128.6128793033011,103.50455283280502,43.35365422252869
34.245914935097716,131.09046752103163,102.59461765813518,43.80147575764867
35.720253291199,131.6213274471779,102.43455045063232,44.290978348936804
37.23353187167374,131.37455837984277,102.68592188045737,44.60023379332043
39.18509676798688,132.87218650642797,102.95535993222197,44.95253746904403
39.068713914507,134.0419923729383,102.1311098625475,44.718416420532684
40.001466318503844,135.95587236154273,101.8478920084799,44.63829299994916
42.329127521161425,136.82313226647034,101.56297670765693,44.15367102773283
44.824449748819504,137.95374732272683,100.91877590544746,44.11154425155405
44.19494457924584,138.11247240362917,100.83470941945288,44.124518726351795
45.03494483513195,140.42526826315842,100.91763703592315,44.32462776718097
47.45584370022667,140.4424324461898,100.64846971115973,44.42456772966568
48.59618529744796,142.84271502420967,100.63861977057763,43.94621288551558
51.16669171363843,143.2239081345112,100.15051097185759,44.166425625312144
54.81798441178784,144.254139961675,98.23205700713835,43.77934222668371
58.791187961643516,145.39678869828145,95.46265662892358,43.50548646108187
61.61871624349493,145.4478854062733,93.31196384047405,43.21800047331517
65.19406454119988,146.4517067890658,92.12442156101264,42.67890028356629
65.38892771399614,146.39195193836497,90.67778934975087,42.32358421530512
67.97556330179985,146.57521932360282,90.29196658036292,41.84903415343663
67.07382087328861,147.13721274899092,90.44238539830003,40.80343378823707
68.37573759444402,147.92207465602846,90.08899064617476,39.862008972040975
69.25766415358405,150.81580326230917,88.16269886703465,39.26612061095052
68.53070680704633,153.73790227564936,89.11276500740621,39.66911735126841
69.66385445873354,155.19613921407014,90.045104328513,40.006711849060636
72.53735531686799,156.1911324917473,89.85408091043135,41.1576859870657
72.32326637897367,159.03994219924405,90.23543509464326,42.10237671458928
75.29321068066514,159.5232080498874,90.46580215227107,42.47698790614015
73.78489830181651,159.45767574885923,91.01016881899542,42.53802047785248
76.67469027631003,160.69198558745776,90.65244508805647,42.77200580973435
78.33834369395572,160.14988314714617,89.88771097043174,42.64087186417804
83.99171685223526,160.90344509503257,87.35102042474668,42.13091209861614
88.91013967401724,162.64779137984385,85.5876792291197,41.640187010606724
90.31727899701158,162.96212570609308,84.33332685456963,41.74953126799748
92.40265539632057,164.61649204160295,83.8740794690071,41.20275338137108
93.67394679346786,163.86973691241613,85.05807944029172,41.51052972536938
99.93399141894955,162.41828833627574,83.11834583355444,43.10074484506505
96.57309948559953,161.79770777771006,82.93496355111508,43.858512769905126
89.88603248460848,156.05503884935726,84.0641339071621,44.815747751854886
89.52427873652921,157.64478599146514,85.19111391628107,44.88870321853938
93.59296602323808,159.11730448922867,86.80054930227496,45.304230454884845
100.29774204906748,161.2596260095493,90.19623025232514,45.558792965391106
105.18836140518869,163.47807242345036,93.67779175675753,45.421938475296464
109.46569951813866,165.0583416783773,98.16364192093326,45.308247547306024
109.2884711760243,166.33330603449423,100.8605980997146,46.78348820763073
114.65889806979006,159.08406651860247,101.78634072484178,48.120400505100264
130.69679482915052,161.86956799557518,101.80094027252711,50.31428869876838
143.0521251908738,163.908000936216,101.33053109021826,52.509914272564885
165.86421136928016,167.21656625963328,101.19962197803444,54.73898266137482
177.92597237547488,162.8350586439967,100.29947337873092,56.408185903817476
173.70409165751875,166.94756990079992,100.90608757877285,58.023213133863344
187.15727299164817,170.87154397867306,102.20224337364876,59.266071939176626
194.22754990624964,165.60354058825536,102.38986413551024,60.1191143950609
205.7911742678026,167.6905444214287,103.99253866069532,61.48314116780109
221.54515176581393,161.16336721290043,98.93498115612776,67.23751399077199
225.25334753435854,158.96573125776425,95.07204926335619,71.99645693561882
230.3471208710825,156.18920165414826,90.58593434115949,75.74563127899732
242.26174738906704,151.61312512953842,84.49044786097654,79.70304975485276
244.02924652558428,151.0260952646562,79.25846613133041,83.80637546056934
255.29373844401718,146.43838172070855,70.94065916671804,88.06150492578396
255.54233106161684,146.25154325400337,66.5549360477602,90.34360027617132
235.74191453924888,146.86881046079768,71.67978261178318,87.15340408890104
238.72261360276934,148.27306189621362,74.79082558581646,85.5897470852261
241.2107809665101,147.7709396858329,75.98475414874027,86.73924477685202
243.4235781616402,148.51622180013138,76.06574726382067,86.78977258640968
249.6758216071694,144.8746542630416,73.94217219984962,88.28376362143517
199.15766821839935,129.42656274856884,80.54297024936238,81.48086904417956
129.5667914233944,134.19806452335916,87.14072420558323,73.6591711033483
116.95838657706169,139.6320770732244,93.60129114617345,68.22708769978483
116.93059385553508,143.27046951641745,97.91333105700011,64.39230868612512
124.09263870955868,135.31045015688073,98.60295041725124,62.5802059104476
109.33399540717001,136.3903707122881,98.95427671013894,60.94414538396819
110.98982794381352,135.0748582754573,97.95191778156627,59.84007761770667
114.27606897788112,135.22154225435418,99.43335264458341,58.20764124713219
118.24239650366073,134.81663167976126,99.92870948725029,57.56017615764765
131.85404310901419,134.36172309900283,99.65610177764201,56.96117063964488
99.366231461728,133.3771816221302,99.03509879047608,55.786043970053385
88.03926267009496,133.22533503025602,100.24358654464062,54.61753091886976
96.62327256738207,134.28097331554454,103.62988613178024,53.021497222915066
106.04757628962331,134.863305813216,105.9869862373466,52.43171366201278
107.23768715293217,134.82831127494995,105.6126441513081,52.780427945396795
113.54412675912242,134.28701056943632,107.04601718959898,52.49862372440505
113.91147477446249,134.5446472005898,105.95164745024155,53.62801808752532
114.45085313262112,133.919269225726,105.73443659469166,53.90263157118465
115.78478986513355,135.1084203755388,104.87231755280828,54.68072828317101
112.68045088156994,135.1529615686787,105.07283635932149,54.736206219056655
113.69019475869895,134.5218520904319,107.13265473070433,54.13731031596926
111.30752254195315,135.63289314665911,110.10996472510901,52.89019598124386
107.40789744322329,136.62501237719388,113.82961554207557,51.23861935751378
102.40228147916966,138.1441201468414,116.8644051331467,49.200352379410276
79.11248200868388,140.03951924549415,112.84886552431357,48.070876060538
73.56798216556884,140.9096377209207,108.20359797574142,45.82785926826188
76.07651646986852,141.79876449277046,105.82690593498262,44.53994339441174
80.0594993718816,141.49054817883862,105.10276285053042,42.96839060204839
78.54421177966219,141.88993898027962,103.99630028091042,42.488150853786344
78.15532513088746,140.83865942630345,104.05242893849102,41.79877690204633
77.1977421540534,140.74569583671052,103.50661948360504,41.32553971212586
73.03782559897694,139.91727615271796,102.98086390967595,40.779145122820374
74.24496081543691,138.9970201412089,102.68974644802371,40.66834066997026
74.22141471373631,139.8640779865861,102.59166331363346,40.50973524265884
68.97289199295835,138.19244959150828,103.17634093444963,40.503292774010156
69.3212683483329,137.62155345345158,103.07846100450043,40.23863811637723
66.15478497338125,135.59725460049995,102.63455655002747,40.18648919065815
66.25762149016357,135.7108680278606,102.3836687479637,40.29959588710527
63.575746652110624,135.8653807932729,102.47271253722877,40.27994375410786
61.400680357750204,133.71397641259614,103.85623159483694,39.90738086858029
62.29354729974638,134.21641800215895,104.151294429442,39.71018032285465
57.429920795202285,133.3344110009163,104.02745986833976,39.49593786133538
58.394535046377065,133.90697235629568,104.17117958338217,40.035183284121565
54.08075862792263,133.1449175311694,104.14227738031302,39.99318578048161
54.375861369679015,131.65441025690052,104.52611699462815,40.269463857843206
50.675668847997514,131.5113794105941,104.76410369967329,40.61054415425779
50.561279450979214,130.36779421738171,104.54602435586389,41.269193098269234
51.02885340035782,130.22427620349617,104.210990504634,41.710853677574946
48.63296223736957,128.8212987863661,104.17596151698135,41.541620971780766
47.841095357837744,127.74504705824333,104.43374131562629,41.807327119104514
47.745924277524466,127.61146722273554,104.85788743395358,41.931305719434704
41.767183073124464,128.21364929680186,104.40982460807341,42.11017440325703
43.76467211505628,128.49256997209764,104.60311280152301,42.3780365543668
38.04993011183723,127.5060242159319,104.40983508158172,42.4098209988272
39.02520178985199,126.88139918351987,104.8318217090727,42.61977682079236
38.11137523982124,127.05272282197514,105.21311362501402,42.60739199624581
35.19648751266889,126.23110358581835,105.30952020572254,42.21594390316021
35.4211149575985,126.17933227178813,106.05195945629758,42.279999128334495
34.002566925007116,126.74429145824564,105.05559995888879,41.69141687459445
33.03991681536736,124.16655503358251,104.22577107927609,41.70992206492413
33.34438445260254,124.84348280404802,103.08322611652372,41.19640374084718
30.81031939137388,124.61778145139121,102.91626264538363,40.81948576411202
32.644116832135666,122.05687916425642,103.46008925357563,40.78691621576197
35.62921612725158,121.15114678380118,100.55079898090972,41.00360661124734
37.47521052580108,120.99674390040897,100.18984365205718,40.66576093121246
38.89387082876294,119.28162103921667,99.40567322313541,40.84841968803612
42.63022627953377,118.55535421264305,100.77454175884961,41.44836206501455
45.57349727730579,119.65368669063864,101.79844783764639,42.278760240355794
49.614152844815486,119.91290152524354,102.73301442632085,42.66193879982944
51.893625986297835,121.60754843224596,103.99276178120405,43.63385628572083
55.38804775303903,121.22428419071491,104.5746317677717,43.678835317431776
58.3764676678909,120.41189150395334,104.90261438298374,43.80830454315064
62.845088939005514,119.0781245359311,105.08244108513928,44.06848555484823
67.53199460622353,119.25289734338622,104.69802966067638,44.24387852331198
70.1113828184333,119.27464217701387,103.83337927003981,43.947873420837894
75.38914007556008,118.8349356586551,104.9435685292848,43.725828623311656
79.73534623203452,118.33918711827008,104.90657747335494,43.67933894871062
85.29248424610739,115.89524049673555,105.14412143727462,43.702704966285275
87.07269687694244,117.87971511789978,105.24857525923795,43.64820994568229
88.01188522505834,115.643310198167,105.6149400028255,43.410097067099755
89.79963469280419,115.33589992484816,105.554730612393,43.741205196850125
90.6929728546503,114.72416671703152,106.18935493834374,43.87211418221608
92.657083582525,112.94982286943582,106.56738500847322,43.97022914829678
96.35343716017672,114.2110762777585,105.72599411446129,44.95491661227582
96.41843295126576,113.22900607892088,106.17684252385274,44.62735640837329
99.864522270514,113.40441047131483,106.03873655152447,44.753444922875076
102.2633275309326,113.77235054809482,106.2353152930774,44.716450329350806
104.1471235259532,114.2104572127378,105.9077684213681,44.805182972030664
103.63558438531308,113.27353784886985,105.92236210067387,44.8183853462738
108.56116532496165,113.9328930366767,105.40227016766579,45.340135390314934
109.28514106445556,112.69458454313758,105.47554926710053,44.946421566846304
111.64237549732746,112.83323988555685,105.78658499043752,44.79956856640548
115.43681692560327,114.28542761330021,105.46844073557047,44.66005064151261
115.30648566811017,113.50243580714232,105.93903937762329,44.01185068487395
119.13141994106886,113.68851495359092,106.50833758738219,43.91796189151704
118.15927867299106,114.86414334960125,106.0980943190181,43.97079598084405
120.95685139253189,112.98028427827839,106.31604731057003,43.89211362414592
122.67263321439309,114.88266740826046,106.24518475098458,43.91262540792872
121.36052683809041,113.60231829771713,107.73935363933975,43.672062919252795
126.06091002706496,114.79703925818345,106.98282001132961,44.09398874848802
127.57407053924663,113.51818146044296,106.71947825599398,43.91328957956469
132.51496169320959,112.94702922001852,106.3165215172209,44.30009231328222
133.8265180044154,111.85108463298978,106.08204238441803,43.9809529591262
136.38744304022083,112.28002476116495,105.00176679095662,43.82787748087492
138.38854523601358,111.83541549751578,103.72323812721534,43.85633126627569
135.84466702523775,112.38055324861006,101.19041673657215,43.658305825122284
130.85885873120066,111.48297931238858,100.49948525946078,43.763591565492774
123.91262167039073,111.69961516031242,100.13707656858065,43.679624694712615
113.91261370387419,110.43937164686405,101.36858931252684,43.641615007971076
109.80132848651343,111.7442875873177,101.03657429040022,42.64086272644424
106.64108926691132,109.50915592308954,99.18786995219963,42.404504884856635
104.15930687883248,110.12601625896133,98.02957088634682,42.51280436711239
97.65155047248417,109.41594053787037,97.903544125374,42.69200391358048
89.03426944887619,109.82967000526533,99.18440801432581,42.56965147560149
83.63139350691542,110.18078240658829,99.78671637102568,42.96874538995844
84.40233091474855,108.54589769877593,99.26970122218376,43.26713838651577
87.94178060131432,108.7127371680528,99.52727388350655,43.46173845444321
95.08773536228695,108.09681548490926,101.38881437376833,43.62026262402923
106.9587857618921,107.28336958430562,101.72692712131095,43.82600004539186
121.33114159391815,106.29556606842675,101.80720668345514,43.94625777485771
135.16780754524436,105.37559758619804,102.58018482413769,44.19361704346858
148.78177863241757,103.28576820484125,103.36659926295044,44.69491868185354
161.48240222028488,102.084446893273,103.76588919659085,45.02835435194133
175.1130354068011,101.70228441282867,103.86551607307013,45.22232944071772
184.14396314572917,101.47686455417298,102.7594158289786,45.610922969507726
191.91282015020005,100.47349905376538,100.21234341396993,45.21780908545047
200.2913001782263,99.41937358802048,97.07506662360352,44.9326843817932
210.76884269296843,99.50954005505909,92.64324361804499,44.32202254213355
218.9792185695682,99.07063889433891,88.35092413871025,43.286115938326716
226.60427761538267,98.04847126220986,81.52905922090937,44.833522719337054
234.85138630331144,97.21404095244901,76.05665809871395,45.24399994557108
240.14088581749607,96.09504539532577,72.87459310278491,45.691231019534385
239.5496321167684,95.36169982384759,71.26873156388682,45.552755369621174
240.48697391661972,94.55679092695043,70.64330314454308,44.24788958301693
248.14398613615862,84.1238707852384,63.86517691408346,49.34850922435115
253.8233748720963,82.51376370959824,59.07696085120468,52.83480488760581
258.3175963529127,81.10238816920071,56.41070388276643,55.40759854101837
263.4843516082972,74.96778813566108,54.78032409404341,56.74866082886181
262.27057443918,75.37273579773213,55.27163132191096,56.57188133275695
259.4249697402474,62.26422808842215,56.907029791431455,55.26663608548337
262.1382805361268,54.154872282704815,57.0872411807822,55.09106058754304
261.87712887985583,51.64041553430749,56.565764762527394,55.47276491685721
267.62896022704706,47.611577153852394,54.641321886260116,54.871425068575526
274.7779982767622,54.366943859749426,49.242262167139856,60.020292868329314
284.44742698612265,54.08761332617093,41.69871762988871,67.40292186914108
285.9969285045304,52.45488543856668,37.57432229914321,71.82929886036064
286.3686501130554,74.91790138612308,33.98254929960718,74.33529287467165
286.1397810837974,83.09610351425809,32.72023916896004,75.20034133141432
249.26361146802157,85.03313539189405,41.986349457640586,67.75794776504623
234.17286737507257,87.22437519777009,52.02320530406102,61.646172065075454
225.4289560327192,86.68242746631563,59.43357151446354,57.26465824911474
218.4093224172384,89.21180840293697,66.42363773376745,53.759224174715456
214.489311170677,90.00053788991809,72.31249538523835,51.78228521551607
211.98792148915618,91.49132675588389,76.69400057502028,50.60836436777791
208.39121310784773,91.24721766999585,80.05792333815594,50.04452825355088
206.66282195252472,91.05800557320953,82.95736145057504,50.02827930826663
204.51844348589205,92.13752015336576,84.90260966344245,50.238012879506314
202.20159166534776,91.0268919262115,86.71015430413428,49.9930031785719
201.0047322093832,90.84868230478341,87.6728484262532,50.21061600384367
198.935823053671,91.38778679678809,88.44313257706364,50.17449397871949
198.00816052277764,90.34606826193388,89.0869237347747,50.123116786037784
196.1571563858491,92.15856902179851,89.60967151630695,49.99623152111502
195.74523360588373,91.19665940046252,90.405145520507,49.93087270230173
197.0059904175046,90.94784938410771,90.5391287329739,50.04006044088102
195.89028851579195,90.19161458463547,90.88289372910239,49.83429049400333
195.02460901142592,89.45793862742138,91.26303320296051,49.717086424888116
194.98503981520713,89.59268007733067,91.79836718827832,49.919561625865306
193.45263784140533,88.90783131011358,92.48366359422545,49.94648381545086
190.34340358338002,90.04325991252946,92.51691854444965,49.913290356499196
187.1579301687617,90.71969105395695,92.69145614822241,49.74862008357009
183.9340660167843,90.48788769019122,92.85966775524729,49.51359761064302
182.05905540802593,90.53752954168863,93.10472629004002,49.49861260774243
178.16916285397593,90.87286740655264,92.86401216870891,49.73999606590348
175.23923645753015,91.13644646168544,93.0161384830238,49.76431461302848
171.26639748766826,91.36756455713841,93.34106790285009,49.97516405206258
168.943537741663,91.9050882104311,93.30903537688579,49.980646912103154
164.1553187730174,92.3060391019452,93.62800890530247,50.4808199190759
164.14392277209248,92.47209857453562,93.96210398628054,50.59181585064218
156.4686218119284,92.80995893661517,94.32716456291979,50.82161687693319
150.9775037730554,93.42953257403502,94.75755127543141,50.84665216968996
145.43336001475768,93.87026015802866,94.89290738791308,50.896963034875284
137.43860132852797,94.84874155158032,94.47660963586075,51.24411840420506
130.84581276443186,94.7040793438603,95.00555624800077,51.75166469269007
123.38079584098075,95.75382495907823,95.07296783385559,51.77401608501117
115.71014922931613,97.4350472223268,95.1978179953562,51.75266772131005
112.3131605194118,97.36541854575236,94.60515248227304,51.49065995991312
105.09879285251897,99.37402155672348,93.87979693471104,51.38968318601776
98.66721529392143,100.54705982406222,93.83367985799744,51.17448295405938
92.82423147503442,100.72799392085066,93.77978505375484,51.337230227077185
84.43111538788503,102.62268775211827,93.12015731899601,51.606843056637935
78.85693709810636,103.44017525246687,93.53810141533803,51.765741604448394
71.74873414414787,106.09887932887094,94.40349509333554,52.06942529429164
70.67670799934425,106.51804808568114,94.00545482122101,51.79985944099914
71.12354241310894,107.4239943814795,93.64028732549782,51.55871255596064
71.73956400459781,107.68413554513225,93.25747687576973,51.58869232219915
73.64197030782893,107.87618240918565,92.65264262090051,51.750816512488356
76.02022765424002,107.71560185033825,92.1834485419394,51.886964201852756
77.03337227297115,107.79239169659566,92.04707369790214,52.017109771026156
79.51888902369207,107.99023265931939,92.13604204658847,52.15998829565575
79.70750431157803,107.95591282935966,92.24396153981488,52.00603186156294
81.36062861252425,108.42285821920096,91.72225192222115,51.75994768817308
82.54289013243823,108.5411485542667,91.48871962603026,51.35596327537059
84.13259496315462,108.49410103907002,91.29749107879428,50.954032326245056
86.65188570962644,108.23498110305397,91.09345996655742,50.86341170557084
89.66887380941893,107.71626536028128,90.78666806262676,50.89561276432788
90.92991796403616,107.34428676066139,90.5008163256579,50.96293177758973
93.87888280002485,108.3318043572163,90.22545001580211,51.20945777794613
96.0569098999411,108.94652369589988,90.17413099968542,51.295282371910744
98.12414228723894,109.64357134726677,90.02501278079959,51.414016849755555
100.14840866985658,109.84880630444492,89.73929501419101,51.221079763849474
101.1134576859313,111.407099205329,89.60286668266414,51.07250891760194
102.14623738915151,111.97333552302092,89.79575802275997,50.87176035372079
103.85594364751634,111.8629281989138,89.90499865086673,50.616460997084644
105.48950103623194,112.92504944849576,89.53091547057298,50.888080838847856
108.54234706357354,113.00524259650084,89.09297615865712,51.10133427543694
111.71140460419042,113.25579313896286,88.62857361709621,51.27640449330831
112.19944027566763,113.84699467294394,88.39162675105142,51.24541510446909
115.00699498364,113.99188947493593,88.79916042440112,51.37872889260926
116.38447311021689,114.4344325536313,89.32392853075967,51.25997261974766
117.57624555154466,115.02744991508735,89.6104154340691,51.214628819572695
120.13075353462374,114.87795843889631,89.65774388166827,51.111910172595245
123.5475539281025,115.48381843336394,89.77614323585452,51.213276931783156
125.76834099956307,115.38451115354574,89.49524938697027,51.004430086619124
129.50761799695604,115.73354572888873,88.92079104190354,50.94893786884026
132.28192326646766,115.3251788549955,88.65439371393988,50.82151646001434
135.21392300369752,116.39276072973449,87.77308838849754,50.29067812424025
142.70065593379923,116.00363823626063,85.14996813986633,50.1216494991656
149.1299080221772,118.24836688154738,82.09216224344488,48.56056316119826
155.76988972489147,117.9583033208713,78.09060974957643,48.022464231219885
161.1767793355524,117.75312712809284,74.90051398086077,47.34019350219092
164.81750148302783,117.62958851407825,72.87489663598313,46.69567596264959
166.5726351237832,116.64216383244485,72.84915622710729,45.78558517851649
166.05563186319137,110.53566311066575,73.47288806386176,45.103381124333
164.11821212352774,104.39512708237677,74.27881670601555,44.358887079836734
155.2685167695404,104.86612228750045,76.48848516209814,43.31998874845398
152.19704718529943,104.94752065622993,77.65350952039947,42.47800328266248
149.73131986553474,98.92030738857481,78.12480485817098,41.73127758866363
148.5189301236884,100.15080882110965,78.30890317044646,41.31574066979145
145.19099467146538,100.69619005108147,78.59758323703237,40.878712357396495
125.7377790630459,115.39369252231414,77.90345521925217,41.148693071669435
113.74020867786335,116.53904211116769,77.1379300960626,41.71114712272211
110.93908851041068,117.16445800459263,76.56490082723869,42.35829399931673
111.65979672470223,117.56088786521046,77.02435019188376,43.19559556348147
110.3823804841029,118.71374589945589,79.01749287901885,42.492844015445044
110.68235002677295,116.95178773118487,79.39982260395094,44.45328653130074
114.68927998152574,114.38666735019156,80.03642293767047,46.72930475720031
117.05661313217722,112.51026264961328,80.56459261582918,48.35473545619318
115.0294784943963,111.40698213176503,82.31448862707828,49.082466869621
110.61130782656808,110.88830154873949,83.18283050442173,49.85645150168693
105.79251778020402,108.55206402225113,83.94737421256733,50.43345278833674
102.19865029200126,109.15445002424366,84.75005078595771,50.747433359272335
97.25494606395718,108.91930015179788,85.65976091593504,51.1428017806356
92.69504881157332,108.68115511339397,87.20839748842128,50.98044585085927
89.80995933151726,109.71639331234311,88.05868509111151,51.033498648746516
87.0153176091397,108.71163774532809,88.77939773127068,50.96571543310614
82.54114209391474,108.50169529295422,89.81293381268496,51.093158880343864
79.92121233492645,108.15079944869949,90.15294343899893,51.37813874500844
76.20791201884632,108.01665282537726,90.89963436504348,51.373155871228604
73.86452759730652,108.05772692381626,91.6561084560021,51.44536735774507
73.47232503033942,107.89260090197652,92.08021108205895,51.479548468082555
71.99132290193431,107.74954854593267,92.41738437764175,51.36104969887754
71.71183420431348,108.18033090943743,92.8284910832529,51.20703329216143
70.74445075233692,107.76293247070433,93.20382250041251,51.30362878985164
71.37822829545959,107.42834283903284,93.13495139129424,51.718714018761275
72.60420814978424,106.65213349769675,93.0947489134036,51.81444084028078
70.60475702112397,107.92171588415415,92.49929844855617,51.88213265191492
70.28381053283695,106.21704928121696,92.30291801910147,52.279433825776366
71.44383547235923,107.66895324846847,91.4009718349727,52.357152027671674
67.59722231660808,107.31438869883797,91.82555572093787,52.350181089834734
69.21206592454976,108.50762014752752,91.42032328944782,52.71967770325885
70.22228811218713,107.6427874846854,90.79375391703411,53.01509648887352
71.5262834484428,107.27740298467602,90.26572573651192,52.92721703136513
69.99432974775229,106.41122478541959,90.07769670219348,53.06421839600346
69.79029508065966,106.47313827893979,90.30681854294478,52.99155912057864
66.79039758391397,106.81230015179815,90.81814107473569,52.619295748645015
65.77260561822683,106.71384266189925,90.96853082371405,52.58635925904528
63.41135673668279,105.45951000342862,90.26709651130165,52.623208274640724
58.19297329719558,106.7118278001141,90.29679036934101,52.61950990470421
56.29441970066618,106.06725321372357,89.6409528068456,52.582312918503945
51.55783885696184,107.39496958083777,90.6747195433876,52.53073007212346
48.242246893046335,106.58303323319838,91.46541408370639,52.338033796721994
46.789253963599826,108.07600745261007,92.3676295911895,52.19810987114322
42.57790753332997,107.32284135325307,92.81588616861764,51.56272272857916
38.26233074670094,106.53860919329378,92.92686857640939,51.12913140350872
38.84362589204612,106.50601778027941,92.77217983505832,51.04529995029114
38.60289140313547,107.41662917080828,92.78803076874166,50.81175250225648
37.93327976834266,107.53366302289183,92.85915687608059,50.56089527606735
38.97839227719074,107.85621562200333,92.5194215701459,50.516965982118336
38.159926409084775,107.26817582819697,92.62558288532969,50.49217314846642
38.902425871967225,107.77277384919527,92.6284931573721,50.60566790332192
38.30489250229102,107.07333799809803,92.73243846155911,50.697116967576974
38.40095427218103,108.04279328413244,92.99522871677344,50.98615577638277
39.17853591830827,107.49795699798639,92.7049198556713,51.233308767356945
38.52688076552187,105.86646861567951,92.53905041175528,51.266896102878306
38.69405691869299,107.1102055047732,92.76898123796613,51.570153039488886
37.41593118575534,107.19237656683045,92.55273409620594,51.478516258740086
38.54347356010481,107.56750377378178,92.08915075036192,51.316409485065684
37.27453996624589,108.53001106180312,92.02438923019402,51.06396561443684
38.067043414875414,107.46743828720389,91.86718382276499,51.11268251182561
38.21257624049343,106.49670313767965,91.72962242396272,51.05960985452184
38.26565596941519,107.33398521630255,91.67423699278132,51.231450964991495
37.21543634682614,107.26840817897954,91.99658814515547,51.17422233955189
37.6016696989383,108.01572112106122,91.99216680674154,51.2081555440955
35.58597982871295,107.07487541393645,91.95097002436509,50.9807847635208
38.417937561523274,106.37899742265805,91.49796011065484,51.5150176623908
36.60042002507359,106.29552486805834,91.37856179007582,51.698059484611605
38.095400224323505,105.25226766418041,91.39060649182623,52.345712879908675
38.4362229338269,105.66670538344455,91.06268999304078,52.50989099686896
36.87573524284247,105.17299572065724,90.6227572958623,52.55754099480305
38.72214096154643,106.12522822141509,90.1428760609385,52.52021175645571
36.12166385116168,105.17017335486359,90.51215999743677,51.92478636382626
37.367567402725854,106.10678604271972,90.56233196878657,51.98823212592376
34.963489834388,105.41291370327124,90.66323746404382,51.98184729012651
32.44882228112361,105.34001556356662,91.1736836202247,51.970809071487906
33.98125525873334,106.885746037704,91.2486329955106,51.91704496159206
29.573173241992038,106.02684115127579,91.66045342395171,51.40672749331384
31.890722760548257,106.53963129289592,92.11309480813443,51.83756846613895
29.730884596691112,106.45497769501642,92.73766272215244,51.8962745645526
31.80725729543451,106.7702458198185,92.29339506018505,52.13464946206605
28.833126803824797,107.05988964328824,93.02768156754388,51.703202031882434
28.24159115224478,107.55780940825954,92.70411124434588,51.414798050245345
28.14347730727929,106.57758345149605,92.79027445009784,51.40677891350988
25.203748209140834,108.4391037684604,93.19356687489038,51.34432940506947
24.73872950274044,107.55018146241406,93.11899422604566,51.50089704248409
25.309629886508716,107.99868254277246,93.2703037099358,51.63379376367954
22.787328502692077,109.20037080427713,93.82042348348949,51.5082480798273
22.66893015673007,107.68602719714184,93.20189936414184,51.61472030920409
20.985353272818486,109.42495360088641,93.47079725923857,51.606704690435635
21.610163478782283,108.0009598898705,92.90278814682574,51.50894521381633
22.673964032009735,108.30919134542098,92.52523841957463,51.853661201526705
17.282529871711134,109.36389200267558,93.28698476141207,51.392736010827335
21.13894005917758,108.25777164477506,93.50682639667205,52.34829969511135
22.24439072207202,109.02767179627732,93.26592354977264,52.56189947946339
24.06939980270233,107.72777908199727,92.68959532610357,52.763549722781796
27.36916698751609,108.74700979361062,92.45204044103416,52.96125048522405
28.714050236825713,109.41244341603819,91.92520466941991,52.95444284596735
30.215656667168787,110.64214964484219,91.60309646876794,52.68381641817503
33.74639878701572,110.12215117810638,91.18523415061338,52.566481050506816
35.709823469573436,109.5557744690172,91.02091582759695,52.63722120021441
36.666387691114835,110.07443515992186,91.1342499394458,52.795239378913806
38.85232153340125,109.14224637816551,91.15007089165275,52.830122227689586
42.567044266301586,108.53027703071817,90.38669302610232,52.94955466838808
43.685792649233925,108.47843475389325,90.91300474908347,53.12166663573991
46.425389582372006,108.84396886083792,90.72035520577484,53.56557119444885
45.48597619941559,108.33759097131639,91.29220613016545,53.49185839610696
48.96549814690695,108.29661378532666,91.76115744010826,53.4849508630481
50.55553139903824,109.8260680689817,92.52617598452123,53.97992966298653
50.413866844851356,109.55618172711308,93.28242908695933,53.969777436655235
52.607872780818305,109.24482412410913,93.0535401589036,53.76021349694554
51.49798041796405,109.87383877876698,93.35287789269164,53.82870081589521
54.29411380723957,109.56464824967074,92.80125862085447,53.79610879249896
56.192654164223896,111.89547324199927,92.69153747834272,53.53940036667977
55.63727765055427,111.09046523050702,92.52179641178702,52.80507272740233
57.86454695923726,111.1514139919932,92.59071341423305,52.94894692126309
59.7866075536601,111.20119845408901,92.64317196781901,52.98446590438576
61.61409031693971,110.55801484341306,92.10340386138003,52.73681460919712
64.50905043228786,110.88101847794339,92.77942744400768,53.15156605004401
65.20386724481267,110.53659405460007,92.29545969343928,53.065944865469206
67.44872603301489,111.30055763739081,92.75081572161858,53.08537585513827
67.06304449000223,111.64218524539524,92.88158992805865,52.86312763814523
69.43274400511937,110.87104671450068,93.01464983260828,52.70888544429621
70.45093330504527,110.79134511515987,92.46965573898208,52.6127741404525
72.1296639002141,111.40144083114748,92.13146568397461,52.670700842022214
72.94666668826348,112.79386637665961,92.24274549968342,52.680614269735734
73.67156070084657,111.34490351462284,91.69905649595202,52.209740068958794
76.7256012111321,111.4788184054382,92.51187486655527,52.52181573767218
75.95417756997263,112.18787563425956,92.39269180963319,52.70386056748216
80.43756932195724,111.44173068969059,92.75100729705801,52.68152657623375
77.73642283599429,112.37617028019929,93.0701956585408,52.61226885803829
80.14189886114491,112.13859848401768,92.6175628907713,52.56957212456916
81.97633359052881,112.72574843875171,92.9941994325223,52.58833082506355
81.9776348662455,112.94986710532172,92.96169836052985,52.62432031477663
84.36343068558224,112.32055224302879,93.52731785390591,52.61198505923707
84.34020237692548,113.26148615835734,93.97955931657162,52.54112568194911
85.77036871163338,112.97328060659736,93.71189994885259,52.60105806814195
87.80002742396366,113.26254815256763,94.39984309471816,52.80875234822595
88.9350636486254,113.37538792677573,94.2141667692808,52.864613819487865
89.81894735100947,114.32639356240337,94.50632325176545,53.09870641671708
92.10806946958863,113.56221877973097,94.44681633073873,52.908232191511644
93.88620973605525,114.49523913967056,94.52562781784027,53.07104298072669
94.29326453583215,115.4873759775919,94.45659326530262,52.88294597686585
96.2166261764872,115.50188195590394,94.2176947863912,52.484740823945046
96.87311512387784,116.85342867357431,94.1945804780357,52.304138605263844
99.39609657017778,116.96552621445007,93.88121064497562,52.16720609437036
100.3492344319346,116.2683201124868,93.44957791348162,52.07494494319433
102.67470279933676,116.54332303962948,93.86620137460017,52.445645301429586
103.46086435322192,116.42099003645663,93.68818540336548,52.49883444117239
105.23645454253207,117.25392918654313,93.89587658007355,52.52130503035027
105.99346868758391,117.1481167586388,93.91882808447212,52.55826488214396
106.95757905260811,118.62305970805888,94.08762607314321,52.48429451064758
106.8447982139495,118.98497687100269,94.40112365263872,52.36483238811002
108.05296030678939,118.54814780976885,94.36414035402865,52.49553357421829
109.02348611198104,119.68453072582628,94.07255525823274,52.8245016650618
111.61064239085815,118.30025208348084,93.66960500516603,53.01185000543201
114.86635477174678,118.48874664881953,93.93144322098887,53.53590017710371
114.73548721581533,119.83772575615791,94.03795301120127,53.52634318465597
116.64568903862867,119.05822529343463,94.5264439998214,53.4560717683743
117.89492791892837,120.61819955562933,94.36635849691243,53.52553011578054
118.09772284066,120.94646872580785,94.7750331893531,53.25575686803485
119.95681410011672,120.72449868250803,94.34531974659629,53.278435465243135
120.79477209984262,121.4280425240192,93.8334750686319,53.15879189690585
