198.5,214.5,34,81
194.6821936315048,214.16273969737696,35.8687732327485,78.79596125427867
192.71827113791616,216.08223317491644,36.923351046158636,77.1290734126641
190.1495052280711,215.34287168836272,37.51282960123085,76.03796525288269
187.99842100342002,217.556468213665,37.48102273543902,74.09741337087252
186.1205228047179,218.36192281846786,37.402900799789656,72.31667959084938
184.54272788701678,223.0800127818752,37.223343254363044,70.86430293628203
182.53070375646885,227.88738429460636,37.30086355754264,69.44812920861023
181.6977626281296,232.23404425833075,37.00108810319211,69.03780736618339
185.91953451936885,232.93329478319575,36.48604163516673,68.00734464295526
187.19646118467227,234.4840885521043,36.10228207935542,68.3073624727987
190.2024787091579,236.0281294780871,36.69729363454062,67.946421524306
191.5508410399283,235.657142609811,36.78308569091067,67.77153146176309
190.50784232397348,234.37057187255468,37.77429898223339,67.34101058848209
195.17599589183018,232.2008552483875,37.41616319509177,67.38642366088261
192.96559662163764,230.52250935078914,38.29554580568253,67.0612817120303
220.23634279416075,211.4063957373234,38.99803768304843,67.20974581640311
219.88941480227726,211.82123765161228,38.97567835433449,67.5871583260975
216.7052573281618,212.4011894651231,38.38220083354079,68.88668730100454
212.07548511719526,214.21693844952523,38.980565712932346,69.92253056450011
210.9200326966808,215.62879001937364,39.33830514201208,71.03445393160871
211.34984966558034,219.20894333141473,39.58136547720804,72.91718662942597
211.10379305858163,220.3517316215538,39.672330312356365,75.03282083405992
217.03311726965504,225.0283922175151,39.63198404475059,75.58223916697861
222.71317681642674,227.67692270392155,39.09957224185661,77.09848738682318
221.4775297954844,229.97838872037858,38.71903484758404,77.71407790258469
226.2119221535012,231.89861964327332,38.695932657185224,78.70144923245437
226.95113760280887,230.31757492922463,39.194576381677805,78.10721031620662
233.94786500069358,230.241968299488,39.17928149038834,78.19856606564962
239.37847247852693,229.94900347148766,39.525231299125934,78.33841074545404
244.58789188352415,229.98835222246873,40.15156041210515,79.06793446446203
246.98577760508692,229.24660728639816,40.868009351670054,79.50122995393565
250.74290066093272,228.0974756756439,41.48838104545942,79.7411659774156
254.44183798813438,227.9190553627638,41.828088120945,80.21788057392281
257.91516249509647,227.2080745541681,42.50537719066954,81.12568435944533
261.6558780375267,227.7478587392422,43.2897570723008,81.70747696837739
265.15517383403176,227.4860925473603,43.21593535767808,82.73022766702724
269.374981598912,228.2484635425351,43.21865018833017,83.11260781184004
272.8055785535362,228.99723404193094,43.70763165978866,82.75171117645162
276.7134133558903,231.54272043265817,43.82803774248886,82.45247976615194
282.01360209694366,233.21815917508047,43.13998802680053,81.7285620820276
286.17177431955287,234.72392100062868,42.86669244022474,81.12722376799779
289.69271995602793,234.9865485405544,42.58120509030927,80.29974122084785
290.5557455022077,234.65395580016101,42.5200428567449,79.69923589810678
290.72079999553824,234.2446173574736,42.31228119517037,79.25007800088119
289.71180283913543,233.23321568434648,41.729535313655354,78.48927815575973
288.83416942630043,233.47202864067953,41.17919887356297,77.73121656175059
288.4634650950254,231.47520469302384,40.70416912344672,77.36774728100603
286.89556101639505,232.01520617798644,41.08150841435919,76.60277080296123
285.7439281422208,232.0119893118576,41.02562113040483,75.9978736088006
285.55562591434045,232.19354044432959,41.73118454455283,76.10178979912358
284.3285694424133,231.2624973767998,41.96762704773337,76.97576169639783
282.15613731040213,229.52067815613685,42.08197583171415,77.49025340920811
280.35653508701284,228.6491130534833,42.35484961671906,77.23100038239849
278.995300968322,227.28186813939595,42.78461970918803,76.68886791519353
277.7972623981374,227.18924937217847,42.541957025262256,76.03538727374045
276.20648379885125,227.83298482283863,42.157161379596225,75.44996401846583
274.23697797677784,230.32533907634823,40.88686726049845,75.4770009643275
274.12132643988366,234.6656650078167,41.44678066510683,76.44805198224994
269.26981535836273,237.8076860866204,41.597284937218504,76.81509472454485
269.27399625066204,235.6535096520123,43.052227076226785,75.41553896338998
262.9908824017641,237.11824294119702,43.98864444077068,74.51575931281594
260.1684932995215,236.27116840660568,45.68733862273393,73.09659661442052
256.7261523759048,239.81415013352796,48.44219058639186,71.3547612924424
252.55989481519003,242.54805991246067,50.05201178768595,69.91945153834894
242.71989069447088,240.31501393770566,51.79734290510082,68.77787222702523
238.637277483249,242.92366186777505,52.136664004516035,68.19485418747361
230.14395060596138,242.95871124301806,53.09087757354436,68.10180425873489
225.54010950254252,247.59297709010184,53.97594797160522,67.36465131060004
217.2489272446739,246.88671551122226,54.67915637467163,67.4932036355345
213.44556379733024,244.20421479086576,55.61186822419289,67.72776293376093
209.1745676078025,243.93843808150598,55.93822339621713,68.247018212737
203.9803768480431,243.52238181213244,56.31560714351912,67.93718157469576
194.3856145449534,241.23967631398259,56.35703185040655,67.50315762302792
186.22007051919113,238.4620387051604,57.20300866535881,67.4493196242721
178.00546095279515,236.22944219981196,58.14388837401745,67.78179597923783
174.0456944761844,233.91067187878667,57.63095291293237,68.6224070234338
169.31974975133926,234.18685967044493,56.468992722730036,69.89496961817967
164.2645305733904,235.51977603439718,55.68328144331281,71.23500961671559
159.2315400950474,235.9631399007946,55.16606194528691,72.1553793189183
155.30329305403833,236.33867572991232,55.28595133675328,73.2650629850466
151.14404992744878,235.8334172707781,56.192070246029814,73.65493491668556
145.434366512761,233.1210425435915,55.887652628689054,74.71467506319743
140.5915545946028,230.67444065735586,55.65301031357723,75.82079830931677
136.49171176561282,226.42188698211055,55.798963099547926,76.19692120851343
132.25591577722759,226.10476863117543,56.260604438501005,76.57940246418806
129.11483126434382,224.52274527457786,55.93988011175999,76.81345674002054
121.9651811570615,222.8759575798492,54.969886541229414,78.0206609460825
117.66301201119893,223.252379770121,54.503815058174254,78.327678821589
112.29894581298832,223.10822440291844,53.90153554358474,78.68759034333574
109.89043612813413,224.71951380122738,53.176950394402766,79.56771893273472
110.6915977590642,222.94721175717046,52.281763942368514,80.68606111899302
108.68083858932633,222.711123557339,52.10562421986306,82.35008126674865
107.71254283686818,220.8111931476601,53.083827634645665,83.34716622627363
106.88846692498991,217.2537671296535,52.964987604688226,85.15795255794114
106.63874635497848,213.43678961942257,53.68416886726777,85.43788841336398
106.7402060415316,213.27804027772868,53.354649034943506,84.84596243416169
104.68992935318668,211.92293592418721,53.84871728323063,83.7072536569612
102.18744879162911,211.1816835679249,53.99939936505549,82.09941560939976
101.20559905378191,211.28256632954654,53.21107967380348,82.30258058833277
101.4763713304798,212.20682751067105,53.1333449086348,83.51203852507972
101.7208791161812,211.1717766369821,53.689511565320366,83.86772901376015
104.36857938000827,207.0473727538719,53.17162692588032,82.86494605122073
108.51821948749338,205.40120560400823,52.720917534579534,83.59305467727253
111.44816696038502,204.2226671431415,52.9238096447655,84.95880115419322
113.5575890444949,201.5750405564821,53.59458196595615,85.16826321651962
118.57595830934542,198.51580565197617,53.26033710385764,84.65306651018115
120.77850124753687,196.84972049336724,52.78102127180155,84.16537398483915
123.56001722534094,197.81138016987293,52.067114701477806,84.00398235571237
125.9060669997666,199.30799155121323,51.42755593174027,84.44445896246229
129.80755254063666,199.79019450462536,50.63737886779187,85.38883315359946
134.24678347353472,198.3366000482087,50.51467910221552,85.58643520768341
137.6888778139844,194.08284863885257,50.25222313310817,85.30845371243086
141.3418800163833,191.36633695954927,50.50652480054546,85.65518003582014
144.39804925773404,188.58636360819128,51.08924657098727,86.00645612238625
148.4492590957333,184.73035561577183,51.87886237930271,85.5567051013047
152.72195055308578,183.40116667660394,52.326973498411206,84.90903220220518
156.30611303764746,182.57907388993976,52.31692222618726,83.71130431384837
158.71742523740645,183.43245192636655,51.869374597451774,83.08721571097313
160.91138207626474,185.4813079835058,51.463901391384354,82.68488929119843
163.48966531074038,186.9356996628638,50.894370101571255,82.6854339163386
165.524197748908,187.58857460468678,51.13642239747725,83.17502600122903
167.98102028749952,185.60837513785685,51.73746819630125,82.65271028187372
171.32871414395422,182.31779800021368,51.75661190505326,81.7459251994025
173.89269108587015,180.77865739115225,52.413138116131066,82.55201250883394
177.8509130251761,180.4673649638051,52.656531960297485,84.02439049964812
181.66974027543986,179.19922690288251,52.91763444066595,85.04140156583688
185.95675769048347,177.51601197643814,52.98959093595718,85.6911339642731
188.0053964356984,176.29064936179225,52.55130549760553,85.57519807410378
191.57940035378275,175.74324501507792,51.610570191038924,85.33512105109418
194.26152737938764,176.57443750386216,50.616393273007816,84.23008343079881
195.67986381654305,175.69902999158148,50.05746087721265,82.89561064598817
198.1911945354461,174.95271559072944,49.06826196382059,82.12718517027221
199.96547117955043,174.03084084087553,48.398670477140875,82.04749671698477
202.59433884011776,173.5661996568194,48.47085640158115,82.22087119191616
204.8497529958822,171.84270993285944,48.85953465896097,81.10201277972868
206.64340346663408,169.7947789058343,49.7331597733654,79.68627100153408
207.44886982532154,166.19702257251896,48.20796113278845,80.30416745341259
209.16117256669838,165.2484000207296,46.88691323670467,80.55495881877866
210.28878274587638,165.80155819188644,46.27873479519593,80.33757410850694
211.36535788147773,166.38334187347147,46.12878934653348,79.85054694127885
212.51236501172596,165.74866136073663,45.81552981912267,80.16612719644667
214.18979470698852,162.90110864313274,44.94957800420486,80.64582049176188
215.86385443504503,164.4726492559308,44.20421528675457,80.0075622356024
218.6080816646556,165.23865639710067,43.5075923209111,79.74602584423101
220.93097872149443,163.96365094108205,42.60633722967911,78.9919252755553
222.87411544543943,163.7477538219376,41.947783803990674,77.39536248488305
223.96011408503864,165.20289480931018,41.383200293560556,76.25367787456352
227.05213618953937,163.3713176962275,40.45414094021095,75.62714923558612
227.29344679379946,164.82852687811194,40.03049574862946,74.72685645737324
229.84005541821625,165.9402081933015,39.505891552164044,74.644410651335
232.6189271014473,165.12704449498875,39.32456725308474,75.8469312018186
233.94079278222358,167.46092825704406,39.62835829334185,76.32801221133838
235.3980406665728,168.20963186054058,40.216811524048325,77.15785572341574
236.64333993485204,167.78519655019574,40.210130700655164,78.017895765592
239.08382793163986,166.79788324077168,39.869689680224056,78.03837027720135
241.16020639557695,166.35182062468772,40.03800628445437,77.78094292567485
243.26303549692707,163.27145860337703,40.41819736687984,77.72027910513701
245.37915444059576,161.77706314741448,40.72535671922752,77.89744668217745
246.84822203778847,162.4397246562907,40.99090800059588,77.55391194205103
248.94865512000118,162.56388308144935,40.823851974872866,77.90757375136359
247.89703232050454,162.04475635187902,41.6301237493651,77.90946480091259
248.5162745065695,163.5374827158318,41.97126736795788,77.90927661272565
251.24264282669708,162.0157965088575,41.03909862168459,77.17443552569766
254.36534035849567,161.18915855866254,40.93348312580595,75.63959606773497
259.1063519883834,160.47690338622684,39.55273817108417,75.53948695250045
263.04531546867497,158.74119809041227,38.65466293321839,74.79875746081662
266.209434824948,158.56890587216688,38.21161661492884,73.22328531581019
269.23222294899574,160.17254051252968,37.74063867921129,72.15605047226418
270.3410649024483,161.62458284802716,37.59037120182589,71.21632413104211
272.7684163299795,163.42253326498036,37.63421361196119,71.67002103730907
275.21403543961105,164.73661547919068,37.60567728555088,73.05124076416189
277.7866152545613,164.99120036543638,38.42029310349581,73.763872749483
278.0183606657909,163.40414919256557,39.070758732452674,74.45600025506042
278.3522434266747,162.73832852093273,39.0575174774049,75.75096183870451
279.656328502954,161.07019804934978,39.61735708284182,76.71917769024134
280.2936957712626,159.59040925719188,40.06384339716914,77.0237903506985
279.23697868561965,157.36839537855965,40.21773374425927,76.61903270757233
279.09512803467646,155.2817104914123,40.32438955182758,75.67838356478329
279.46854010020877,155.74617297619776,40.256254542963006,74.18563549130766
278.53503915280504,157.9757011157862,39.8894205021778,72.98890449899605
278.71145809473734,158.41121279397467,39.47411132167502,72.89597406339925
279.37549834590783,158.55104277497088,39.50049415818593,72.94781120438267
279.8498290640814,158.27677595380766,38.75934393824076,73.84752563856401
280.5423196081008,154.9658186741486,37.0470172703394,75.35574791425171
280.0008606134382,152.83991608496584,35.95387887462437,75.46009215511725
281.4791832856292,152.33036987163626,35.46857466336005,74.97509415342401
281.06086121224547,151.27582312329034,35.09489702610797,73.99837818089289
282.2855114011683,152.29118716857892,34.65725102524593,73.44822672472279
282.68205355423186,152.95824314437286,34.478020888964494,72.67400414929837
283.21343480552645,155.77708379412286,34.15109018349821,72.10069300513284
282.5724681404488,157.255502570153,33.65195208916933,71.9309161906824
283.89600304402495,157.09109365364807,34.13097590803937,72.65833203900063
284.76041719682786,159.18261656108425,34.156196188325254,73.96093676352648
285.4080846787525,157.8702923502348,33.4696846430931,75.71514654987614
285.8092583381747,158.00355768520623,32.47291916214141,76.46830865852058
284.83464865316637,159.6000560615679,32.049958308693014,76.76407213872264
285.5959059640358,161.10246457378292,32.70702342175642,77.08203381607483
285.4345084108864,160.9958903623011,33.18252589619071,77.82886553905676
284.3756866553277,162.27857494195297,33.708629428327065,78.21751854886625
285.16281283140916,159.03261109927826,33.81477184487902,78.66920356224912
285.0797582814908,156.20219215745573,33.40102705238936,77.66338924328797
285.0948667475792,157.75713640109387,32.70944347869114,77.76303611634798
286.7113111305984,156.6468492923649,32.42840918004467,77.3467401880082
287.8136281612907,155.2763868522536,32.344491928886534,78.2361423841335
287.8154568601587,154.68472449322468,32.95333192046708,79.44977846314654
288.17104034152254,157.0454730768366,33.24005632422115,80.6946266061339
287.9549980156383,158.6068405358938,33.63207986349638,81.39509262910529
288.73498347799557,159.6853457330601,34.79454560527054,80.865000073823
287.67597418904586,160.3116186075816,35.1433589705769,80.74209931474734
286.6667996765502,161.70602159671037,35.064126609001995,81.02748657570186
286.3987148676107,162.66625916515795,35.32646575345797,80.92389631410421
285.9595390475522,163.55224847799653,34.837334254536984,81.74545358854306
285.19211867855796,164.0443800623164,35.3834963583587,82.30700135778478
284.121198912083,164.4342492047387,35.841873509945636,83.28560641190656
281.8087831647825,164.18829915129172,35.233013789031546,84.34932963891771
281.2631879467612,164.31038952688527,34.252236384879474,85.39106330881211
281.06922569276577,162.7806929015017,33.533148740198484,86.3242444395231
279.6671743587438,162.29154666957257,33.00630019440575,87.2257009953857
279.68480249908254,162.41702643065258,32.7368877372804,88.43976284506708
280.09229174279164,162.76341833583677,32.21052501304956,87.38677326515985
280.62234419945884,164.89211094055253,31.880520612219854,87.93826027862873
280.5664007126699,166.5541248731099,32.02747120272911,88.4174588844612
278.5375499719543,166.46890105650814,32.358577043977824,89.7119717976254
276.7016124081035,167.48379383265188,33.0103100932798,90.59803497733256
274.9487183827934,167.4538020411344,33.73781812413981,91.01798749085035
273.43305155062376,169.40795378367844,33.915045362240114,91.7293768081915
271.3146865702772,168.8090303258815,34.25758405782699,91.28441182936857
269.7041522634977,169.19246718368157,34.41314812045226,91.56670050161634
268.6095675755613,168.9615984580091,34.268186970735954,91.748862247433
267.3407191090298,168.12271191380364,33.511114378271024,91.78486437694347
265.5638190069958,167.55119944294097,32.368335602846884,92.05629721423381
263.1673271514091,166.5569727609673,31.64644676305594,91.43612087465944
261.9041414008784,166.85637596956104,31.516181549182008,91.43990102487385
258.96376599645293,166.26991991202354,31.4360592310493,91.53704311946393
257.0514251391761,167.6472221805837,31.334293315674397,91.03855592624623
255.49901507810247,168.98528948003298,31.130295097520104,90.86480408262722
253.7934487759796,172.04687088637104,31.85208877926519,89.95046590450303
252.13585069456036,173.45140226247136,32.572428918315296,88.27575893576496
249.28730388867334,175.9382371630156,33.047932487975054,87.57262794159175
247.3219176174138,179.25001559102677,33.458288293891364,87.10285202276425
244.4417695168728,182.24445893271974,33.91273541965595,86.52185947389975
242.08421934721457,184.26650477509332,34.09725380783107,87.31186898925634
239.0457372005389,185.75191552866545,34.45339433638139,88.2744717165024
236.16215457118318,184.66713861003146,35.35206222341924,87.64194253832845
233.317347539673,184.64538638592163,36.18633962033246,87.53702544569178
231.31550826627878,186.17381963001844,36.938658942801396,88.43546477224115
228.74359120908127,185.79313912022207,37.88284229273108,90.38858955049332
226.2779495040649,186.031944782551,38.800756619359305,91.87902083791126
223.6341019732974,183.73631579530806,39.64281540846392,93.40416915510951
221.04781531829104,180.34693438383718,40.04141573034791,94.22303064519603
217.85139899668397,178.6490472207424,40.65407602553961,94.61253480117381
215.15153627199675,180.45971148006754,40.706872878417464,94.71577202692353
213.13433896553317,179.29415225100902,40.547223855022594,95.31426762317842
212.83096049953429,179.6038143342893,40.54156404278817,94.66152841475393
210.5825757940023,183.27241298426242,40.24510435076375,93.4843838911444
208.85258229768593,186.24740577661942,40.15186296510062,92.00998090607025
208.07697520702808,186.98159223351752,40.458546230202344,90.00767041884117
206.430160705155,187.35612662529522,41.15165939151077,89.07098941464079
204.21023214226574,187.11824151551062,41.8033552395183,89.03064587612283
201.42677074108457,188.57603311495652,42.41296164325999,88.27367945846579
198.56160444849328,189.75361309530075,42.90181435478537,86.93822968092093
195.67837297902375,190.6931705013974,43.14026358751713,86.00764089354604
193.04101988136932,191.24013424963331,43.43983493327764,85.43860024361656
191.2389558161079,191.2536852790885,43.39448152884264,85.5072167845621
189.44204326142636,190.14499505204603,43.86440026422806,85.10940005694539
188.08926115459775,188.6499247051394,44.21651370273878,84.75285557963133
187.6382810420868,186.39572024511654,43.813355843806825,85.08346098328914
187.22482466453673,184.82729373653797,43.682190095298246,85.2293064339942
187.39948043798148,184.04391351993246,43.466310564185406,84.57942353377018
187.93962341721513,183.21935329870223,42.77705318876787,84.70430133668904
187.61961263838455,183.82065744638086,43.07580123001247,84.04054167986631
188.20860736258567,184.40678326086498,42.83928818627713,83.50315700379416
189.05971847282967,186.62661004686356,43.02565367903068,83.38068835687636
188.88158112429582,189.25215988558097,42.4996524371107,84.1414061347333
192.19760113879184,188.8166111424993,42.494574593024666,84.05102568558245
192.02633916279137,189.43009465892376,42.28168118615034,85.45519650063392
191.882227496022,189.8243982676717,42.38763491667506,86.3920201293523
190.34640801146614,185.2890425975135,43.22194774061466,86.52193652490557
189.258358244092,182.433487689247,44.116085834322895,87.59781293918638
189.10268910753194,180.3153149342533,44.443792554314655,88.78687479972915
187.84665791973887,179.94388280545041,45.179858840919174,88.53589037588506
186.9235032136815,180.07032019538053,45.46558954915361,88.59011624967319
185.1999092958311,178.02776009002764,46.310726603604394,88.68860506694637
184.09007545293332,183.12290631781852,47.46426448574246,87.40779842832016
183.21594812108157,184.58305577007556,48.38217333998624,87.41087608401726
184.03470369388162,185.45365034008637,48.23440232767165,87.92628422449796
185.22938778436406,186.72962772465706,47.48891665975303,88.81180465982435
186.58565182789965,185.05652688740753,46.16878490351533,90.27683844568209
186.8837258156417,181.5885828544117,44.72844591326455,91.75620976896742
187.238391215708,179.5178118081243,43.862664454095295,92.63183241459708
188.13356864238787,179.28538790114067,43.17357288541875,92.9359879986973
186.94273324927096,178.30489493074109,42.87167900871923,92.6783653217139
186.5822998016426,180.60421832455185,42.7615768087459,91.76448744926877
185.72976888479707,182.80670879793638,42.40793331254188,91.82104910885343
184.57841156283007,186.04955243334658,42.171456233606015,92.05937135188803
183.9389770374169,187.996035417481,42.18133381409547,92.82993382600198
183.01385858838495,188.41884438904506,42.35991303069417,92.83377946491277
182.11366986867682,189.0365363569431,42.583154907213704,92.95153302225027
181.07235107106158,190.7372829213342,42.87217847255985,93.00645197041808
178.4761200135024,193.72364722659853,42.97420508276491,92.58934021551079
176.62592157913787,195.82879178539298,43.25754157628034,92.40437401204542
173.22377985529303,196.4764808903804,43.32598851808012,93.34223449912255
171.13868893100744,198.456787413317,43.970665300733316,93.70453796097034
166.6444755547139,199.40439902199262,44.79417410745863,93.96175409946929
163.62953516091287,201.52631436347377,45.05399483265221,94.47541071356513
160.8935265541477,201.26451919233546,44.91568432554046,95.9540509878448
155.5830721919332,200.8516333799311,44.831023782696484,97.30534323538375
155.72843026544314,200.07988461266206,43.93122434080814,100.50926321426542
150.31950957418078,200.01342515981645,44.14856943121861,101.23583156692087
150.15343051081587,195.34639245771166,44.01212189059577,101.7464735855103
149.12106599970522,195.82745060388658,43.028492472417874,103.06816409400275
148.11472901605697,196.15668772502775,41.50569738453859,103.73188085170518
147.09798962008557,195.63845107652583,39.959458540373035,104.04895475610422
145.87469795129817,196.6476561258177,39.162613170825004,104.25253953438204
144.21236525037602,197.85747438584795,38.6673861662057,104.54498826136131
142.28631625018866,198.28382918834032,37.68519413896199,105.51521674097891
140.52476045185102,198.89897556211233,37.49935688500554,105.85432585367205
139.16152763207586,199.74358776392273,37.313484506138536,106.23025814827812
137.4884831036907,200.54268068850166,37.666319855023104,106.1987155371879
135.19874903551553,202.3396557159147,38.44461573490371,105.7542079166728
132.51402664021123,203.62590742743453,38.98709376296959,105.87977096664028
130.53474356766728,204.86440654946907,39.2584224069131,106.48223978075299
129.49093908482595,205.44096895119316,39.49916416888326,106.89162892479169
128.46018563336784,206.34902100816842,39.67161212423633,107.447261575749
128.44046528494943,205.82281873939127,40.0015526870819,107.68695296709362
128.57662877906438,204.8116646567946,40.61066127195309,108.01539309124843
128.65102502318,205.60474969707886,40.91289885927189,108.37589270844141
128.1571140485899,205.10912501650913,41.13653716797205,108.40102331662452
128.5444517608567,206.4877624924139,41.120305516231255,108.19637402094287
129.07573031339052,207.00312732080783,40.84794143246109,108.1930832431681
129.68820518361633,206.64267756157983,40.49773342508364,108.04095311236644
131.2420778307386,206.52144693044187,40.07459730556755,107.30379207020277
131.59502464757676,207.36883621249854,39.46673564722009,107.58832592598083
133.09937494655463,208.70795401831236,39.05768996221295,107.12385283609694
133.9119396837218,209.42622651323586,38.74657730687889,106.16815544337214
135.87435269031272,209.91673732400974,38.45704382375685,105.30474845615942
137.17895016868454,211.1330176975111,38.00250933034633,104.4027191155593
138.89808641869365,212.15749167148977,37.66003627643407,104.23927469810431
140.54427221443143,213.27133720085988,37.33862196416388,103.87836666224459
142.1814871800674,209.99777989802152,36.633694386560165,103.94394535636125
143.337424320923,211.7122312402711,36.258482898008424,102.82865370244069
144.72684147177785,211.39692179692543,36.02730751658683,102.09067388956237
144.73026508999232,211.09056782099105,35.84212617812331,101.77171111608547
146.33691279534088,211.48309842885925,35.758455611023564,101.46516373720976
146.4776355357721,210.9927485490127,35.50575120302449,101.03474391663399
147.25182496463904,211.57473148066708,35.580617703757696,100.5645265274463
146.58121981431535,211.63510510720997,35.604606958910985,100.25059765531245
147.08305765269003,211.96397166248215,35.44035404455557,100.03767982282133
146.84517099798944,212.74223487694115,35.40782347326524,99.77834441772995
146.50436091161703,212.85833543889544,35.20587911420693,99.67612187608441
145.63466892539907,213.17050432888513,35.37246233114209,99.46602839027155
145.16727024092324,213.43086546757502,35.10930337647006,99.76990657103694
143.44064602346808,213.6253736824059,35.12312848870277,99.51766678238639
142.51588961284295,213.61828910337715,35.271142086243906,99.399769183957
142.07906663171525,212.7697381646419,35.085939667456856,99.1062796546053
141.37151034663958,211.3622925527821,35.00183365450119,99.20360724917452
141.41135545374314,211.17931994779872,34.64304671769122,99.3619839477744
139.61006916295287,211.13152356689628,34.53664446101495,98.71158929426561
139.63584047886775,210.25131869663375,34.40757851572245,98.38756237974613
138.7682147660345,210.55112377781094,34.52452533113655,98.37025252275821
138.7943752621328,210.70957201673573,34.392976071866315,98.75748705210317
138.68361126801744,210.34788446485567,34.36040549571068,99.67107722193859
138.25649366954283,208.76921791598312,34.37657232660914,100.57205574929492
138.61686479478607,208.17272334849554,34.63037752189678,99.6408352418598
138.95344744424418,209.07907954701233,34.72275014059454,99.44941424382833
139.0913155246542,210.396868671393,34.8543880041657,99.23023714290937
139.10930391755466,211.23809985562028,34.589580523212504,99.63099358739731
143.79417125926153,212.22511927848763,34.32381064540175,100.06045148391118
141.95550125656547,212.514675727492,34.10596231918985,100.22059449105376
142.69849045154783,212.2561584310212,33.893858092852795,100.9223895055099
143.87948069299142,212.84653473210523,33.86339530634619,102.646324546393
145.0634470066408,213.7349715189038,34.157175563950354,104.32244579625166
146.27243164891303,214.23810083328863,34.7281965862602,105.27650203736263
146.77307237281408,215.4038495742202,35.41584755728133,105.93588289908169
148.11172780232738,215.88052721405634,35.85005150500214,105.8127133307932
147.94581626117176,213.90729841591138,35.81900150992086,105.20436707881649
149.41103624947448,214.1314900935517,36.21569447360773,104.71272199435512
149.73991293542093,214.96029795390868,35.70100047461677,105.12159668539954
151.1520252136828,215.06755118345563,35.892896828737555,104.74602329183926
150.71585484633405,216.64302244105147,36.01477163392683,103.94333903355985
151.61394521628722,217.857434851823,36.10153869656415,103.1233651679799
151.84816109976924,220.07961893893759,36.315263253986714,102.69658560916822
153.01112751410452,221.3802613431234,36.60113443380004,102.53549564599615
153.81745343338216,218.8752561673607,36.60906255320681,102.32848834691728
153.21975145073705,221.22466272220845,36.865786108111855,103.51890262751114
153.71878195162256,221.41179303456565,37.089540811640255,103.46764556310139
153.40209578422525,222.7837344802823,37.37581926625832,103.27244536133483
153.950391979523,221.06796923650853,38.21136674916746,102.51312368366017
153.48064361096817,221.05123820581593,38.89633383129737,101.97461105031651
154.00595391837547,222.42996718576035,39.42210157555262,102.2359144868358
153.30924727077507,221.76915099162247,39.627901741137656,103.21896516405769
153.68327778708758,222.08583092170042,40.204188681382526,103.28134129490292
153.87478793984369,222.08068999389914,40.49832142676979,103.05351809183543
153.94011465079745,221.91376923764622,40.59016874634404,103.68177117417503
153.41447527115798,222.33950265031186,40.66445257392512,103.32062786259003
153.0865665362209,223.660098676767,41.05763570685095,103.61769779545855
153.02173682711793,224.9613062755509,41.00036269538556,104.11000677620495
153.38801505242773,225.45172145698416,40.97172529784363,104.178917919915
153.7027617250264,225.61339604442165,41.07349404046828,103.8010536552003
152.85026635037198,224.166514461632,40.764799801755245,103.49771785036637
153.409679301015,223.4440500272633,40.50531993261188,103.53468332398504
152.62663960827174,221.60038789349113,40.66065250527796,102.78664096097519
153.24801605242203,220.93498679093344,40.016137965938235,102.71214266808187
152.99699223580492,218.2486450320859,39.73910014184746,101.59989137895319
153.49061423552502,218.65046662525316,39.317963892346285,100.77837592055937
153.41936577213679,219.50437816845738,38.89652536046259,100.62565136778133
154.04008932202484,218.35277037785298,38.74010202148206,101.14316734304833
154.95294624173735,219.0984900807111,39.075426103962556,101.06938972341155
154.95649681616973,219.46128079522063,40.25424686252271,100.94035756692966
155.8578244892346,219.80134262775331,40.709291721242266,101.33155860794187
156.74695891998104,219.58111667324118,40.69416473024802,102.4273918984778
158.3426518445393,219.23606419323497,40.66312658125054,103.20657117958143
159.66079086161707,220.16546910272967,40.76390170299403,102.88289162296692
160.29963269546738,218.8306697494158,40.92567282922346,103.35235939011102
161.6087631959005,219.72217067634563,41.17236129315515,103.54203977387648
163.50256135854676,220.02266011793316,41.04648047537003,103.59090559675991
163.74034076837103,220.49313035872908,41.69115256888372,103.91641850052116
164.23298305267917,221.50911969636672,41.72065138268317,103.4114776842089
164.98036994292542,221.6968452483062,41.51954944858045,103.32049666165928
165.6856939245665,220.14207449263898,41.36753283390821,103.77128072479732
165.70343393854068,220.68511784813933,41.21898228818142,104.546147225581
165.8969629785483,221.39810996355638,41.52072317218986,104.31087771165818
166.9320428118884,221.4504950881714,41.60488112292598,103.64846905567461
166.41827774811253,220.587153110896,41.42234612405866,103.44206208500873
166.54301063761105,219.8517687517377,41.522492014840466,102.45694777720227
167.75215436808685,220.78845401788593,41.05344488077028,101.16757807078777
168.53747310519128,220.82131580137604,40.570405015127704,100.81506538456392
169.35404268788517,220.66997563274498,39.98782239022912,100.63720344949671
170.347947655369,221.99892978530852,39.97073942211934,100.36878098039868
171.97861158486063,222.88291361673677,39.69550699160287,100.32435290837776
173.93710178373675,223.15287702215596,39.33259444396353,100.07664534893364
174.74977960029562,223.8513074643494,38.95341851074355,100.3616499182669
177.2604245479834,223.11722186783328,38.70999164103327,99.75426364097748
179.55194610017668,224.1935320353499,37.90725511432923,99.84046791188598
182.64843674781918,223.77551917920943,37.47247923286261,98.80940149159856
186.79756577091788,223.82770185387733,36.63642230513445,98.59301671514211
188.51248379872334,222.924343615366,36.09904325788534,98.40630806132062
190.019518147002,223.4804227702455,35.840756688708396,99.0596952389655
191.9062452616566,224.15531913544814,35.37982940069863,99.72999618798832
193.65628298762437,223.24856712197547,35.142759205415935,99.25678280007772
194.64455474959846,222.53014353380314,35.142620944414844,99.03890454402642
195.90238539022002,222.89186783330067,34.86310062958712,98.09103053976749
198.70414512102758,223.96998075491808,34.77908762243979,97.037985343429
199.8633773597619,224.15775729550288,34.80156576620218,96.44116472597689
200.55085055019046,222.67481596838542,34.551583980186095,95.04935752272885
202.55666931164012,221.4443362547185,34.863927265544795,94.37194047568218
204.20758205051226,219.8800630839698,35.32113928245999,93.99968096238229
205.96254448900677,217.83843358186272,35.57218571322543,94.38092027512917
207.7238417544652,216.58706991451447,35.53573000295676,94.53670518505146
209.15871566629184,216.19702509670992,35.33082049335992,94.38075108134174
211.4141795881129,215.89771671052222,35.53353810793924,94.32299983652047
212.7601380044354,215.56703409966772,35.605738754618585,94.59407259254264
214.08558758838052,216.5214621767769,36.16496288728072,94.44150866225466
215.63289591002857,218.48946626813006,37.119810469753666,94.36290494999209
218.07497961050873,220.68258670668158,38.07296339655211,93.76346755685204
221.65595176304282,222.35694161903203,38.53352189528644,93.62521863341154
225.33209606735042,224.708888671662,38.78530061226324,93.07241085856539
228.2850690799824,226.7101516359975,38.96958695928319,92.5607155897607
232.2167565285672,227.28088807864702,40.00011674808772,91.87761425430645
239.1682393441542,227.84283666221,40.433460549897205,91.12904819098218
245.81917437284773,229.06728992016343,41.191005356096504,90.49508534630183
247.1369572330743,228.8195627261909,42.008027240166065,90.057537441137
253.89706017199325,227.43423111709916,42.09247758181061,90.4644153924443
260.7271876291186,227.8169333470093,42.34675723634649,89.48818276244367
266.5851661330546,232.503436782998,41.91085336720748,88.5397783990112
272.7808519165684,232.97198180668764,42.204687259774566,88.11919633483963
279.1115397788753,229.39329511911797,42.33821529034879,87.12709651967137
279.3966540806798,230.5645970260973,42.20415711573101,87.07823798502484
285.45187400941427,229.51850021351618,43.43508021144813,86.39710807426785
294.13420452835055,225.30850172223725,42.160770278311986,87.8344914932881
303.6155472666399,221.5326997366506,39.88480278879376,90.20549434446626
311.65459289411586,220.22393675004844,38.79264865237215,88.64669928800753
318.3597834104729,219.4302990963041,37.987529422331356,86.96550478501038
321.6743459990927,219.74178794881962,37.4617963692678,86.05323870817796
330.25464754117485,222.4225409117081,36.99187092792575,85.55771006969346
336.3327352631316,223.88236217998832,35.413387515872586,84.90174608385325
342.8745403466953,222.6818407498196,34.56705914806162,83.30593344683048
350.6379763301481,221.9601218760784,35.146710694949974,80.43161454148083
379.47949328703004,201.56441623553434,35.29762300921342,81.02381088726624
378.3784389820804,193.40417338039163,35.4758003542354,82.34495844752723
375.78858519333323,192.80805343279152,36.47591103078976,82.73217556660057
374.9412628308611,191.0980095142788,38.91370700323546,80.52015185424858
373.9629383867677,190.68977802113977,41.17466096802135,77.98504638006216
379.12260483768546,199.12200026023035,41.84380863411803,77.5917818640392
375.53142454276957,198.32997168147315,45.16289965646015,74.45617635523281
369.05085189061174,197.92548322856268,45.80101639632267,73.55334839426297
370.54113711484706,203.88414535936974,46.1141013433598,74.82794918147697
370.0196555389508,206.54877776627183,47.08669166035067,74.76328798247997
364.0554088719907,209.02735307221556,47.07741128974206,74.84829692793501
362.70878967788053,214.35001346513835,48.24458540126719,74.83959475628622
355.16884934794257,215.59387138123415,48.669615101365245,74.44203214141025
352.22408244938106,219.25158076426507,51.62760221040849,72.76057791392265
341.9947603708679,220.30166160231192,53.94077097986161,71.18321358394404
331.6815456898878,221.89591096895018,55.708534875513166,70.36760103154525
322.29982433969525,223.7247471753551,56.98530422079572,68.69971810466677
320.1724324246232,231.1595370512499,58.29324490366196,67.34190383291869
311.03517418507664,231.34382950674797,58.697693786319476,66.53755130112066
302.89909657556353,231.40938298400067,58.43772543967188,66.14642319650304
293.48365776315916,230.19234360926478,58.58278725332343,66.10858312464002
279.01576930495094,224.02977737563057,55.078359549378604,69.79617858934495
270.89253006018095,221.19790192434624,51.74495255613043,73.35372808162006
263.1542960913853,221.2862571982102,48.21627255976178,76.80207642328116
254.77700651971173,217.38836982029915,45.11813334983741,79.82851209447803
245.46680922387006,213.42775449581978,43.31611125450905,81.38430189794721
235.75273904061385,199.9908321211903,42.57292784477633,79.81034314989178
225.2892658188594,190.79560143146884,42.60028665705966,77.32982903494992
215.87725703502835,182.1556536857435,42.500239588491276,75.21625948428637
206.51885434850428,182.49219987113537,42.52787603148575,73.26843285485084
202.70649914630405,183.85014574028855,42.52412078342036,71.55426380998779
195.34937746870037,185.33267374931722,41.05677310469218,70.96643533671497
187.15279804307346,194.89319547079276,40.073354578626635,69.19618382491623
180.29666034016557,197.7038747923922,39.33034491211579,67.05460394834944
172.71274023312304,200.99829751246776,38.537340132609515,65.27392882680188
164.26876068326524,204.53355750047666,37.5937429121347,63.808430327529635
152.5309732245199,206.3731982915252,35.58583546878554,63.127553486719805
144.82654884117372,204.81146324789657,33.97603990259215,61.98902587423953
138.3062848424613,206.85964715275813,31.82040949089831,62.29956419244609
126.53511202220358,203.67316171949352,30.30416901080833,62.958732244491685
119.95939259780067,201.5867394016431,29.211916415217164,62.23010669586637
113.0593118498619,199.14119711223668,28.146856887535137,61.522641431844676
106.30637049710535,199.02823688081878,27.39885813858047,61.12096563556336
96.07637912756888,199.12743844149992,25.993196422697345,61.52022073115435
89.86587919551322,198.97441211474697,25.530097280155843,61.77423068803529
82.70377749708837,197.7540666826836,25.298916994754563,62.06612189434036
75.50285637104967,196.90634219475066,25.61230213928801,61.966668664739046
67.67833632258007,200.45237883629216,26.72553558034342,61.900866724887265
58.38756639818587,198.34630461031043,29.136928486993163,60.37166166504042
49.61937870678443,196.18828840380735,31.573780325484503,59.751294141370494
42.61829496030566,196.09218904045196,33.10771280257291,59.207143702641716
35.92897857403152,196.95116404002525,34.09165982988194,59.69150593455898
33.93943978698593,197.53282127892376,34.49706892405368,60.04304612633284
25.563723666044066,197.73488144289558,34.887979849409085,60.422867067310094
17.538148053238807,198.2448714984328,35.19105082141853,60.973575680753505
17.522589559938126,198.25714974294695,34.497905093633904,61.781580505831194
11.520542119978792,196.33420326109572,34.295950054424154,60.31048786238644
6.55626659717548,196.45790217223686,34.198148217645524,59.10830564679358
3.36442506269891,196.53833875925147,33.806005309273225,58.327282085477265
1.1685344218499552,195.53405359194602,33.277328751005314,57.30551270222314
-0.2161208023737764,195.3399464796346,33.10246872444667,55.993774682087434
-1.3169134327801295,196.58001365064646,32.40009971775755,55.23185950109731
-1.5555532061855128,196.42256752579777,30.986738886569963,55.291888220397254
-1.6860703635883638,197.79858170345042,29.38805952778405,55.33317456045023
-2.4399049674689817,199.41753242361915,27.95145836315454,54.91656480521715
-2.6033255374812114,203.26835909615227,26.536074213834212,53.30902004169386
-1.8581156822620848,205.48417603859326,25.25323058455269,51.443235699429664
-1.3254191524720422,207.38304095795056,24.406495540104554,49.383408263592905
-0.8595710229708544,209.498650356059,23.642292192321776,47.58848616880735
-1.0239013221368705,212.18631723631316,22.826324385082824,46.28828239410833
-0.5392102396177769,213.75287485091084,21.87883405239632,45.23358184348656
-0.4040909790202232,213.24467708327686,21.004810970043987,44.316489367394375
-1.0169374761608996,213.38531497926888,20.248977231880577,43.44137553934998
-1.3506805072357935,212.14968136799396,19.56399981021994,42.40522627515968
-1.8573394330359765,214.23545821292055,18.890157408295526,41.24539824944533
-2.401521714362069,215.30675612562598,18.165692476471392,40.34059348543583
-2.420253846184382,218.11636742348418,16.847420365260977,40.90124244886247
-2.070677493106361,217.42578660491222,15.640527221120468,42.10892309845755
-1.7986599186717616,221.1928785777531,14.771571030524203,43.04755752740959
-0.9999057101113449,228.47380053926796,14.085602346813252,44.18882525293948
0.08946785425514214,231.26934666381143,13.612404577401872,44.87673948502319
0.38042102242081466,229.76846906883821,13.504598592404145,45.29301970701309
0.2911860048055406,230.03655212277172,13.427146995583225,45.13929887492957
0.0970665785603515,234.5787359097893,13.55336287596667,44.62413181664152
-0.5507011719136283,233.69777653794645,13.209073152038226,45.00179598555148
-0.7717067808511908,236.52582957683845,13.16111410309435,44.72358907768939
0.04866394558911313,235.71198213975327,13.238877198286557,44.36848430262113
-0.1551749308945789,235.59801515416933,13.566759598139337,43.692715716702054
0.19575991694466222,235.71308743449725,13.966170234072488,43.40013456048714
0.836086798512075,236.50341098387742,14.608711833028726,42.5938540193249
1.4421102250748632,236.63379091584076,15.224044802634168,42.01841685732921
2.036018498498123,236.26676215085786,16.26375611261443,41.51248272240858
3.37262577153413,234.2398447648844,17.61036368720892,41.17315572067385
10.052025760330444,231.2019228732717,18.757387798666585,40.415315059471716
11.420657903864077,232.4422188855021,20.976890593813675,38.147779763254796
4.869295792360514,242.03090225086004,21.159575639879883,38.77198011017562
-0.34536202251786285,241.76297410934137,19.895674945784098,39.570809642171554
25.834263509795093,239.46413153128208,20.271035392388654,40.124792672740774
40.95625741459668,235.20798943652616,19.87773079506575,40.73367501059859
48.40194941065518,230.92005908687756,20.123843751190954,40.89376994756668
47.89116170062504,228.73945114101457,20.436987510122222,41.47074988500801
63.47300217096561,220.7958090457583,20.445473393781906,41.504096926472684
70.69832899670944,200.732803273098,20.433995348068184,41.34922468273081
77.00107917993333,195.39872946393615,20.66658397087822,40.99203698916482
80.3715943866224,189.76693758059866,21.186558959111373,40.01265982596918
73.79627395909418,182.05123186330098,23.35660804018103,39.43252035724424
79.28502044128317,182.1307518901678,25.448525399899736,39.1527088283743
82.416549786053,180.10653888209308,27.237977925570036,38.19619719575058
88.90979417326962,181.56838734118458,28.532305229322812,37.787137509394356
95.02314574919473,185.60376317057143,29.90754700087347,38.382670411777866
101.41859105206859,189.32289093960918,31.359497162032497,38.64064004002319
105.84764079602476,189.76544091171283,30.07405955079862,41.48266764784834
114.72010103521012,187.98123778900464,29.27312405777946,43.5709960305252
125.24702704605427,191.44192670987994,29.03811397029525,44.75609306517838
134.77822015908646,190.54210603028207,29.152952857145912,45.23418715455298
140.8236806394867,189.5182914180026,29.100921781294176,46.20245625166285
145.3458980530416,186.1257375683054,30.76732336470681,45.52685724024181
148.83185079314518,187.68232670988647,33.300338843972355,44.93346746072655
153.71838263372547,183.4536669681819,35.255160409088575,45.16524392197993
161.9459431721466,178.9603745372813,36.74484447751004,45.20968438986022
165.2874763506744,179.38349797787532,38.3066759628616,45.22140875968307
169.45993310023658,183.2444288968133,40.28793529241156,45.05033150966723
173.41422208743637,181.15372917362802,42.286954859821094,45.87261011024309
176.55675602190806,178.86122656129837,45.12096181234989,46.23183532467902
181.22623812342323,177.32733381865654,47.424421239080274,46.41208404581778
186.97588410071316,179.24305196472014,48.14653908216888,46.57169752023111
188.8882143035941,180.5354969510825,48.3344004201814,46.82670971005825
191.4125133247147,181.53467197227062,48.57020093369584,47.08125955285965
195.16721036117292,181.81443088088332,50.21153604016173,47.07374500006145
193.95198162556161,181.4356211567038,50.78811191386543,47.205419893614696
193.10339615213167,182.06232801847315,50.831974588363565,47.78225929431308
192.25320710726606,180.41000967986167,50.79471348932826,48.155479936837565
188.4483680062468,179.7701902305811,50.70977251259483,48.405625503489496
191.18612423995825,177.1248838091132,49.49140115845319,48.52377349886065
187.94432636872943,177.2985305478231,49.386412954682804,48.25558329012374
189.6374496015336,176.83295956481678,49.081898285339065,47.90349793165065
186.17196965333866,177.77801085550445,49.522436409725785,47.2177452257254
166.90030979449332,176.54239871832382,49.02312307077583,46.56232727291382
155.41589316485238,171.01262737968483,48.76039848398838,46.28665342797498
170.24231104256066,135.88434555610036,45.39828652923101,51.31073416498768
176.28182748377017,120.24331120645144,43.31679602809862,55.41311536428554
175.85207088795966,112.59498451573569,41.563517919899716,59.14336917143726
176.94003228630896,112.77087592000552,40.28535146132057,62.206129037915886
182.49630511798551,111.65285341365707,39.734115612420624,64.57222073118245
186.13571467934685,111.33521725209215,39.64175316999578,66.24049900714738
187.61201627078276,111.75024132749674,39.52219475450373,67.44261161531037
193.50836875915513,109.17147596592308,39.08699939079613,69.524211027804
195.79694670437325,113.10735651321949,38.580345304711656,69.39865383259475
201.84166623332405,116.15037097932893,38.62120867600929,67.91371962312365
207.85746091353016,112.2346491404738,38.38048521372942,68.65561423619768
212.85789307764318,110.82417263552207,38.306259488713806,69.47234103836799
217.07948552265566,111.43882072787925,37.77556353606677,70.45252442404242
221.4898493848762,112.73850417474577,37.82718745804903,71.33709693956536
226.7448125504695,118.33246014036885,38.25234356247036,72.4618528549989
232.65912189699753,119.20686924569134,38.682684639616944,71.94795657657436
234.81913397822916,120.16220844154378,38.12782032250581,71.41028631685037
240.06054733524132,127.38670770288317,37.95420438576426,70.81062060361982
244.46404230015315,125.92679704753078,37.62314276252017,70.91178570819362
249.57572101047163,127.10087659492561,37.54999190774018,69.58159622171088
255.53906066633263,129.28967829752239,36.56890547626714,69.18994185597656
255.20324943708943,130.13615441366952,36.52811432572569,68.64754630722261
263.01368618218845,129.80285339315458,34.38523956904814,71.47826854554863
264.98076027444347,130.0990306008657,32.79908261264181,73.45665769091744
270.6176627168023,128.3074906529947,30.900681132159995,76.07233268467807
270.88837563475846,134.28527518034878,30.351728199119286,77.57921270376139
276.6226244349103,133.8865494045989,29.921538742431338,78.75931293189498
281.8747150859437,129.80951838092102,30.04482554949536,78.56367214416775
286.6237683953659,124.18426557185202,30.29751620237945,78.41870046738389
291.5846494302993,122.75108854499544,30.27509571576467,78.48816211654075
296.50018492406235,122.44083691868299,30.184037850797118,78.5648405772574
304.2775966185302,107.04974936498475,29.524151977120255,80.98370391707576
304.86679286480967,116.4935712675987,28.904856953414317,82.69787247451876
310.9993691648994,120.04758014778002,28.389072067163067,83.00646447825523
316.93418962226446,108.50399537930343,27.68737987527232,84.1760715304672
322.8877056325382,111.57134622335721,27.597217590442654,84.40161316282472
328.6558360559478,119.07147262117346,28.169851091767878,83.53795513953112
335.12618237913983,124.83746175695094,28.825172468211044,81.48716182738774
340.0654401141579,135.84043638196482,29.769021805303744,79.61067005111491
345.80843647177807,139.70786384487207,30.137798796789575,77.19701358874033
351.90515003077127,137.55975233875512,29.412472226593643,77.13790565691293
351.5565353901112,154.3227597510322,29.590582602846325,76.8268757261576
344.6329812956068,171.62886258750325,30.392232951889316,75.62400232860612
349.4719213931139,183.17588162665658,31.238347202675822,75.03336314556314
344.38330876656437,195.35134675568,31.211262038599727,72.96164011713057
345.3620618655687,200.90350975640985,31.130033168128527,71.49334335914014
346.0966644772001,204.49208063692328,31.159998129001266,69.96326866812058
345.13763186478576,209.33200446623576,30.722933635049333,70.22372099728858
344.99585144127343,210.34966009457145,30.532146264825133,70.3467780896925
344.21981098049656,211.27819625716705,30.571723323997862,70.36461409255762
343.05327116510523,212.0725818680844,30.992753661262434,69.88092311764831
343.12604901619034,214.11184874763495,31.081625202563387,69.03107807543566
343.3670999196841,215.6769666999519,30.85020726946764,69.38358638772067
343.705359030172,216.11073814563716,31.293562095366784,69.38354195378196
343.98682890805316,217.6558206725678,31.484879839776248,69.13063571568601
343.7622454880921,216.80468135695466,32.05093146260867,69.67800104067607
344.5744905969877,217.01915093207654,32.06690316650944,71.45679218370621
345.08841933941994,217.43159244819077,32.43951808421749,73.23880555192943
344.755264503955,214.57916404401473,32.705789095574744,73.92355461415723
344.5581417869055,218.52450651685496,32.52649282883388,75.64551100301048
344.5449231826921,216.53155834601517,32.88220361876537,77.55735787188124
345.0715599950613,214.03272349016294,33.26297435514154,79.2463036570415
345.6539328994624,212.58468156373692,34.314429851728775,80.24911558682834
346.0736841171587,213.22882577656088,35.30454408217628,80.7713197959537
346.5579819434265,213.86242435909674,36.27294846588026,81.38787521533936
347.6272106507454,215.9865120808196,36.83520778517506,82.52552492905916
348.3105909172537,215.83852549008952,37.18461219871444,83.60967738889306
349.05533042198,215.4057462861335,37.407170633376666,84.36546112531009
348.34728085041047,213.83935143581232,37.70339112680409,84.20507822806735
348.4053708696963,212.7422520167478,37.04444225221097,84.02575478454963
348.3726214179192,211.3513766338213,36.32262536988028,84.54656881334213
347.84070076216767,209.305988303141,35.4208777541144,84.90331594322386
347.39372704651805,208.54126163553352,34.162969001407895,84.69987163916421
347.94619419034717,206.30870133542564,33.65032523441763,85.0813678764344
347.0769247962122,207.8658922738868,33.233779174283654,85.47727686064181
346.35178221895677,209.57729935235204,33.159087836866405,85.48453000450783
345.82473979931655,210.39396566059762,33.39097362953511,84.81086590512945
344.868934553209,210.40990564361573,33.6982060175403,84.25941403872548
344.1111097190142,209.43872483538775,33.90420788739161,84.54292081299548
343.95697917929147,210.268754276835,34.29608505218761,83.19056566354514
344.364951876757,208.80150739529128,34.847297354934156,82.71968561491082
344.4925942735032,210.0879245706697,34.75623617279663,83.19093271366262
344.61128981732946,207.66887044105277,35.084715608596866,83.83505217284765
343.26546502761096,209.5526175280981,35.733668235214,83.27449459658112
342.2123038578472,208.76552606609678,36.192247945690355,82.72480977041589
341.4301874217217,208.37112914829055,36.33318543925631,82.61862633447151
340.5715401993631,209.66514044902053,36.14419984323267,81.80870172018656
338.954281194233,209.11883043607122,36.06360168642435,80.77295408365535
338.1513487154151,207.80005471750545,36.00014010025206,80.07021974274124
338.10819404073993,207.86867394362733,35.8781213813461,80.60464046207873
337.3614403941768,207.826305733523,36.43309530874596,81.24309425708908
336.608260619727,208.89971115392447,37.23377430850075,81.1259612841755
334.9600783822146,212.648188161782,37.540009551118985,80.43870251229586
334.51599083273953,210.08652918219886,37.75218333972056,80.87906186855692
337.9250945311985,212.67796546142196,37.70118642635362,80.03731765941491
338.3760114958905,213.35512503167325,37.46496084343189,79.40348676916793
339.2504857317437,212.40317216009836,37.150461329168714,78.0230745420418
339.8657854115534,208.36066568398505,36.97904067953315,76.85035796393396
340.5392811658178,209.13611280662982,36.07473623541366,75.49671770583751
339.1365232628682,207.7751373058262,35.47274724433097,74.90828276498563
336.59724767232154,210.3498641511146,34.91548042081616,74.47225089600312
334.2333836253018,212.11349173204485,34.461591731713476,74.34001574222978
331.93052715314843,214.8751228445895,34.68308550640364,74.86677850340757
328.36065323292604,216.22965090885705,35.321302699570495,75.2986833066504
325.4841878590634,214.34818223580268,35.9312056648556,76.0031241775394
322.19809700568385,210.19692854281743,37.40063897760231,75.6439580176725
318.8027982250146,198.10803780209565,37.721858544403375,75.50693732931626
