228.5,236.5,80,64
231.15652124031084,232.31283435138346,81.99051110061613,63.84685975487467
233.6067411550747,236.0988976397615,83.56659896197584,63.87907993028534
235.49659706057554,245.02810991987505,85.51800344583503,63.37446663409635
232.9415333459554,252.82048946395778,86.84000822111409,64.0630878254719
227.92508689119947,256.24047153735563,86.75764863581395,63.91268742989692
227.64969239281402,245.25742433340474,87.20984458383353,65.0236297076717
226.9142188795493,232.10515479090412,87.20798360693735,64.96837799067103
225.24430673040428,224.455848934114,86.92036053851291,65.34367560970784
225.50002719944638,236.63179642899053,86.00323274511253,65.77367339644397
223.17523155397177,259.0719307280149,86.17222272533178,66.3792370127507
221.75187890577973,265.13301572747156,87.49561783723712,66.15762453184281
225.8781042480027,247.04852417507612,87.33142875710026,66.7709359447391
229.59984912791677,224.8268223885898,87.25186445427283,66.57234885609067
230.837260680159,216.30677698206918,87.88113990821427,66.00976137018172
233.26791678855926,233.2699483762978,87.62092813620743,66.05925247454675
241.8876026675091,239.78151306337745,87.34762655347866,65.50409108744799
250.70371315127488,230.69730675104802,87.80704605835922,66.53465008967035
248.56080174048225,214.11154980497318,88.75415737977666,66.70261249866569
235.404533414502,208.8094716445098,88.11799598791393,66.93541567017836
208.81028447119735,212.04221523509636,90.11406528565601,67.45347045448992
186.64487628702358,227.34284061238847,89.62314245722624,66.36979401020842
195.27126508429126,235.53012021847462,90.76080675722213,65.74507839544825
222.42512402413553,239.65114774880243,89.92716038021908,66.59367675428723
233.66279388956545,246.75376298554184,89.81866864130262,66.5906767342996
213.74749435106418,245.51833964449642,90.51286940287547,67.5982923296595
189.91229065579006,240.71445195559568,90.1055714101229,67.75134530298098
173.12288890239483,235.75139333188153,90.24193869865164,68.18041131139563
164.6810251829969,236.93579442959162,89.65022134374634,67.73424657859138
177.8926779233034,238.0859081862279,90.32263806161966,67.10689935725763
199.14360071666283,232.78748484821105,90.68114022270353,67.02723808346224
201.5942745528818,221.15969666933483,90.36768460577707,66.34367221404179
194.2310221995292,217.20263094514135,89.63816800358333,66.49213908494464
194.1352137923425,225.97452710452916,90.18874246623403,66.04223218792194
204.7249357532936,223.75658116667285,90.3748628906453,66.04160920920341
213.57085234112282,219.91426674220088,90.30964714662755,65.92212323957438
212.4438810888754,216.39287426129823,90.45259531213311,65.4138890096377
206.48446422719167,221.36417920126968,90.51469666703133,65.21087168187988
206.61895157707824,242.26618854312446,89.69253680232973,65.33134869519182
212.38613553441897,271.40151368130677,90.51444730714292,65.17969408533106
215.22993979847732,273.48331649597327,90.12807493167514,65.34531113513626
207.1647855088948,263.00727644425626,90.8827140314701,65.99405223405367
195.55563516476838,262.43859170828284,91.3699642283899,65.10586132697225
184.9277865550092,269.2628952203976,91.23229177322564,64.91097439551618
181.32725262056013,276.6747273303054,91.08627941141089,65.15578017692117
193.7739034581093,274.48116103080383,91.47031957896394,65.19905501072664
206.13064175309117,279.0639076427642,91.23618068126092,65.97770126739675
215.30835473787704,285.24686506564603,90.54058099037567,65.8923364246848
216.46229608988548,278.0998650701625,90.6237669833345,66.55242623651372
218.29685190288578,259.0537324921115,90.51330012890985,67.26392357035006
228.92989754726392,241.676041037171,90.87736058881083,67.67466002637369
242.36966538077502,237.09115427954768,91.54037977713529,67.85632109197427
256.2426334505069,250.91339895827656,92.6136594122076,68.20122878346675
256.2656084013567,253.9625115500557,91.49784595269251,67.31078110006106
231.14733032688673,249.33261295966832,92.03829995929846,67.84864110127035
209.22380961292615,239.0055092913087,92.365657549329,68.17614632006968
198.87173063272792,233.7605253857563,91.50098501961314,68.10415391083755
204.21642105783457,236.77726343056312,91.17687287667525,67.20574909884232
211.565909147467,245.83229296878557,92.09976101625801,66.30090929119628
224.12164568378972,248.64397189847844,91.85053159595635,66.84059731498921
232.84351523231584,237.3903919206543,92.6965683472928,67.13577263623807
233.33518241972715,224.66388667951236,92.7482974776429,66.60380158165671
229.84668684592572,222.81216108538774,92.15014195013586,66.44306743665402
237.31244280705468,220.72597134338753,92.07672138224808,65.84356438662736
253.33568711049136,216.9031291942513,92.15860496775753,65.56954377080677
270.71400959963916,213.4838754416794,90.98909530440334,66.10938861344445
279.8947785991683,221.8684175592318,92.54836037541337,66.2601747549266
278.5254125131803,238.94297233207283,93.206695179912,66.55537444386371
265.223765313842,243.85147883864556,93.2470928500729,67.23351008947067
254.35303167041755,245.84315693649344,92.3078274098711,66.21260392124073
260.1940509542144,231.81866425639566,92.63274971111291,66.89958404767162
267.5075785327538,223.63011010733103,92.50167290944174,67.23396582907725
272.68639742847523,221.3902501278666,92.61430813588223,67.33759716877391
274.89967634037976,209.65916157738667,92.65608880160568,66.79490290132561
262.93694845683535,187.6468466492648,93.20473068014462,66.42445600586034
237.773487334939,172.2832456805665,93.86688851964045,66.78881729079117
216.6533279256579,169.8731061070038,94.23135284601516,67.95031228683928
201.2123123288994,167.91819382002564,93.54218843711514,68.58053743261873
205.07399590271493,167.7242101309746,93.59654126400191,67.22974696198116
215.83735190765282,162.55299544700114,94.0703537750002,67.95025192959847
220.8416184746835,154.85033657268337,94.2126737979823,67.92401583759684
226.4604643013168,168.42091459896955,94.21559894311653,66.86940191454109
228.60980315474194,186.97945605115478,93.81183896278296,66.9307438453757
223.09390568421313,196.76921833041337,93.7643969195877,66.74522601598447
218.70057958940248,206.70111037026626,93.09016501497071,66.36564146020449
203.72579862174882,202.7949506708469,94.88441918050262,67.37790297101218
185.00858231045999,195.6996070554244,95.94842562510178,67.78580860090504
182.50819948579374,182.968943368429,96.30387753465767,67.77616772843587
190.40601851560635,167.6404389208083,97.59784671380196,67.15912686476616
212.83091067407491,168.87711402356328,97.623165393691,67.07915134072898
233.2400218698889,203.77642758932757,99.34706488927009,67.11682029074336
244.1371300183307,234.08997542277763,97.4337861686804,67.68819569317921
242.56600496129056,246.99339208421378,95.95382530329906,66.67949240570724
232.0711189469768,241.79975666386665,96.46692420570585,67.6898663881862
223.80676286830138,225.0904360555519,96.70595206740238,68.13372275374152
220.90503423657353,209.7988886648052,96.7534002289904,67.47396818525934
223.0764073110624,210.34046714190904,95.82268191585861,66.41019364452832
228.65563121584665,213.51592419935122,94.96795458053327,66.52389582831947
237.80359030069974,209.4146187555311,95.84423184539743,65.839020258135
237.8729765807737,197.71479821087433,95.49482776569344,66.63317543131087
226.55455240556253,192.31237446735656,95.84903375161382,68.08944351160812
216.96204437913022,205.04467549685603,94.8092058255966,68.22309661007989
218.5501019088895,219.70632439296196,95.05792454064472,68.1025480701874
245.93141695646713,219.7615806629114,94.53151575896602,69.42614331074505
280.61467572699866,213.97852830644288,95.89350621350847,69.16337725036664
279.1689216572155,205.201212449593,95.63543315915086,69.34545990705959
257.75753853187035,204.83006229815723,97.39855280339575,71.59731113900061
233.31051070114438,210.5247806114357,97.0535184990274,72.99570867992419
217.36079313057866,212.97886059284258,96.12479812258073,74.22647045478132
214.29032905398037,203.98649284848693,95.09209889922093,72.88409756031388
212.40850602895483,193.47893394517945,94.21148788063792,72.3288227582863
217.22068291160727,199.44877197614463,94.69856332981063,71.07060421588716
218.26052413809163,210.78742980580395,94.94221747809921,69.37088102483023
231.82491974892827,213.40278288550084,95.46364522004899,70.440098762226
280.7438505293783,218.4080383342946,95.03600857369972,70.89613773799053
289.50625198065427,215.0332907599764,95.02280044348664,70.08473601315276
268.92605328119055,207.4434128457115,96.22737585144728,70.3359258626787
220.04658447241025,191.45950152817238,96.55810607154694,72.24580896833801
157.00286930213375,185.88364971121462,97.60268973241246,73.5899106735426
130.85820437672913,181.134285409654,96.09378273629781,73.48285962883665
140.69841335150036,182.12974738785874,95.14292182410891,71.14611524548627
159.2036531144622,182.79709549494032,93.71631223226724,71.40194883078445
165.79068447300884,181.09550658977554,92.8465431476813,70.08505627902298
175.52541572893566,178.92316384828052,93.20946474532472,70.05522861275153
191.6872130904133,174.53501734584768,92.02145199258425,70.28442631885014
206.47183036309144,174.6471471044115,91.87676845735982,69.9618859621005
216.59223847221145,188.83956942239604,91.93610215672237,69.54528778609233
220.70166981489234,198.7827481386603,92.17859086601388,69.28721290056086
226.14458090542917,199.24980009605355,91.96278497369755,69.10076550995572
230.40700952312045,190.99987847789788,91.11198140729087,68.91217033073977
236.06969090631833,191.78488049587588,91.26236956405185,68.76324855300825
236.55089895032535,199.37143210381615,91.72487618073444,70.05651305868531
235.79107543419283,203.50563845308062,91.5852895236913,70.09298240971694
250.45636010366871,205.1005679733091,92.9446253513655,70.21275400166046
270.9447058802473,218.7832616947403,93.20727171935091,70.61990188289477
283.07485736731576,241.03874649699148,92.333515833837,70.66482522272833
282.81478886068595,263.4693817367632,92.76715584574679,71.90379735793104
279.2272194335067,276.4749674757114,93.16808138604884,72.20238502004915
280.3293435077776,284.57239308618654,92.61570277295328,71.93669582455064
278.8162906724284,273.2898795731859,92.37729447423023,72.33919385885272
280.99942291281957,263.80112345629675,92.16187218323671,72.71930542734773
282.0008672082514,251.4481450321203,91.7920143645822,72.5465200576831
279.3383694882741,225.68016962171583,93.15500967292974,71.28122042072835
282.8233541011023,193.0520912314798,92.81280562595371,72.1444328652629
279.7549998565673,193.42571605056105,94.15184994952695,72.34977780536659
266.57905090552117,221.39453123668682,94.42985716558408,71.7065199917088
256.9667640265783,263.19191316382995,93.98490959168268,70.91346817355527
254.10234942380018,294.19251406486006,94.19914471917495,72.20681059146584
252.63581201117756,293.354009938999,93.89412163830754,71.74374959689575
241.81130832148727,261.14752786160614,93.80525975499282,72.55238941086128
229.63502119314634,252.39278071681255,94.02572913801741,73.96059395130288
221.41436244343265,257.685128198801,93.80836286058937,73.37782636311944
223.73566239689748,250.0919177799322,94.93498330583252,73.73796469963631
220.61463282951746,235.39524937719625,93.92462916773493,73.88427696897546
223.3717142248647,226.14266294170767,93.3736574094501,74.02658439195454
233.30657405613425,229.79314091442473,92.83663656893248,73.71492488283026
239.26602909931557,218.7241110333311,92.70711037081445,74.36106226647745
235.75938450248736,195.68986431119936,93.01429004069769,73.97800999540891
227.31428699531966,164.16829143803056,93.13004238230363,73.931922343309
226.17325039505909,162.3807163831386,93.10771561563112,72.92682552773891
231.3232554262679,175.19210706385536,93.29797712151186,72.13605252812181
241.75678704000856,183.91695237730912,93.605861632678,71.89760457699553
245.8593380525179,186.70286855670173,93.38342896114446,71.38770192096914
234.3050314182232,183.4039310169927,92.75442855175532,72.33566464305686
213.5735730198728,182.82486442109862,92.53010093317286,73.95341878745118
192.60242776523324,180.2489760570353,92.96217568317466,74.33308982176071
186.83248507750022,171.62535166127327,94.03389470732235,74.69497408081405
202.1835239085471,153.42118327450623,95.47737826349034,74.69730880967043
215.3083487954242,136.12262651806773,94.91597426305154,74.06571596268412
212.22651579574264,121.90103167302958,94.42469345836805,73.07148003935711
208.06463736489107,119.6553751668312,93.56712154657265,72.73544481948457
209.53664656706184,138.83784336004643,93.39187383696381,73.10010743207754
215.94057912968486,144.75301008116398,93.92042209520162,73.16551259152702
227.4810623985981,140.36496957073714,93.30319113781943,72.80234667176789
234.8769413969468,142.0528453376657,92.66981174219632,72.07048623402594
235.3845655899223,145.08158622189484,93.13085942348317,72.37989203499514
235.5699113372238,163.46785823189484,93.33032819861738,72.21407180039552
227.94551963249148,189.91202542681748,93.04485753398535,71.71482508755219
216.3161095973815,206.9196147505585,93.2465010142395,72.78825422815606
210.08941149723515,209.00184284452016,92.71044008410007,72.45870628722678
210.30395301752264,194.0489861995335,92.64319070531977,72.47537386186812
200.08087903006114,160.15916144618802,93.24673118207382,71.76852739687936
185.96922521812724,114.68721656616098,93.40291348550701,71.24871018671857
185.39134112642625,100.81912955646459,91.77860659566684,70.74173921709769
194.86028439452627,117.30334181512599,92.04164588649311,70.4148590418159
210.65842317617057,142.87470662488525,91.34383061873675,70.00070989715088
227.78316788973277,154.4766620629461,90.8134230702745,70.27291138675184
245.27736870824026,155.97351574931338,89.90345923843529,70.88547098942016
247.01925089265382,147.14816141510937,89.46547028312136,70.1788035591953
243.196182692385,139.20729598801177,89.18284090988578,69.38522427850287
248.0916086643599,150.66181680933647,88.65568372911954,69.31936806065812
249.05001638432162,160.81971920673314,88.77632313271724,69.10259089953176
238.57015533902566,162.28421596306725,88.82683883292835,69.5923615012434
233.65871219162494,171.51727137812773,89.15362279466095,70.29241888401309
234.43015254566757,183.26494390341267,89.79812740723911,69.20918320844322
237.68581883592893,181.18891040689348,89.80876557561777,68.55926922919157
243.97809120949776,180.34560558549575,89.96465738243516,68.15204542548436
250.355818297975,173.9966961512824,90.5226788143064,68.30053644356924
248.61649740847417,159.4546940449893,89.78083824391226,67.6468258886994
244.44059522689554,165.51822297262962,91.01791463313154,67.93211296597491
238.90005914573482,203.9167799391838,93.07208555033584,66.36155390347201
244.05951403365535,255.94997766934793,91.48628715602553,67.57736211746015
254.63212526197924,267.9332246999985,90.53325296231719,67.47088773999687
265.65391002803517,273.31283102792787,90.86427907229519,67.1461195116284
258.20414671801075,258.84651389789184,90.82455951467065,67.77335101596319
246.19832081056896,242.1437408498148,90.20674813375346,68.70065996001762
247.8640402638228,248.8721846164824,90.77133798434113,69.34654800041292
259.6908554334108,264.29740121565686,90.38158360646888,69.68368537396343
267.36464555712183,269.1609591209296,90.23712168332652,69.22928703930901
265.43330307649967,259.31104944903035,90.89427290166623,68.77726045110072
255.26672759652035,243.2752683601277,90.12702484429089,68.98277381603977
246.70230732099492,236.97445000853435,89.57256346968254,69.36331066571086
253.19335913705845,229.18237430513344,89.87154485189875,70.1477565671416
264.3789273480695,212.6153523888621,90.1605093667663,70.20626557912759
267.46533114671377,189.42934306948854,89.04562222541043,70.13899512485716
260.67255951412994,184.1254589338944,88.88387583298528,70.39794080235646
261.83708596962,202.0363269247772,88.20608758951622,70.7136788806495
265.4636048408439,226.01194917905622,88.4945337261577,70.41693342604654
260.2315263416175,228.82814200725196,87.73370655560417,70.40545126162891
248.07475237588,215.82781503945827,87.71669380287504,70.09721199348093
236.81655837852756,206.92710105839654,87.3553600110809,70.48502568253312
227.46279355469505,214.3201043549964,86.92449244194904,69.60567916928944
233.07225147085734,246.92522390803907,87.2028653135429,68.96249481173928
243.1551577016161,268.07851493916615,87.08628152023829,68.29209362717067
246.59019048786067,250.15385560028574,87.47050557482436,68.27707438378891
233.07860344423662,217.40946423445735,87.85307945760466,67.87067736691053
226.62886084141724,206.15797360943418,87.68253158981815,68.4900354937879
243.64724741512313,214.70304810494028,87.65960197878331,68.46084345773174
279.4232681804921,216.64914093246264,88.0031827014634,68.70279924784693
292.67685406788274,202.66147941780918,89.2095271620336,68.27169870842826
274.84274786711944,181.05810761778696,89.73489059505438,68.40473854260355
236.2852734927754,168.28171817938536,89.80322374315656,70.16627672726808
197.76558103421513,177.32756171115207,90.11079713683958,72.62583058475518
182.62416320259194,184.4349558692774,89.87026014993943,72.62342649244253
178.22169940524995,175.56062029697833,89.34562746477724,72.96727624116663
181.45764914468833,163.29537586414403,89.01400298742637,71.34125952211846
195.21679003937766,158.34530296518773,89.23320326897058,69.98735601888362
223.3284287558536,157.99290719183497,89.14303206770812,69.61678524087445
257.1381398540327,152.67563182257555,88.66954492994364,69.58597076027709
261.39174744121044,151.54027989571873,88.36060818271217,68.92540592197413
245.45374360372728,152.31261660096106,87.37243052442656,70.68649051090961
224.67185123329136,153.49264630078218,87.01130376627495,71.71819599049405
200.37049085406468,164.41078608267077,87.09412706379085,72.9648555746661
192.38794359946638,182.62533315493255,87.26443607341471,73.52957017648043
184.75245733683136,198.5827776931411,87.58527718236391,73.83571228902814
167.19291787794864,200.98027708082773,87.08796968655514,73.1884176381056
143.72102390005853,186.75853594874943,87.58714704663227,72.86726100150537
144.42321160513274,167.24939002174494,86.86856426143427,71.92576357939132
165.67318006276366,172.1461942778073,89.43851260007864,70.55063403302587
190.96370196167146,197.95481878614726,89.90437431984118,70.46791184129712
200.79825942532972,224.9104017328086,89.3155129935989,69.68786090769125
197.2167646272781,235.98047363187814,88.05400403165767,68.60948850237442
187.81710286101054,225.64646978738983,87.73384361643886,69.15707001337248
178.0122299933777,217.19659199371102,87.72310595326708,68.88953014479748
178.73974756590346,221.30603559052264,87.35145734862847,68.02399168316887
191.10725271538982,225.9722718011397,87.54473264841062,67.61231565628296
218.1589107974538,224.6716538681975,87.26396439688031,67.43974924174131
263.2027897697099,213.18644176450218,87.49618325900867,67.71171573123645
294.79895608382816,196.80959133289352,86.61244438077226,68.14945284933656
292.2114743113626,197.4083480582737,87.07965045271136,67.7487788146033
272.11382205684515,212.34965683379357,85.9862014522248,70.84503547010652
260.3256930587906,221.55354358811252,86.22293994760146,70.63613738871467
251.77101512799672,213.47540317184416,86.06458416978495,70.46259949566547
236.36458420836578,191.53593885742018,86.58723909986715,70.17865199536307
213.83134179024,176.46952298654304,85.8814804363628,69.9447368346515
193.41567158454646,178.93437950098993,85.86269267392179,69.18701563086148
194.88280104360098,197.06360715862525,86.33655081170568,69.06503492496583
219.2529467552104,230.15952947327162,86.86544731573298,70.15267027614183
245.2159917917472,246.52169627562824,86.08427759178046,70.51024203641886
242.9053740143199,238.75817723611908,85.65508952450371,70.16384414131608
221.0297051827708,222.82496572449048,85.71722201792414,70.43521826015433
203.3272001653236,214.22899517752796,85.21433791829709,70.1165468662864
209.15471988697408,221.84359517298478,84.89792152187113,69.17500652045334
240.2398979997894,244.03973028951845,87.70492125327172,68.47336052444652
274.61861829301955,248.50543673257874,88.32125233429187,69.15904549294024
283.2432044032083,239.7267564905664,87.14845988991527,68.97256671304885
267.0630234097138,221.37839024691158,86.63739624824224,69.54447849113
244.14099176697397,206.79557750754583,85.7595700378723,70.32407568006656
238.6381319928902,194.8634281649476,84.96322469040994,70.06977542727472
261.99817476464165,203.701409535407,87.45998942766883,69.48523572102393
284.7746820312752,217.51552200832256,86.44148264586657,69.09457867680413
268.71446841831613,207.3899294622953,86.50732155391363,69.52020987481572
244.43354307354736,191.7286080422748,86.15551410136132,69.55933487733225
243.42915206111638,185.2171845748679,86.65063080773415,68.7915571936158
259.43482012511845,181.96744293421537,86.84175592240577,68.00367217734396
276.3773204636928,182.2564705883641,86.76055773549152,68.2770131316922
272.4121612865493,172.87473297086024,86.27612408324774,68.80270493469308
254.55963602890182,162.4072124541097,85.80801786026142,68.39313384661214
253.66482023573732,166.35341949168208,85.8132808123665,68.05454467304823
257.2084670984669,179.49116453849336,85.58830369533635,66.44047921626648
262.9865292006822,176.6187944089733,85.49124206719972,66.46788949636375
273.5913809154091,164.56727311828482,85.58794847356131,66.50697104868796
287.06028547791215,166.15445485274677,86.56460239176809,66.76362402492396
300.4379346246204,185.61047873491745,85.37641606734559,67.07810061360992
305.29980743448687,206.5240758589952,85.48466068961721,66.81974257761266
298.76469359013805,208.54100362348075,85.30008662813164,66.82825546065936
294.102391718339,198.88767842162179,85.47619851229379,67.5634184376195
281.8758290447235,192.21065877831956,84.73650807888514,68.57802500785428
233.92596988664434,191.41587323961087,86.14869282570749,70.17421782928972
196.35314833570516,201.06827522889688,85.00763853989055,72.76766443055172
204.65392946994788,203.09760197087027,85.62796195255743,72.6962724803421
230.93194366712243,184.8439747646119,86.55607586167513,71.59662000198972
244.16443831253537,179.53276908257675,86.2278148575924,70.75699904794479
240.61516775522955,177.13895807445567,86.07218984595282,69.8154202241906
224.0833661637675,183.5668370405649,86.0773251638867,69.0158546900434
230.52094285633194,204.8570187483745,85.97837588794971,68.16068811280314
263.22610892653154,207.87208504582472,86.74344352782398,68.35886657976181
287.30345760810513,194.59957460776656,86.76301679455962,69.6763445786809
305.87860780121565,176.41192336835152,86.504123421278,69.40238939759882
306.3785310296896,164.92438531545696,86.70928487505853,67.85476233261156
287.90923026738903,167.28373298861675,86.19934285107571,67.30083806630913
281.944086202124,195.00197027271827,85.41044515244315,67.43153268755921
301.873467677985,221.10543552557718,86.46468802957861,66.13472409956597
325.73711027042214,206.54318519160023,85.69481174973365,66.73350226385779
335.30001697950445,186.1871579043785,85.43374633266762,66.62235661247114
328.24184272306735,178.79673926106855,85.24806142116442,67.34852070420578
309.97755482350254,186.9053414659113,84.59189524641708,68.84529220089237
298.218676963536,194.65421656619696,83.87832009476817,69.5275403981482
297.4680426287716,202.92136904051034,84.24679962931756,68.28622899505368
298.2398571863137,195.34007653486395,84.7659442187622,67.93157062103148
291.5278983838922,189.30634246136236,84.55079226641534,67.99577910922122
289.44010057306406,183.24314037519116,84.6463579236246,67.34167810120474
288.64462198744155,184.0449773267137,84.60153893272206,67.16218089112229
282.56602353746075,182.30044176410672,84.64966028641896,67.83185122898269
273.03040488560873,184.64597651696545,84.22209159036724,68.72803195596177
267.8264827222466,188.2525301938438,84.4584500162125,68.46871955841237
269.0417701406783,194.61691820231772,84.75232791334275,67.71275810140108
267.64423717594707,198.43330543447604,85.1311903439648,67.97728864883366
268.837293215895,200.20798416146116,85.08143466551252,66.82372510965835
280.3813188621838,205.7189707885034,85.72485920301295,66.39673400279065
294.2972382831867,217.09396950694168,86.25174114042613,67.05572742589948
291.64667519330317,222.54527157264542,85.79388084710968,67.76147023357892
276.09929684554993,219.75271641551183,85.24660301197655,68.94565586522887
267.86902025471875,209.53443507371966,85.39617635049916,68.5544235201267
270.4029996045529,210.57443191101703,85.46656193870322,67.49187839003423
285.78205607027377,218.1499320576644,86.09270346282791,66.84155425182983
280.7154228185008,218.3108740980227,85.96222656580008,65.7501571601345
244.5010245527767,216.38302845470056,87.06800979158425,66.27395190327597
222.59634875312906,214.94290265583854,86.7905922868756,64.70701560045681
232.87900798462408,200.99018370931057,86.96773026004283,64.02882007066118
241.23589540727832,197.5341672821393,86.92985492034956,63.35370378178478
245.99028000501517,198.55911197039546,87.34737528328652,63.0528559625844
250.09448242262403,200.6441197178709,87.36614425330563,63.164345575513224
245.81748556677394,203.50298948501273,87.77620848349945,63.08386743191558
241.5411331370254,206.82989840847682,87.9186817527255,62.3437139259603
252.71428779118327,202.56717347169223,88.09209442927309,63.029613304381755
257.5083753338248,202.23959723974295,88.75030491833081,62.89565302156478
245.7024427636095,202.20292900691214,88.10219081071452,62.41029822402753
250.01612658070263,196.97377429056223,88.74107950892572,62.77138056016972
259.7121004151658,190.9247962171244,89.18654372049248,62.92218456928906
251.92975955673518,184.81294632160817,90.01538177890657,62.31521686459398
247.25264588138518,178.19356282963548,89.58470464962608,63.31819168850521
252.75631515046152,184.1021248446664,89.37147640963015,63.32654621221532
260.0366611098682,193.89228555217548,88.53549781631725,63.46746960920888
253.65462888551588,194.80867277262405,87.9753606811596,63.202578779037125
236.29957956987232,191.786912559915,88.05056780243694,63.05019351903044
223.01313460958102,174.65986407382397,89.43419533288287,63.05768938647619
