400.5,48.5,87,319
391.0713393278653,49.025512038772575,87.49581774319522,321.4768394249573
377.3207655162298,50.68693332101566,86.9735774575306,323.47519341656243
344.39345151728537,62.169925019980155,85.32465778696243,321.4109643979059
306.53127173785504,63.893893817832804,83.81659547082309,321.75662235464506
267.0595290505572,66.83026798824673,82.81336453682496,321.90635402480353
229.18901931438614,75.38585166688316,82.0878312747922,321.2097088385512
201.7066632195326,86.27384287068284,81.73337537367895,319.66631805998014
180.4333937786694,96.14039728191199,84.7394784643897,321.4887302488744
174.89414025880626,117.15350310184076,87.65847870632547,321.8875483636555
181.28806548854115,123.38777487248387,87.2128619046926,322.44227733671255
186.4552866029154,127.35361002736312,86.86049250614428,322.2095630396799
193.6213904664548,127.67462826758847,87.74257635163626,322.63801143586187
209.4833659351825,125.90883276167565,88.56343284826295,321.17047935122145
248.05127619725414,117.66350828330343,88.6226196483384,320.0187065855538
284.3738418639672,109.3947129126609,88.47104910592797,319.14776995257125
307.8850452472603,99.58869617849783,89.1140514274765,321.02314532458394
322.0576692636419,99.4835361188733,91.78059271661266,319.3887173044516
347.36336996172,94.82246267178539,91.55744739345451,318.0851193789863
369.8814691786463,92.90850644736332,91.78179659754144,318.6466634387008
383.9970573504278,93.68514347482858,94.42134779304091,320.7064376988185
394.4442860119765,90.66290889552974,96.91985960141326,325.0957905377598
400.8503706142283,85.37361971080315,98.07863194048866,329.26963048100447
397.78289902993936,80.11771503306636,99.20141528469532,334.20297485158426
393.04800827878177,76.28881258056398,99.49643501485468,337.9689717235995
390.1817508763065,75.61289465485015,99.74261740327071,338.4627082932393
390.06904881415784,74.65283577517809,100.20400123361705,339.4323000535142
387.8504912016873,74.48463334472194,101.72247059979348,342.5406375163552
382.22397617087114,80.37923625821963,103.62510450511482,344.77139400015085
378.2050718839616,90.11503604639967,104.23255037751792,344.9730236413201
373.80335482783596,101.74392841719003,105.66127965197012,346.314190239461
370.68599182153343,113.4281970265182,105.73700192998643,347.8918276423867
360.374418543482,105.4529643051236,105.26669984717331,348.7954466954054
354.76218782003394,99.71061151556387,104.96526903637903,348.3546227945444
369.4151702361949,98.47234133582543,105.61364418513615,348.72134827174284
399.22508062440414,100.35075284614507,108.09929597341501,351.9923191353809
431.58660816927363,101.32072933933921,107.91052738269943,355.9829701300107
473.7387791259756,109.546373184607,109.8255076738854,357.65276665273194
519.3823946040568,109.19471166660153,113.38576512104339,362.7097397818215
508.7519540607464,99.15680070595596,114.15696114907028,369.71882929649644
483.77668500990944,101.94954423203777,115.05379212794145,369.95292422980646
448.4604555328976,103.07718401366938,116.45756761028551,370.23903293978236
422.5506298975736,91.66753674265149,117.92885691193948,372.5807865119695
403.89018053173487,91.74609779753328,118.34082009674178,370.95050342007397
389.57621272657815,94.3825061833781,118.38209722927203,367.4867449569857
378.77261303054166,115.70029404780527,117.56203145410868,368.7422710652896
366.5777968555427,115.36501367030218,115.7295168161915,362.63573936347814
361.154924298476,128.3565344182859,112.93374905953641,356.83243305122653
363.48806400561097,126.63827635798165,111.06857967448704,351.26171555214506
372.41980149629717,125.60884871169031,111.24448572033629,349.4237710419476
384.7996638239591,128.45475008480616,111.90851861811296,347.9539464832769
426.1418360132985,129.7165954323391,113.24662754753976,347.8297196801941
461.6857958340571,121.56456661855407,114.30025606276075,349.03677146364794
467.23790419861905,124.66749351663148,114.5463887599065,352.289157222852
462.0754392376254,101.72976050736315,116.71298585718668,355.3642616080879
458.221287516425,75.69739605979967,117.73659596310075,356.3261653384199
455.33235052093414,51.159103030110884,117.62327418000399,358.8572649476022
423.9531736554146,40.516566936025015,115.3047007259845,355.3990548176587
389.50199132763566,40.00451762039262,116.41454676581981,352.1387029179176
374.37429208703406,36.537492141534244,116.00263834699854,349.8173780135128
364.547857330685,54.79689752725244,114.81369763325621,346.1017097896838
362.6690157925441,70.58267919179917,112.49894294632401,341.5991123724556
349.53593497990613,68.86866041979397,110.89974240424145,340.5361087329943
335.79419599098276,76.11074726920103,109.15060777222497,335.6434715560918
331.83178914201955,82.88621042349627,106.34158338879149,330.51403782410046
325.1271883897225,77.53561889507051,105.38253500019712,327.67132611319073
295.09097264567924,81.42814809928959,104.00438207666258,323.59869985082497
258.8491601919012,70.78596190090028,103.601753627285,323.8911307955772
236.64416051842682,61.48454636759385,102.38952625914591,321.68066459046156
246.08570286722795,59.003234581238104,100.61135908778877,317.41229489229903
276.9400797564294,45.223681925984636,100.7924177788683,315.3504495039534
288.9919064556919,41.5339061672,100.81862430465968,315.5944643508379
278.7657802304045,41.03623395216286,100.31355749559091,314.90375347829223
277.0593650627439,52.93534305061317,101.36896690958645,313.39020515749024
290.672415921862,58.85015476749243,102.04433919037368,311.14145235208866
295.75927790209704,64.30411621385647,100.89513801127569,308.31338537824485
281.9562636987273,70.06150595768182,99.56077297013918,306.07203576119963
266.2925502988936,75.74614971424958,99.45851417715511,302.8966264218922
263.27811098370296,79.93392081927774,98.36793317847763,301.97786178446773
273.8876479370216,86.57424114463902,99.50276399596146,301.40105280641365
276.30689295820605,83.94565760013356,98.80363628879769,299.54486330515357
276.48279608332246,79.73964485830072,97.5997179241354,299.5209957300424
270.25995653579605,71.28206406255367,98.42122099379749,301.7951851840853
265.3084118974282,63.817174474783826,97.54810902236437,300.1547548564512
241.39012911188385,64.17887068325118,97.10317282343344,301.0261072410378
228.1432542976995,71.34704981168025,98.79677253419962,296.87315676768793
227.22867113372274,67.75479278660012,99.21198031265365,298.08348535108183
227.82373155404161,53.79765186576918,100.79626900456287,301.4026629752144
213.41157377621033,53.81983593269993,101.51029021818444,302.4043006864228
217.79555652324063,66.45956645363236,101.18667878143582,304.78666482461165
250.56875395461913,76.19235679740945,99.14571223288782,303.89703857431334
286.84114643486146,86.45737892931734,97.08221236761803,303.1095289479487
292.3886571986069,95.10578811514415,95.62462675321304,295.23113041424676
268.6197902419881,95.92415224598611,92.94917630976121,289.7214301409967
238.8071976634742,107.51839699890706,90.84963383617381,286.9814574808579
217.3057348459605,121.9633669988176,91.40268840796878,286.3065653173405
212.4997291297451,131.26510733295572,91.73886098847082,286.6530777826092
209.26568577597155,142.98662813825138,91.49701632242174,285.46080101881967
223.33284816188194,144.65267127330318,89.12507596527385,283.75639361987083
262.00733758779694,139.36983213362845,88.64389496500631,285.5256746900528
294.75104083737875,124.83129182586842,87.63290600734658,284.5396220658268
308.65151669329026,115.05722865498464,86.87454729784294,284.29451262878575
322.14657277075617,100.84476222067161,87.63109156075782,282.16313865842255
320.50019302705664,67.69867256709418,87.27647212664803,281.1694445524915
298.95799272581564,43.974287724489216,85.04335258752853,276.58553754092407
269.48670792464566,30.868693184285377,84.0992568456302,270.2292942177673
220.09574274119524,30.814527366307402,80.78655220276539,266.776201121515
168.6949238738383,41.06684314609265,80.10543236911992,264.17632420061636
158.13726091582186,48.48793727293875,80.86835845910295,269.0653867098636
188.0009555959006,50.69676978594592,79.76427155866232,265.50709102140803
234.70898227062645,65.59917180194785,77.17357373899577,266.105691225244
251.60184079329525,76.63992592988237,79.6216480449765,270.38297622804197
252.99753845671594,82.69637102111065,80.69554002205967,270.3373944714887
260.80937619491095,81.70712046667362,82.51064056190505,269.0415678253884
268.3717395767873,85.21286734595839,83.54802317315227,269.97472424000614
249.9341127214697,91.07713481383814,82.83867834252779,266.63509387577983
224.3931680324126,99.28161550455846,83.46353647064193,265.7066422523348
234.21991384490116,101.82990386624516,80.93885382088456,266.0094123574221
283.14152402285936,96.65262549185155,77.93302054992907,261.47484518958333
317.2884138868054,112.9917262050445,80.33684976979089,260.703067331923
314.2481604762759,111.9710864394612,81.0958825155325,264.2425695717917
316.1617761771664,112.72126796483064,81.95684824967685,265.2821354341693
334.06090975156405,107.92548432833001,82.49523957866472,266.7171704195729
334.153467562299,104.96366171832923,83.57339075902898,266.9663390160393
303.54027014000394,102.21984678974792,83.02332686338474,265.40554892080934
284.18694047703696,113.84701987853245,84.36961555333231,266.4578509976348
297.02454872722546,109.86112586087748,83.65444582114384,266.5132438455668
332.1520785234367,118.2103526197161,86.19224053780327,266.6598163441249
327.91149081762705,118.71302533303833,85.09405880220578,263.9515289037399
311.37817845572556,122.31472517894863,85.7443055047686,263.2673161854911
300.59132909788076,125.01404943370818,85.29370078417892,262.24434812259676
279.88498289604763,130.41185882923182,84.503855651224,263.4950311732853
248.37308826606736,135.5620195595003,83.99010066069633,265.2902106587933
216.84660961918476,139.30270840156547,84.78488305822128,266.80558475994127
190.43179921190472,142.5433698586596,84.4770412568146,268.1356884853099
176.8491439324079,145.46041705302204,85.10759801636974,268.5439976038177
179.35372869321037,142.07520117472717,85.22753692371984,269.4279490289865
205.2796298589159,134.30221928810698,85.48514392458416,270.28099402476107
238.28745287034457,128.65270041299348,84.56683371715654,270.9008506760501
268.5013279013921,125.49359624811231,84.3697202517412,269.5802378807819
296.4367215608266,122.82439452311863,83.99090299512804,268.1941916962173
324.1788583336865,114.60733452867751,84.64421413568753,268.68355994559755
334.6803312447909,103.78143685444954,84.35183578784394,268.7720465782332
327.13208224000823,97.92041605459201,83.94890981669639,268.2481889775088
296.3447498054195,85.97551006871822,82.99952683431135,268.87120102249855
250.50133421481922,80.5254295136786,81.7901635575041,264.82719690278043
203.05643047328618,77.94646600398158,80.88173037894913,261.8903639810734
171.87100700430284,74.23966225273438,80.13656092897632,261.72500534282074
158.01281465502535,82.47233264067336,80.13769179757527,265.65567210478457
158.16315273392433,91.6613694980849,80.98135388993751,264.3689527600787
173.64650832783119,94.99086951132276,81.0315456257078,265.7486509300141
196.94625925215672,104.60455138037338,81.80964921528916,265.7302563081238
213.74827321951517,105.58848948682788,82.79608682622656,264.29777738639825
242.3875437379673,109.97499026660876,82.59716615065045,263.5397380231866
253.63925456488715,112.88525833577972,82.74784300755289,263.13732369957245
251.3747828197262,112.04513011523261,82.50882547263679,262.22609177930804
248.25582362310737,112.73720053857593,81.97564239111244,261.735159019112
249.900603262063,113.11466828394,82.07278398180782,264.41129933977
270.96886898667316,116.99756007766337,81.91884606896441,262.6947611098367
305.6014350188854,109.82641138260391,83.17751771547744,261.45680203785844
333.74179265991575,98.1782801310855,85.83771658746949,260.35598698047045
347.7231260981599,91.095723400081,87.30958187650842,261.11275235898336
356.83828595798366,85.48026746381743,87.40816535510311,260.782600465031
344.86497493210993,79.9646307552147,86.29808765404297,260.270331020298
317.9803830019982,81.41655965201127,85.81453637632703,258.5445125390675
287.883387782151,82.15831905261115,84.36185933555275,256.07088316171496
250.23825426722576,79.91805802726078,83.94064717839143,254.95420243455314
205.18730304489867,85.50716611184788,84.9303670058581,259.4755912534771
204.93561450027596,86.97252460105148,87.06000675989847,262.15841730866975
219.223774325331,95.81715650361218,88.73613805278154,262.6125079194419
217.93534559957803,104.80777394617598,89.78945751085638,263.27348876307406
214.45271680830194,113.28246440846249,89.6043926561222,261.82541055761726
220.87001578120248,115.5609868492819,88.87040925805061,260.7294869967029
212.81952309187122,114.62174289227482,88.4619132066594,259.41517152784354
187.52179686504235,115.05913888397814,86.76434350455544,257.8087874853015
157.8390750160253,113.21767000104455,88.43697714399576,260.3470589370436
158.6974618374101,112.96157470318926,89.07250557565858,261.515955627496
168.24500055664367,118.48422533752813,89.98734444273336,260.2120607995531
196.67498342446666,118.42584402433309,89.27032685772217,259.5951612974947
225.22372319889027,109.58834506761491,88.98572496390427,258.3748116157162
238.36888221623144,110.90594169837405,89.70383168813308,257.3405404618945
244.51102934986324,115.52627385575295,89.32553851187285,256.06955073438644
259.3722875553166,114.54636081178063,90.08992624525335,256.72580071053756
267.0966958749538,114.36302970779059,88.98972048396955,255.000659606216
251.86321892537921,110.75518344485937,88.33396129412951,254.61539044689778
226.0316472394999,115.32844371921611,88.47597887243109,254.350234720572
218.40347328613095,124.74515968050615,89.28631428222077,255.89667798109738
218.90037755228298,136.44199541621902,89.78259039804902,255.8376794375281
249.92487773742144,147.6798601025577,87.44558038421741,252.51070418472375
285.8463139209623,140.45110153361685,87.91703907182317,251.98339523465384
300.0254669472392,141.5543866517197,87.15085986558292,252.82544522244714
310.2215466994768,129.64153865780378,86.62518214211354,254.00438789912175
323.6660127889418,121.00377971277494,85.38830188884265,251.82141160277806
317.3151810739637,117.93650196576473,82.9996695271729,249.399973062985
270.20545821992846,102.78379469541602,80.33769128504805,248.26366282646075
214.38130514502325,100.89990953896039,80.38710522294448,248.3157451491834
197.47494113427302,101.3374971099384,81.79739794171054,249.92331899251792
186.5903803337421,116.55265477503501,82.55769614799698,250.81257992575243
193.5390305068808,133.11229033747597,82.52176779573816,250.72593209188614
237.37345815194652,144.90750065962126,80.33493002269653,247.09196858565707
274.22056924886704,142.04482674503973,80.21344647631646,245.19865119646687
292.90217314430197,143.88670832586695,80.3597182081516,245.41228483771465
313.7779616702436,150.78549251426068,79.23668119533092,244.15475075505557
344.96521514483254,153.0378314029872,79.31578752740296,244.4076651788355
356.74077200151424,158.1136549260497,78.72763501093901,245.32634398415092
348.12948699308595,157.20168313032806,78.25939196322045,245.40167529093384
328.60692638027064,160.82138708864738,78.51366541053076,245.43713443209546
304.21265776251704,156.64186337899508,78.17572635819616,245.0666648683679
275.250191311022,147.72031161756297,77.52190102144017,246.35865144787272
249.08692174209725,142.3861563161654,77.41003989073495,245.41452957080946
249.03717620194186,136.6632144275217,77.22627554296993,245.23782614411738
286.8396446086168,128.38177407034073,77.0030373380184,246.9495267818802
333.24156053013513,117.2066137733411,76.78703508482556,249.9961402530767
365.79655607812225,117.96729040027623,78.17690665974978,251.68187785385123
398.8660092872164,122.49785962809489,77.6457501805263,253.32446521303325
443.09595288529874,127.31280005476454,77.18720575779915,251.81795834498448
471.4911967500218,131.70982923686884,78.13118076639009,252.5787343466206
477.9836876342456,128.79862848289565,77.52341247603094,252.43267720207064
473.1369664545448,120.9055767350562,76.70322110740514,252.5005514039263
462.2511187944631,111.67371136179474,75.58244702144067,253.6938964082617
428.7941731037204,109.21595246479038,75.13443044394162,252.52122650772088
381.55708910774695,109.8892795531026,74.43374034262678,250.80525223651102
331.65432974395594,116.53310442571716,74.21936923866593,250.16714243879167
284.7308429769023,120.77485254302313,73.01632446222628,250.31882763118168
260.5372370221349,122.69237215923687,73.04896407561853,252.22304716492852
239.9526484906029,128.74580382057576,73.87511974586022,253.44689616067114
237.64717276662796,136.58958094250573,75.01288803875032,254.27704974151823
261.45134848222773,143.3984920624523,74.66415345935737,256.7534486167374
290.8207309352132,139.53570660273954,74.6469652440603,259.49472989001424
313.9440683070609,132.8510503665205,75.5993070714099,261.14497955727654
312.8595104978004,131.31521371959929,76.15291711379716,263.11593471051685
294.8005166851172,126.31724100590094,77.43339558389007,264.3066595339707
264.5699096744545,119.12244625841856,77.91312233104554,264.33550932098865
226.30827972261218,111.88985641546165,77.7104682332653,269.7553084145563
167.98493676710328,108.39409434532897,77.27049948119719,275.3520873241469
118.89927685860906,107.23361199429087,79.34165297738487,274.6110081209649
97.7632885541435,104.01824948168428,83.26085782728276,274.5071223978871
92.16866973697678,105.05288679709494,84.55335645557372,274.68598834056735
102.12116086249674,108.84368631168752,85.7838836955006,274.7016588464469
134.05652852749185,107.6532354195125,86.61148973513927,273.889376255034
163.4661776564996,110.67401849651242,86.80188462287573,273.47988350343894
189.2344973361554,109.82864160870741,86.57247335194305,271.4909147315178
220.84307698164992,105.68826552182787,86.36700610807318,270.69158591925395
252.09801582064108,105.60545412761456,86.55368452139942,269.9644974855088
267.90607497890363,105.44651236645461,87.73373167118292,269.8056048847818
281.24816558028704,99.94462134067084,88.03664916226374,270.75198432557056
286.9105439142128,97.23399931609248,88.1772235719879,270.70513354898264
277.17767837772345,87.3317356198796,88.2494266603475,272.2916643441184
245.9731649384292,80.58758608730801,89.04177720836961,272.9064091795252
216.6216646603028,77.98592519304478,88.44145974094073,272.89277482944084
190.64178013252655,82.28622984537927,88.99309433604404,271.6599357197792
158.25030575994302,84.84533545818186,89.01581969253918,270.63998108215617
148.37598016379917,94.51199154498917,88.69436819317653,270.0698334288052
156.4448382385036,104.27625566088534,89.65060422272272,270.5574203856115
186.55063157607125,109.6053209996928,90.11819006345655,271.3172794388316
217.9551422429682,116.2428376953643,89.94832888591264,271.3646003642
247.85685149181847,124.8099827131091,90.12227778933513,270.3004359085444
260.89672169162304,132.22050860513406,90.15827911946232,272.39589375279036
269.2149554902719,133.94963284151186,89.15113643518958,272.7278860446527
274.69989292230855,134.31738704268466,88.37056020087692,271.2766309415434
265.23488904206914,128.81034628362937,88.46313319267908,269.9754944878522
239.12025333613454,126.1814019214716,89.18928799688223,270.46365788944433
224.9162642323778,127.69403930756476,89.77771282915155,269.75340606266207
232.3552839547644,127.49255543623286,88.81841842527193,267.72135669640863
265.26399922093765,123.31980362312362,87.5085333641168,266.09130394903093
274.50221802632075,116.2779595372038,88.10497745195909,267.86591485799215
251.40293439903132,115.95444845408485,88.20434350414533,267.24795766174225
232.8135737720171,118.24320767142382,89.03052569567375,269.5637922124464
234.34149674315336,117.51778476123019,89.24737481794592,272.8231136464277
221.76035772921452,118.406193204143,90.97815527197103,276.7257801742984
181.8884763616975,117.03314547803598,92.11025418864567,279.7824245578727
126.55838701640107,125.68481462959005,92.26199476888702,280.70734057300183
109.22086820759127,123.98514896842462,94.12039725467068,282.338797058411
97.5594176275471,127.65110714068453,94.99103172164375,283.5154456629268
76.93826244871526,134.05647947047925,94.6123093644637,287.7712941735034
81.59701551990418,134.47878465777436,93.93909128513519,288.3996277009289
109.54752134260093,125.5415329304459,93.588391681978,288.8291924959178
140.68271249539444,118.07086281721615,93.27505588518005,289.4819508742328
173.0335282980368,113.8798159681281,92.32867711803007,289.0732921615202
184.2897852875828,108.51539988740512,91.72402294118422,290.88115626724107
198.96940184330737,97.45342866814715,91.68853174257683,291.08666265534197
207.75283958577705,89.49154241836865,90.46075041962479,288.831214955314
193.66126807320492,83.65337096746808,89.61369630121436,285.6161432147812
158.6784305870257,80.4913709460622,89.00321465736185,284.1786996426332
138.63169070286799,79.3894785141486,87.68995995912456,285.74110187182066
135.14818425015716,89.17441695793104,88.66887901154938,286.7638553706083
147.2292593501855,97.16502085606268,89.53109709762555,287.2684607152142
184.0897509202017,105.62789182674328,88.54744153327667,289.62434452153366
224.4958435089884,102.95467137079149,90.10551087230486,286.9467585627097
239.488287581784,108.89523892778527,90.17239198330549,287.97100846611715
246.19562338262244,108.93244902401096,89.97227802933364,285.82209128918396
274.43847020498924,110.96953890896481,89.20825262800832,284.1928461258284
276.95751217758044,112.98070379983446,88.2735903709057,283.23038849451024
249.78583846585752,114.69413898364746,87.62756554093355,282.2641239866407
257.5286055053324,123.47365424435594,87.13410642841448,286.33958061732335
296.3059436164964,125.51327204672609,87.58282528665293,287.93194535437993
327.81848555032076,117.51117729530199,88.17523790948268,290.36181883244785
330.5680908984517,112.72818631116812,88.73300877678888,289.92354264489285
338.7527101740545,102.5910670604178,89.00176308446994,295.72096210800237
341.29886681043047,89.93390983053439,88.4117801149103,296.6562711356403
304.37861729951743,82.6852067228586,87.2680948715996,296.22973859977117
225.9859182773442,86.11889544343705,85.55773485930541,298.30823823380956
176.21190671032477,86.3784905928442,86.25703362810991,297.7365145245057
157.53730565567824,98.90344749222078,87.4019663282233,300.1772489954059
132.01425716467912,108.70931177526765,88.70634120328795,301.0622416970123
104.77285951522015,118.26467150090252,90.8675460786219,302.3765500930326
97.32454263216124,129.5494062875355,92.85154690254001,301.85184408483013
98.55203748105774,135.1374892395873,93.74185930969695,304.55035297778466
112.5683230761454,135.06678854730535,94.51030397340347,306.34601571298026
152.47276362740368,134.52821247789456,93.9928047068244,307.6243185075483
187.37899107745062,131.4617197347271,93.26106880087113,306.2012327124501
217.78957294486037,128.98162015861826,91.85373105482118,304.17793949024764
243.2109777116737,127.7567919378854,91.09963612080386,300.6425323788569
255.3836458511133,118.94490927921296,92.31797667603114,297.55099427518127
255.4878069146423,109.127013348724,92.83276892027291,295.7710108370869
235.9358757743795,104.92277543221942,92.17818164635517,292.89478150804774
207.97302386626038,97.00761111309225,90.09288769037657,291.9333220451058
183.17144070526152,99.14522408118347,88.2242865868372,289.7745163779358
177.8093252237934,104.411887800659,87.59541105105518,285.4008597687577
186.05698958622438,109.01789384890941,86.8319863560394,282.79070724180644
214.37421630808353,115.57720071006725,85.6044504843426,279.1179257719932
244.65144036943184,120.03525507935188,85.33094718586472,276.53370761646227
271.3207607510816,125.05329040769129,85.40994329390308,274.68923489832105
295.8356685424769,128.2356759497493,84.08625487786047,275.6604337391318
303.52621998683924,129.21222527549486,82.92743725982682,275.88087949453154
303.71567110855136,125.18523321722381,81.47415640674524,274.29131655296817
305.40646631072997,121.1094263261925,81.21989296772009,274.96219932459377
303.41237356772916,112.61104990111451,80.69499881047219,273.89331840094604
300.8503101542768,111.27274764260574,80.07756040986834,275.7331659137026
305.28282630647806,105.63436088278507,81.64498412200638,278.60362935186197
336.87819778890145,92.86147823215799,82.8199027782533,282.1198345640048
358.1794808126272,89.27843821398613,82.02266509994237,282.7396327857733
339.9514555223055,89.84184318501696,82.13948991154287,282.3695705663374
331.3373547528185,88.12731748069325,80.6636432937786,281.80887540439767
