76.5,79.5,64,52
76.67881625504386,77.34691091818476,64.1185966807387,51.98535926256845
76.59803368074445,78.04353789758726,64.3056078307778,52.28535178756627
76.77224919001728,76.83919626883997,64.34650344425499,52.27816390171978
76.55087832230765,78.28525425575121,64.40797018148625,52.36336716846736
76.56687871474313,77.30200353671805,64.28431125142599,52.433771900143306
76.4036658549042,77.26233562547249,64.17806819578378,52.37155126594937
76.15324364911746,77.31964536756176,64.0337767278407,52.267152357848516
75.62618871379425,77.72861466892358,63.910665061850764,51.95330156087286
75.79283475173543,76.97854804808249,63.88438733209115,52.112918712161985
75.29874898914787,76.90173540297485,63.79433980113679,51.94654117830919
74.85813640084609,77.28802993057457,63.79993686399372,52.00913669723696
75.54789470534783,75.86849756590262,63.982204283997206,51.9773661223206
74.66553763634798,76.26045780787464,63.92161331774122,51.71331627722389
75.39022492360566,75.74184963975321,63.74917300931626,51.76378278560496
74.81436592047535,76.25228962515422,63.80683667426064,51.79563122933849
75.22545521316214,75.41275427709577,63.78306761046681,51.584806486307436
75.20487983238652,75.89556965620467,63.637384662539645,51.315271433121985
74.89933583707803,75.62319117194136,63.667526088482276,51.29171480301581
75.42471073725615,75.69071990089128,63.8826571112614,51.301554627239526
75.20702233422875,76.4392729466282,63.89652280367257,51.285848429526354
75.22697655705431,76.10368210876658,63.75408660550279,51.177471625463696
74.73005098150722,76.32039691660462,64.00160689932007,51.093581289725336
75.21448336207041,75.26407197345225,63.7672246053682,50.895373403202946
74.8806312209404,77.01612479792344,63.476306551240576,51.02827546757842
75.29196521955404,76.35389036581996,63.56894750634485,51.28568541092508
74.54526174183172,77.29798597730084,63.473103420377136,51.2940485388163
75.09330318838931,77.29605327349772,63.71368806495116,51.42437022200485
74.95279358304775,76.97201912218515,63.64081634998845,51.092834280397824
75.79680630894532,77.01472088982362,63.40188114057919,50.969435660000656
75.6293750612935,77.72393109992049,63.32254783009477,51.05338321313455
75.37553847462407,77.54861199759445,63.30741781606335,50.96472648351388
74.94732687637425,77.77663612429956,63.142224076832996,50.89202985411566
74.58805788246542,78.56851561025582,63.052645628646005,50.90419227941233
75.32830441118863,77.92521589641524,63.46858938169308,50.96390102391933
75.53090754385224,78.61040567645682,63.18034772479673,51.00491713281964
75.41957851656659,78.68771147675434,62.88473951874408,50.97520468116562
76.34201812510463,77.23649416955122,62.95273798053917,51.01061511229855
75.05816983588238,78.11184870900088,62.88814204990466,50.923827270391115
75.43187743207929,77.90542302275225,62.69333385738496,50.84005238499198
76.17970722329011,76.93628391854912,62.62850165419,50.53195884733496
75.71028831233666,78.06948547416152,62.6682917437437,50.42433178095575
75.74601550132408,77.40571073406237,62.46896144165845,50.50259258298482
75.27940925883149,77.05543228878292,62.569526006988795,50.2791775821405
75.18873784090746,76.67348001157835,62.692761407133546,50.36222400132626
75.01785928846991,76.65166659484801,62.78318664622118,50.57995077186828
75.80825616604668,76.71247969158112,62.8570770770494,50.65582512020828
75.14367469784135,76.18857864526501,62.898977096895095,50.59291587670464
75.45078996858783,76.69541010976752,63.02421948106512,50.371193159949385
75.56886024303982,76.21116566808476,62.894478587503244,50.348145545245146
75.23734094158357,77.03880171818327,62.90382542176951,50.406204190745136
75.27973761166885,76.64125518703736,63.05259709917993,50.64492544498489
75.39004852188063,77.3398540290587,63.14526286473011,50.5162642094209
75.73755944204262,76.57034566065686,62.96774810066954,50.55879297110406
74.89236299453422,77.66090554185685,62.84297166127473,50.592270910730434
75.60174409407962,77.01564800895719,62.85864757158182,50.55050569832389
74.79761278461214,77.93289452741175,62.68042046540387,50.335924808936745
75.60766461365158,78.2391593079585,62.482549673612226,50.19736980357405
76.01938291793184,77.57536289995076,62.418289021300964,50.35578067664976
75.53694339634518,77.62441263847907,62.23791166436594,49.70570767788371
75.83104521331033,77.64837958172927,62.063540456506786,49.433616368602316
76.07193745734541,76.37694891099537,61.93435141693058,48.98451098567436
75.65595903729681,76.27315345588354,61.36703009311789,47.87515860804858
76.00423228314918,75.78696055476199,60.98943932088413,46.863184430662194
75.69145321343544,76.2791464656989,60.83840037769671,46.16760882503784
74.8078215597512,76.76522955483799,60.55320778296557,45.97994020583026
74.34336014995931,78.00985316078888,60.83770789260749,45.710640332032696
73.94141566761805,77.94126619565495,60.93372553942655,46.15623781123743
74.56020649114852,78.41586398440143,61.41527583892931,46.71828223923761
73.13680010342456,78.0255380068628,62.71916575995372,47.06311367439071
72.71038948562935,77.6040132383176,63.242861591186234,47.11285715879632
72.34044770609994,77.81095935974929,63.42600772730194,46.9629595500844
72.55492845915552,77.70128115276725,63.93195383637554,47.487261671369644
72.52834441456591,77.43637710272489,63.49181981869748,47.3525034333921
72.09433289501277,76.90069217937517,63.94117604800647,47.33849964003111
71.83618221427623,76.38668187884367,63.71426941835634,46.97332151253269
72.47002382474523,76.89424552523332,63.35876525024811,47.006035530254515
72.86556106638206,77.22792083993963,63.15881267897701,47.2531957469799
73.29028963493131,76.33336807175678,62.51583352666452,46.915610895619764
72.18796917117305,75.76659676027927,62.18012139441237,47.19126797904306
72.58667035240481,76.58376440827813,62.1684709111641,47.09067558770843
72.81678710738905,76.13043135629289,61.89907874817476,46.93261080903427
72.31986224300077,75.80256155896515,61.64970385613222,46.12494038381517
72.25906151828262,76.82546324354101,61.61676405152493,45.651641654289
71.729578636718,76.3713955849727,61.64116412747462,45.60826123722988
71.90732358596955,78.38440071083005,61.57510267168811,46.33081332148323
71.63651981956731,78.33626808321591,62.073741238425754,46.048712821630325
71.85788979655926,76.22537906715203,62.501602461657434,46.258898465605014
69.79354256491283,76.41891526953185,62.30890868032139,45.990442090465535
69.59953427213328,77.24450229486487,62.61738212236966,46.148006152249145
71.08410706565178,76.65957015304784,62.41983201339053,46.317108688522964
71.10789411514968,76.75335811650939,61.82316162809789,46.158647928114995
71.4390261392812,77.54287094828737,61.44539358918468,46.59985899513457
71.43074373186764,78.01881180056931,61.258912275857995,46.93249600929019
72.0374644310537,78.67157706077458,61.292459173994644,47.16362616011377
71.73028925505083,78.5910034150239,61.22438343099154,47.16735253326968
72.40670599233069,77.97276090830262,61.16283034526392,47.152601465588894
72.19171696735285,78.08010491209765,61.115678101373476,47.265332619795416
71.81747031659779,77.83174545610375,61.01586403174406,47.20352859210121
72.02978619563916,77.95429893088725,60.83593894907159,47.243084366075465
72.29266581011754,76.93891860722543,60.62128789205468,47.33695488812443
72.14448411971729,76.63250510961066,60.37241796358623,47.48139717041948
71.80845859242336,76.66491518931154,60.616848637057224,47.36468984526268
71.50142804852231,76.03200487541616,60.7563249665776,47.14323129634142
71.55718232431694,76.63129640542057,60.758155116415345,47.097088903484995
71.8441479313802,75.77963377930375,61.06289483315123,47.07928068518337
71.65202694594652,76.23517632418879,61.05618695870459,47.07096349206552
71.57333165855644,74.97826023946307,60.86645656299714,47.008829064913556
71.34972812735123,75.6659276260938,60.703442835498194,47.17286995445572
71.70146884271622,74.95009117548273,60.43711641308427,46.76635134643105
71.36534991563579,74.84837949077084,60.51102090848049,46.406835250808925
71.71697569107106,73.37621997210942,60.32716482822914,46.45482536204533
71.52108901339568,74.46875068100584,60.89859202185676,46.494302985771625
70.63280693404162,73.71622788904808,61.325298611824024,46.204673219497955
71.80292807984463,72.97073758658996,60.89971069434062,45.79069176157851
72.00563881884476,73.15988620435598,59.98476415568669,45.47978497539158
72.37387075999649,73.30933042279922,60.15948595520314,45.2621593877764
73.24047693906994,74.07710973334994,60.491217387492036,45.02006578494735
72.6091844778374,73.98571016776701,60.18375838848645,45.19609686876928
72.09097181436148,74.36804701934678,60.44459883890099,45.01871333341827
72.18883334106415,74.73986652731071,60.913523960735205,44.991150751149
72.04257522139218,73.89678656658991,60.68316447385616,44.6381854685043
71.97484094503406,74.86832050123581,60.140707439871974,44.11776269122298
71.86832440122173,74.87774991461913,60.13279402183085,44.25454421324843
72.00434200311078,75.82875016696521,60.67693857040259,44.59083783315955
72.15197998926995,75.11426461107739,60.321185911278775,44.28666394638478
72.31955739634955,76.6672633529866,60.15065306121657,44.69021870293808
71.73203650117588,74.84209046531592,59.33495490996695,44.14082216107971
72.58015121621165,76.92857425773036,59.3260910118168,44.70591362013512
71.80862727569013,78.01101449219989,59.25459247466985,44.43623483424048
72.13055426462255,77.28575997997643,59.227257351899915,44.71860177838038
72.22044845066821,79.34029614872773,59.20464915499376,44.7602381162623
72.58942802654248,79.26642085456857,58.92159402307785,44.95324893652257
71.94904292757084,79.65523782059327,59.100968375607934,45.19249062912984
72.95816772425226,79.84588554093625,59.04324989777702,45.32406257955334
73.19174972276431,79.39410244143252,58.94523963877475,45.43972469483204
72.41303817133311,81.98920765817923,59.30705460259908,45.960091272447
72.70367819273702,80.55595112843923,59.31153551083344,45.844731534914686
73.39104597990942,81.66522925161,58.97946327228878,45.56018186034285
73.18410817757984,80.12364850037369,58.799391883596954,45.6506604290081
73.32742819913126,79.04996885825233,58.77370848550604,45.59357864269417
73.19170137403582,80.40068454887998,58.77809297475866,45.76571722680144
73.87564742372166,79.72342259923958,58.9695815259073,45.82027526762275
73.95492614620454,81.48404121365226,58.95684550328001,46.16539631897926
74.92649140068308,80.74179574026601,59.013777936827836,46.55565554101268
74.49349081224976,81.06366520401627,59.13011886016969,46.83984839909567
74.01406526310146,81.36098870637575,59.18796087567209,46.85932479840275
74.04345789999334,80.9492170909835,59.28726063518589,46.90955116898828
74.08983622973858,80.94818407232256,59.043307674711976,46.70016275522603
74.75601982127662,79.644558893687,59.141054045636736,46.788530837869445
74.52518495439456,79.08503245308306,59.330240907391584,46.79842091161273
74.56369319148145,78.82263451738729,59.2316167622848,46.88940631051587
74.8573267239579,77.88765852295336,59.22753912518452,46.63233007253132
74.85327006903685,76.29266861438406,59.54339845796629,46.69791404234936
74.56527505816435,75.28680757069887,59.43214925003221,46.48249856410694
74.76752834550479,74.6834176866049,59.365604408692555,46.53477498680539
74.45932667709152,75.11048685138852,59.39071929813899,46.45361132717147
74.90488000582656,73.90848188347329,59.351352524091794,46.582699130509866
75.00779193492401,73.59285560703957,59.321636042710765,46.324691808556594
74.95381128805303,73.99318203556103,59.378726247351906,46.37444082987061
75.1387293146694,72.90681081449696,59.56757382792347,46.446574446315125
75.02801413638349,73.35236844180197,59.602344550381986,46.57154207458628
74.97856332531006,72.98660005820278,59.632151395421616,46.620548259833534
74.64221641407285,73.43901812443198,59.669413987827824,46.59184080092861
75.45288714046109,72.60600363584757,59.70345838691138,46.80368798774555
75.27943960635747,72.29778842115276,59.76263137417264,46.88150956808656
75.22318986061401,72.78965584237123,59.85100076900052,46.954400687907
75.20447216004234,72.6397962428159,59.884018631966626,47.00755160953943
75.20179171144213,72.2107035395022,60.03184607427205,47.02186542269149
75.28105179198808,73.35811581654528,59.99084281079891,46.9506331499469
75.21367579872549,74.50421701229575,59.91256994266406,46.90342921349354
75.38740323073453,74.78598830947641,59.668764590579286,46.548216907661626
76.08096858776821,74.46739541485695,59.7106793152784,46.66448379116555
75.65325402112475,75.00212804415538,59.72566710239683,46.434158351713876
75.54482917408687,74.22774162966006,59.568254582765604,46.34003226350634
75.29551493418873,73.94043698806962,59.592769419392496,46.44620697446739
75.62962217970302,74.28106164595934,59.383959277690984,46.31311147634159
75.29067254653938,73.3498995161692,59.59122491803409,46.5288950941372
75.60886561074054,73.2934455865597,59.56299308650677,46.484546648138476
76.17234597504353,72.43301958797957,59.57732421466654,46.388115491764786
76.1770811254961,73.14760652471978,59.65971404419065,46.57642904885687
75.17369165847236,74.4631381091532,59.79304389109517,46.57782838151589
75.39852728338064,72.68534949147988,60.01997792549265,46.766522338969466
75.12019386630317,74.56506289798364,60.05456266926978,46.66050929854499
75.22499572694974,75.49955244284084,59.91780691780667,46.4278332760379
75.54537382683895,74.3254760704544,60.1375578486511,46.694846217878045
75.05059535731574,76.04478088442872,60.17995740473245,47.07925156452352
75.34975988644307,75.19320957498705,60.31115033630019,47.07298601938251
74.68092167792761,75.99705108018702,60.27761701269236,47.010751431414505
75.06302356130719,75.05308709104091,60.29193454529539,47.009902630531954
75.0628952477498,75.3499891778185,60.2789795337435,46.93807242452895
75.09833357123352,75.63285272497963,60.266274222383814,46.79232371040994
75.28883987022819,76.01972493381419,60.150678157149365,46.60360841795445
75.14062035362144,75.16058651156857,60.384648128898775,47.02461150737213
75.24187068702162,75.14567712395578,60.31000721844897,46.81691189754504
75.2932321981379,74.83246242037507,60.297523475188555,46.805702437805046
75.03493995775524,74.46063448653406,60.25913000251987,46.798099574598695
74.90622943642107,74.60100259375469,60.32448312402655,46.72042579018161
74.3382717735955,74.06923386475928,60.56076384999206,47.05577926341592
74.35899824988967,73.9796882027328,60.58874951880548,46.84072071778849
73.60163248020237,73.62506893745433,60.41404128462051,46.91531265382104
74.0009943712835,73.33066590058974,60.5774721889092,46.82454185377093
74.14509780254598,72.84163506099722,60.76229449284429,47.07586949078832
73.78871732940857,72.57825312382806,60.996964169387596,47.129654713603045
73.91810619022769,73.41763709462452,61.232295571694564,47.14046339783407
73.29194628233358,73.05258042694814,61.292560042901194,47.14277475459875
73.57332434141001,72.39555562352976,61.780672912785434,47.40736514245664
73.7165403643132,73.35798777006372,61.81039519794791,47.33892839970458
73.22905310251718,73.92188030483494,61.861009148248186,47.36492128712471
73.15788988285331,72.9005252644246,61.87954338629534,47.346785754465756
73.02545904013782,73.01183980127686,61.76002726434755,47.20138748442975
72.98502127883343,74.89674592853615,61.6653984005313,47.521074703482945
72.87141050198863,75.11607397847986,61.77631706165516,47.44485242455843
72.16029846469358,75.80653592103081,61.67525777385666,47.21927338332096
73.1502139809376,74.97163366453316,61.7008188159536,47.20191573544285
72.12926725963945,75.99219467636314,61.74763333723184,47.168723036886654
71.97715669614902,75.56441731266753,61.78336736837987,47.161686974482954
72.27386710467212,74.90541773402184,62.0201284480202,47.51964180737631
72.18857206408009,75.49240875626407,61.839543757418525,47.4807051720944
71.99227696830738,75.65441217086112,61.68066837803728,47.41883927259926
71.45814112976373,76.50604353303021,61.517856781236965,47.46377946822112
71.78381807570342,74.79789060083093,61.74568427439787,47.41197644017887
71.10187400975305,74.9934371812717,61.873933191782925,47.246139692518696
71.34716908639422,74.71395441860896,61.988143799246586,47.63304213538757
70.52432876035128,75.35789729302445,62.014364464645745,47.590687468709916
70.70989061408083,75.22295502372377,62.08950106044555,47.68225089908927
70.88756743945586,74.27428508204285,61.853747869628776,47.825706943797535
70.45427001559631,75.37651284015384,62.09243883865908,48.06037124340199
69.38595323425275,75.264170162911,62.15370733481787,47.996872670351635
69.90080204673401,74.00865621465633,62.55631778766754,48.04083904723818
68.8165574700481,73.48700687325248,62.843824542052545,47.9353189987379
69.29712954148606,73.27884247681317,62.732392651793496,47.87479662632188
69.00106800250892,72.72867973144997,62.46017584165193,47.85277225876426
68.8550788288002,72.16334327522175,62.578506323416335,48.16645408044619
68.2315325815407,72.51471426883558,62.74134908305676,48.23882639108535
68.22511496379038,72.2630910340486,62.740402188934446,48.30932504958028
67.35247547063952,72.33147232443282,62.64269041920129,48.184221939198636
67.32042826599259,72.03070357081806,62.68251018684722,48.23329454402719
67.60929757808366,72.21256531337171,62.9287625633174,48.25816753404425
66.64196818517385,72.15568526115814,62.965696124642065,48.26974539172677
67.00203771378872,72.45645635525707,62.93053865196127,48.38790348038053
66.99717714537667,71.93935973348357,62.773180340085446,48.39656376303584
66.92075385306387,72.15646652213539,62.913610801298496,48.6072077115577
66.3740887959714,73.08187259275375,63.227727904218625,49.04820346025931
66.49005386957012,70.3517965300633,63.14664143692612,49.20673224121886
65.8009512447822,70.98350185138993,63.71292431511449,49.33639503816366
65.62747660293985,70.87137054621027,63.54928626416633,49.17904022165072
66.11270131158267,70.76363141860516,63.416394877962816,49.06905908598227
65.13329892002557,70.65249857149952,63.42273210030892,48.883759395090316
65.49026177479091,70.77630094408437,63.230074996964134,48.70386020667094
65.31899006243117,70.18932836498817,63.22582563437016,48.47063876463595
65.8719350268097,70.3556393917272,63.04325456852813,48.08504761679208
65.72545117765063,70.94847457938498,62.80671683519422,48.21999408279273
65.11112461159604,70.30230935072447,62.82866666205895,48.446437804197615
64.63155164557634,70.33154031258209,62.7116136585896,48.5065726130988
65.01632642522397,69.40806556904815,62.432155035716704,48.499551810936325
64.75403623415887,71.35929000511027,62.64383573890135,48.53281861416611
65.25221341725764,69.45734249194052,62.69040828024319,48.32864937048607
65.34744296791126,70.38577500283438,62.688721723200715,48.27209913274833
65.58761949791099,70.93026935483186,62.66252956212513,48.12249000162173
65.8395289257844,71.46254359236711,62.61213241830002,47.99579218067643
65.21121013132483,70.4891343787462,62.707960967149575,48.32207118111465
65.51547237514262,71.79937459611403,62.512745189373845,48.17235395286093
65.78305085655032,71.52531195124604,62.49104230618646,48.35082309702427
65.48653028757482,72.81898225773807,62.41641826059326,48.53791299742216
66.02996722447728,72.09904053619437,62.4989606951914,48.477845912364714
65.7053261622307,72.92182766197459,62.75401164926866,48.41502245807601
65.60579723680769,74.5821889790248,62.633904419328914,48.22682741377354
66.20236722271765,74.03415957248711,62.49981786852951,48.23656236954151
66.11331753819856,74.1408773869879,62.620356674480234,48.247845609272396
66.01495553913266,73.3883473161342,62.623102020253974,48.58570530485095
66.2040157860559,72.28627140383341,62.41182063427855,48.28434822976379
66.490608184428,71.84282276457151,62.359561359384955,48.30303656349008
66.20779728584631,73.20966988741036,62.33699951511459,48.14388078712697
66.34639947691227,74.69038618831749,62.29488461385961,47.89455751262898
67.01704237861588,73.91053795284556,62.29487092615979,47.71643574245345
66.26542235940795,75.90451777116186,62.40124738482558,47.76391607392998
67.35050146941091,75.54511536756209,62.191339304056115,47.655312805796896
67.1500762331539,75.46283048370074,62.10771064725572,47.7479249778732
67.50740673737526,76.1324555982354,61.96745745474621,47.69069293346576
67.544816674364,76.83704656015055,61.9821519256994,47.85968107074687
67.7841431693002,76.9468486998102,61.91532951010106,47.840109755776396
68.34742216212932,76.27938763798372,61.81939186097541,47.81622848797274
68.50783172890304,75.980742163027,61.85899313329267,47.92546695051281
68.41665887946183,76.46113904691397,61.79591420391732,47.78654499985086
68.49677415988907,75.18122389401485,62.0168404750426,47.91153343438751
69.02525055047317,74.57116948884901,61.87865949725345,48.01739945258968
69.28964521232191,74.3439917372122,61.44677949540058,47.575281428908625
68.75877087145061,73.81662450598672,61.477247063518604,47.62128512220218
69.9376973093996,73.62893617864334,61.39594948737954,47.52066352425871
69.91063304732943,73.71664179202823,61.26570718086477,47.28229928728748
69.58348600485661,74.58301469581323,61.2445890281662,47.01062807040044
69.9951307995091,73.65096282838445,61.15927277126633,46.93312778704667
70.06555991196869,73.2965178418341,61.21738946864652,46.977801957001
70.25290613196914,72.85103134554078,61.33018705678856,46.85661166814692
70.21434673788984,73.01081073981133,61.05232746235972,46.824407527719046
71.33789091983174,72.72323618627871,60.70567454616881,46.64383238351398
71.41215765660063,72.58048839908841,60.71162343728557,46.3514349987767
71.89949179227591,73.42134424541473,60.956953167987294,46.28042129081952
72.54805545410044,72.6053388592699,60.72172991709979,46.06151746559786
72.60949770145412,72.90444480580825,60.685090258842045,46.06995407725519
72.84489452341245,73.84977134710613,60.66735488752555,45.972733468795795
72.5866321584032,74.03982355663186,60.377042654844146,46.07231432649108
72.78030917704528,74.7392601665183,60.4246186142889,45.96977370445073
73.07115528340378,75.2010178781332,60.25770779319254,45.87883413886027
73.89655333907211,76.00924905880919,59.97417785998698,45.72046840092901
74.28459918287669,76.00168321266614,60.200430065428975,45.932267585604784
74.71262699448053,76.03003208017131,60.10220732700982,45.713066578299454
74.7901671581292,76.09496292112178,60.19823937139561,45.64091523478241
75.30366718216499,75.72698007132324,60.09072441548712,45.65144865765373
74.9826022186752,75.29689372954832,60.152817344671575,45.84426514813794
74.94611696476085,74.18143702323025,60.139205311034516,45.88724320844862
75.11531866291973,73.0345700763535,60.18911327102281,45.83651017753478
75.47772551248441,74.29641031411572,60.04179037847305,45.855452983489215
76.1902975933874,72.72377213231653,59.90163175896445,45.85754420838519
75.61901208726209,73.70148401813275,59.39908143523177,45.7030861035237
76.86393317788404,74.09201083781144,58.99570508955919,45.35570012392583
77.56364197424719,74.33971502568572,58.805586107520114,45.332524864804014
77.67669154261797,75.32037558711359,58.51716643663869,45.25538762561527
78.48799247565528,76.01830326269115,58.55662626184826,45.175778307174994
78.59008652890356,75.05392406680143,58.82145002835853,45.171798871653415
77.82790450355046,75.72481903845971,58.79509767891824,45.08271927074407
78.24961403763686,74.80131997438582,58.51548514455891,45.09596452833216
78.79551364915834,75.21378079813475,58.179579390372766,45.08984839660044
78.88154969191157,75.72892329326243,58.12746783645867,45.21540201508685
79.18026933897312,77.15866844079937,58.09982766753012,45.43972657940321
79.61975744329388,77.3941562431852,58.24098006663853,45.18266231427219
79.92344342185201,77.04645674049108,58.27697164492648,44.9178594005816
80.53753610026425,76.85025441904995,57.90856195052419,44.93106617773931
81.0870722544736,77.05936063163023,57.43731752487222,44.637732747699275
80.99235069972595,78.5470684752613,57.19216162223106,44.69001319309702
81.73720076797375,78.48115902414122,57.455739860407405,44.664588575315754
82.31712370658774,78.11969929981925,57.37781842165597,44.622322429400974
81.41373839640029,77.74763636533845,57.61060060437828,44.66622824993498
82.38537144070575,77.79993406708576,57.48490818233992,44.77261706158073
82.33932252203331,77.44151900544446,57.098095126482974,44.57558638698123
82.63104809666524,78.01541139492728,56.83874074631358,44.661223052908475
82.39566133267749,78.15339361187446,56.81078489630409,44.5466924051679
82.063859246236,77.3893406797786,56.723233454334164,44.46667580136495
82.91711463878613,76.96245340169708,56.79084931813679,44.361356488795536
83.1678634256123,76.40363734704192,56.55764944655851,44.37281663250678
83.41543453492596,74.92288970511598,56.40233601716534,44.473242237098425
83.28359124257781,73.94729364577454,56.11744028641671,44.15551870255255
84.09953263350307,73.73620535807498,55.7502684077339,43.780857292436046
84.08998873491457,72.38616339542575,55.65145850066724,43.74076597054213
84.32470693795058,72.24323109451984,55.43323519812801,43.57147609380401
83.9506527265755,71.9513699556351,55.33589608059498,43.3990393640242
84.04623480702712,72.44728925191403,55.441123287604036,43.28089620460613
84.73480542808207,71.8609045420088,55.597471630416905,43.062634478367116
84.20489690512166,74.24995066843147,56.168482965068364,43.35956015459891
84.44438873846306,74.67251581519287,56.053111920408185,43.353218072421775
84.14029587074067,76.35110150455486,55.98496887758605,43.66612664021575
83.53735042680125,76.67228101239465,55.53154012625895,43.49734566036761
83.55708484743997,78.38134833181695,55.678958877058804,43.24218967066241
84.12935111236231,76.72183474425235,55.75860525746952,43.25779058007507
83.39731912691336,77.22837382895445,55.44464252834759,43.358550010425205
83.6705894109507,78.02118241553592,55.235918317885535,43.2522271373416
84.98914571775205,77.46564843057418,55.48310307519348,43.20266774215278
84.68891002313221,80.3534006999415,55.534825971238575,43.63547380751359
84.91411531446036,81.2550850616838,55.61803628253752,43.83742277201727
84.7228434901608,81.34586380306648,55.873567469712754,43.82261507956279
84.46915836835379,80.90556135950786,55.5299135624784,43.749090509206276
84.42564110327964,79.99847019271988,55.54923319284829,43.4777578205044
83.98358504084707,79.47801276182064,55.46638822542829,43.215169168966696
84.5790137207859,77.56169443441088,55.106599917770055,43.139750756723835
84.13892670297156,77.12619744215675,54.93160031791592,43.02980886963098
84.0775362080397,76.73451078607506,54.7779011694778,42.96781874366493
84.17381778469961,76.30365779264332,54.520840306883684,42.8500274766336
84.21575543215886,76.99983364479836,54.562686392079755,42.83774800838463
83.99489874544716,78.52784701789881,54.91796797163461,42.79716577931937
83.98028227301657,77.72554417836757,54.52096810170694,42.55920163034839
83.73038840297255,78.02090269576864,54.58296512014009,42.280244454869745
83.06453842483197,77.72997851452371,54.29176912038184,42.05459018998687
83.84099361960682,77.85657788954215,53.97596469644647,41.78102119683277
83.99642328290145,78.53004405771033,54.06088015156115,41.772084270461924
83.40027591367607,77.06515725387668,53.720856893986834,41.334675384919386
83.55307593202159,77.18452252629285,53.60993364395694,41.178443390502096
83.55407361990495,78.02400001600574,53.260645993953524,40.68021791947625
83.88164731462743,78.67491666286844,53.39928971979252,39.91324964745651
83.10791646877342,79.44658714493683,52.91202908331451,38.77455466272418
82.90473528002906,82.44890924522377,52.6322933024437,37.905577786216426
84.93662901525047,79.73374866836652,52.363273688598795,38.00174242671685
85.03277166644376,79.39066040265746,52.93449187809071,38.731930934704856
84.67221359443997,81.07822023088706,53.58357638258194,39.00173639573834
85.05474196129776,78.39923841373533,54.74934333260508,39.71534759397609
84.56962498661949,80.3498713328098,54.8962200574972,39.29876312370131
84.2185465318784,81.14235105082648,55.04047856476532,39.38996426162732
84.29107243104757,80.19014273396864,55.122512058766326,39.27182602092282
84.63641396283306,81.91448962582007,55.5778277115497,39.963785370612314
84.87063318604535,80.6562034818523,55.63248058134826,40.16314102379747
84.77163915549801,79.7602516132342,55.469008046119924,39.84866239103855
84.04938496082951,80.84820948095162,55.399801764321964,39.847322222849186
84.90338305982138,80.12406030025997,55.371401275185306,39.94923200581759
84.50028795855137,80.76993933998388,55.36065236220102,39.81935048562727
84.89781817743739,80.4647973819266,55.6504144599438,40.2657428627642
85.42941712147228,78.76971547020372,55.72790117651879,39.94846678676538
85.8846615048852,78.97328016265601,55.4309877490103,40.170855970376564
85.16869725402339,78.39710298535928,55.37628068497616,40.363143112388414
86.10416621331812,79.23525668548241,54.916862413031275,40.530241554923215
85.16229528741493,78.54022329673397,55.2577433992447,40.45730112073491
86.07847001319782,80.31258818004187,54.871634253579515,40.371206684319304
84.63247511402918,81.05403634936093,55.14250407587308,40.44316116240789
85.48410337639574,81.45343231746591,55.71422690409103,40.71105204174965
84.78228926310705,80.42753489168825,55.586356698508986,40.524731105798864
84.22987057004653,81.71652366324209,55.47805550430776,40.78750306487322
84.00832153387367,80.52518009627406,54.84231820849702,40.72787938872018
85.213602672591,79.8858661823505,53.93097809044807,39.984655438536905
84.99738096181454,80.0948455194425,53.105963778846686,39.86630860102472
85.28447550845624,80.28439125911936,52.788969115199286,39.75305720503168
85.37486876044609,79.76636552764211,52.29667800878732,39.03416505874851
85.52423348448185,80.07046273424339,51.75210982918847,38.27417962431808
85.79244432655057,79.8367116238833,51.87981567371851,38.40329188212668
85.58888551921468,80.28330426436479,51.203084335143195,38.30962113325294
86.0268506015849,81.69781558863357,51.344988595375284,38.49567583723916
85.09494894689567,81.38776472568944,51.281960301703535,38.22375775483506
84.64346824693087,80.88581472294466,51.258431812011395,37.88273342961324
84.7971106771151,80.89711291604871,51.82169978949159,38.08318006794508
83.59948558917449,82.22526899646907,52.353054072275896,38.702412073669315
83.88602535765351,82.92019674638951,53.36960621199174,39.36457330890532
83.61569607724886,81.61455975847309,53.83956809851374,39.92201952213439
82.8279519191536,82.40194931221416,54.26661915312279,40.64075943473284
83.20124113811008,82.4615930093544,54.49172093915165,40.77823987964571
83.58980116435585,81.92751017699642,54.51413228686383,41.264197089752734
83.48117064295556,81.19250186362761,54.64010729627245,41.808402723772616
83.0448880375297,80.63910845907495,54.68683465655348,42.036702482344666
83.15238641810521,80.16302794515194,54.57447995472864,41.90081135660333
83.00648839972484,79.92524672868782,54.51691442280001,41.49826814912017
82.76401443446198,79.63321340259537,54.66825155043687,41.56456004058196
82.6074664137721,80.71635941256457,54.71054926627801,41.79759696771084
82.8800792181244,79.50870355741814,54.646240306676575,42.0041214751686
82.45670665332136,79.8167933271649,54.721074053607495,42.33819977344745
82.6160887826582,79.89029539316117,54.805435677082556,42.661623542007675
82.67240054876916,79.1194952626474,54.811826549574725,42.595700004092635
82.15819287235506,78.58317405856064,54.30719517999083,42.33719509914817
81.92622990742956,78.43659064334027,53.84012093674993,41.46950758998931
82.00929248430741,79.90808469439467,53.635738422535866,41.37787003376368
82.43478284874065,79.3794713338979,53.26712455358224,41.127558960644095
82.40069574618089,80.11495075906222,53.43258662964532,41.18387221553239
81.6776194463713,81.45763233436887,53.189150920930174,41.052195922142644
82.24770453489305,80.56887192693881,53.33584025621576,40.857540065974604
82.41689408617117,80.87352236421354,53.49273012438745,40.605616184127626
82.81435480638747,80.95821667930309,53.14150625570929,40.47116293521202
83.35631008113207,80.84641688366355,52.699179506535955,40.43375927064698
82.86585336998725,81.85689595850755,53.12654584449408,40.623791311464984
83.8382570376686,80.87268013409278,53.23542393584342,40.60726347714785
83.17416089037202,81.86013138475938,53.385038449712994,40.56424550302106
83.96074239443018,81.29375539595699,53.589293816611914,40.561303572888114
83.99781971399764,81.73951040495707,53.48658941130901,40.522700318441565
84.63072416056971,80.7269150503722,53.465819265952355,40.588428146523064
84.89444535121714,79.86400646898933,53.74065021773015,40.80580970233232
84.79607967592345,80.72386852840961,53.86159160262836,40.81096627883477
85.73061213470052,79.42643298277352,54.06509605534398,40.81271727199293
85.81947194327954,79.03808275067043,54.21015511016586,41.2053017124202
86.30069824153195,77.91123222219493,54.13262001129593,41.38644627370471
87.34079374656183,77.08051883387152,54.266513149643146,41.36777332462824
86.01565652122181,78.08603238640455,54.517132019802546,41.4569554557072
86.60758939027899,77.15653751022163,54.511753820979585,41.36873322725336
87.33722160376823,77.75039242450208,54.22275387649928,40.99013564949736
87.70748489494838,77.47815264135482,54.17631897180469,40.73379373265662
88.81162667865887,78.85272926061205,54.10753220766738,41.007180825029025
88.75674530846698,78.4738406620767,53.93094636673709,40.62362885282636
88.57814349332088,78.2469444513361,53.884717955622634,40.60161772024945
89.05873645562049,78.2120954472623,53.81559749647371,40.78911627706976
90.14301972125774,79.03661339623649,53.36062552105401,40.64458100663908
90.60275345446499,77.87701301319089,53.30959278183143,40.70395678150407
90.59139319280385,77.58278417236258,53.21841528864134,40.76809541046446
91.04376979098102,78.02658767344147,53.23929456909364,40.86919785807474
91.39822252490117,78.0947796236489,53.05867907498914,40.919840398757145
92.44629485564946,78.40794076788713,53.020157084619875,41.03785191393441
92.72548313547475,78.30228858247432,53.03324780535718,40.93359174175123
92.5072318510683,79.31140973029383,52.93212392887666,41.24739523964553
92.98838893186127,78.35674807413949,52.89927428631462,41.073393881162595
93.23974166707637,79.91622266374911,53.138783734021004,41.47808533457275
94.12626484148811,79.22146034837314,53.27866155569159,41.41928611946135
94.4972587878473,79.81337195563519,53.00110906155186,41.33103180027721
94.70898336402126,80.53303123457368,53.02672037906973,41.314285259116204
95.48939948622072,80.04092760293642,53.17249333066998,41.33483436837997
95.52864256076761,79.6698124172907,53.15368099381655,41.083525704351146
95.9317610635348,80.46611653140872,52.998310913998594,40.85188904613005
96.40298515299934,79.83153806481567,53.084900329864716,40.58969548588504
97.07413796325923,79.1656458528727,53.12464903826337,40.6252071551018
97.56094304158268,80.27209914471635,53.27148878224364,40.90282057187228
97.81090748440397,79.50809340455659,53.403438749445286,40.91918494697481
97.41939541536449,80.94375876520128,53.66000599503385,40.82992462401612
97.73923482570422,82.53645022315617,53.463104152370306,40.69122192012723
98.23597851523209,82.99503211687843,53.30324173230655,40.46124532750689
98.90684462348345,84.1578735754689,53.09695606426576,40.511628856630296
99.3165619830742,83.70483973743518,53.33292946523959,40.51125073143965
99.78165371456565,84.37598628643835,53.497789542257614,40.27823190158365
99.85174052594796,84.08463911726591,53.270818920515325,40.02281555457999
100.47712194737413,83.8619176442018,52.92189801615863,39.81482696594108
99.3716988062492,83.72443983757603,52.11812542481229,39.3097395732493
100.38408646494094,83.8814113880183,52.22161620354392,39.04305418261303
100.89010612632728,82.90655255908169,52.211444532710644,39.32479569951029
101.7289897533595,81.41502039538435,51.96663182843563,39.407432447025194
101.31211638063468,82.0440678305727,52.71997928415806,39.58899586083581
101.35671275933062,81.38423013640143,52.9032520240215,39.38484703424305
101.98678117191892,81.35962984358252,53.029874837631226,39.14586601692601
101.84188595302797,80.85876161597433,52.951210461455915,39.2093012665073
102.8026903637794,82.439567023798,52.60979730531253,39.41030198307127
103.04047332507588,81.34143850143246,52.72585635792403,39.68251978315057
104.3899281826537,81.98605656294646,52.35295734680893,39.852399046131765
105.32044516365717,81.15871313291905,52.70041208757604,39.88970612160256
105.85967689316803,79.98605996349696,52.667088537344924,39.81452624867002
106.762393267823,79.63716002001054,52.95943935355621,39.846872999675575
107.79533837247277,78.65998748195233,52.93082946537787,39.48663119796912
108.61655538728857,79.47551486072183,52.95838752501783,39.41668431434677
109.53968149962506,78.37110328939964,52.991645106977856,39.68626700136368
110.55041780928062,77.71428685621395,53.23540838854565,39.942865732870274
111.68987921529941,77.34697209854117,53.265891380188464,39.74820578803362
111.4418134029278,77.43458548460637,53.32685697380947,39.5022781990931
112.4643869992901,76.90552559095079,53.32436167279326,39.15465140723405
114.02058048157943,79.2713234956739,53.04371651805957,39.321843096261944
114.4027535907554,78.80589091166041,53.00260203255296,39.22850174516202
116.53166532614216,79.79237004979939,52.45025055427209,39.3182928547178
117.68902682878237,79.83442768912872,52.24648374100825,39.37918342804319
119.00989446637848,79.45376517284546,52.22707841614867,39.82732723912456
119.5854254844885,79.40421722516919,52.33532364521033,40.026252048284945
120.42409209376508,79.85496302337273,52.32444056951758,40.0589914947398
121.72784063915869,78.0574385192132,52.286509251740625,40.17012588933511
123.11205027474068,78.65600857640865,52.20681139895737,39.997529656360534
124.87850446172335,77.19515948399409,52.11565164407161,39.9107635047944
126.3799107120623,76.18966332434897,52.2863423038704,40.232010397906656
126.85649836834446,77.25716317490347,52.27621821029261,40.18474325027971
128.2595128044505,75.766582443628,52.18832326447212,40.1193806649791
129.91160992691505,75.33269526709317,51.97088477210647,40.193714616494645
130.77861075377177,75.10151733338355,51.818825557472344,40.11285163282439
132.43947188435666,74.83261711778388,51.93280109026311,40.27713401430681
133.1273558074052,74.86794333004194,52.32214397529094,40.553113444563245
133.60832092970278,74.65183595509305,52.29326227700998,40.69210254844204
135.01297330906777,76.1088859520552,51.92667387837219,40.73447232876397
136.95922585873882,74.82635607772237,51.56779509700803,40.87511338960919
137.13443670847275,75.46233154574828,51.90287312526612,40.944174931432116
137.87647383147046,76.22588653699123,52.136907056455755,40.7732161721289
139.90179710314965,74.94275022036888,51.99776788118515,40.911583722670976
140.6959524003381,75.13278233513037,52.246716579410815,40.934577336594714
141.73219030564044,74.41984319669561,52.316445291892634,40.92266712698354
143.44783178666586,76.11992377209042,52.507252192665334,40.6736554875312
143.42911014379368,76.72635304919305,52.98400546285524,40.85804198280253
144.85303649437066,76.48846548125348,52.93028261018149,40.866174006737474
146.36713822001533,78.15548941255153,52.851085716356764,40.830785230368804
147.72403946613272,77.53996243199876,52.54990209962553,40.756891576804534
149.18045135733155,77.39137266426584,52.3958337627082,40.58430634319309
150.12361489759158,76.29148844016547,52.584018925459034,41.15799475523051
150.99430087283724,76.86695615898276,52.50261046354647,41.335159283645105
151.35186067463195,75.59639052180815,52.91583623024977,41.66833352865168
152.7263940664071,75.44017073038572,53.201931895582504,41.80046611062109
153.7163104210044,75.84585774877382,53.18125939508997,41.85757037203211
154.23085118140352,77.72566576538782,53.50953144236881,42.03807360531415
155.7127300451565,76.7071949999876,52.97788974650961,41.96091348778387
156.27269171801768,79.19652421556364,53.1961470619887,41.744861677420374
157.59061853808714,79.06047411194895,53.04335425864181,41.38986308589792
158.65008984948687,79.08124842455923,53.137811522927294,41.10674498633787
159.47833723606055,81.13541901472169,53.230595891206036,41.06694676331886
160.54157247108287,81.6259516212344,52.94221596013995,40.609681208115084
161.76815482213613,82.46593990646217,53.08353558725709,40.519761414659996
162.4374432833527,84.48374251995396,52.856667186666854,40.06770401825807
163.82776627385556,83.1957528812278,52.35099292921767,39.930764537318055
165.66552698481357,84.04512120689832,52.278704844703995,39.770728585783246
166.94348651564232,83.09882389798895,52.44158155941369,40.0761009850885
167.13699741255795,83.37189546240137,52.53160950375115,40.12800731810524
167.77717994681396,82.98804772323874,52.54709363930256,40.10645999238007
168.50838710594542,82.3155984328956,52.48304839490745,40.16108502589377
169.6483019812291,82.48800611274535,52.29696506806138,39.91203606152472
170.4982737218989,83.51539038043393,52.43581546050872,40.12535753583689
171.10439554291378,81.35889014302688,52.86780778706871,40.32941359460483
171.68754708102605,80.89573865160298,52.78056347720922,40.52719922391793
172.1540665425761,82.27305919763643,52.908460647439554,40.412318864501785
172.1200336852365,81.09400641833878,53.15120988827702,40.70620161044452
173.06452037372054,79.78374085493472,53.1341500635932,40.67299471540204
173.67031004966327,79.78222987443931,53.09748721752135,40.640850394186096
174.1701864574664,79.35615760464086,52.82942856380702,40.34868600910799
174.7068969267208,79.1723126477509,52.62143905325385,40.482073253124355
175.64912040356597,79.57494595990056,52.951625802795334,40.86648660910306
175.79691174240213,77.5876669267312,53.25175405833147,41.04283095512011
177.0724016058079,78.3856024579049,53.498468537757745,41.030624906086004
177.28192242094988,78.85251560947425,53.42415525811312,40.84417307794959
177.98902828307757,79.26868672141916,53.298297930677776,40.54899107182177
178.7517718508234,79.33512135849276,53.189938762066966,40.203310834282306
179.59325143301092,80.45083991345506,53.25303913462581,40.12004657973491
179.95192624556125,79.33119689655965,53.19486681283933,40.03632812934911
180.17322180862288,80.57063734125484,53.518684726213436,40.23269943913168
181.2887752070716,80.19614650452215,53.49941617470787,40.08694762403734
181.34276904324895,81.21561569678508,53.53090997234196,40.24099715836525
181.4572688144699,80.54086338626163,53.57666882843295,40.161675804947706
181.90488078633194,79.72355589851603,53.48974454539156,40.29911532534557
182.7858391247988,80.67164708476645,53.47076924800498,40.225853632890804
183.23593742486776,79.44544803356776,53.34664938193305,40.01208542974618
183.93231288535208,80.99551319961995,53.37457969913883,40.00161550375446
183.99585283719787,79.90413138680827,53.45400086213198,40.173687725035165
184.5471049967389,79.79508097464836,53.58415182983885,40.13347212188573
185.02262520597662,78.90507429967106,53.53360509279421,40.03044456684157
185.6303018591695,79.62818940104512,53.5783334352351,39.85329083065381
186.42637924659584,77.69662170356585,53.62266197203553,40.02699217409865
186.48575961553183,79.46199049326842,53.57707235057521,39.97926035679375
187.3602462591364,79.69115586172366,53.53652398917024,39.712550193284734
188.19458643705516,78.34338931423846,53.47060692850637,39.799627868714694
188.21216160486992,79.90902242116874,53.45697672321312,39.761398068046915
188.63947178691578,78.50542839087359,53.30954287922107,39.82787539331616
188.9476379267926,80.03538412876767,53.51010805134504,39.899945528779824
189.07119414035256,79.67139935879317,53.50626631943459,39.970368727309626
189.11610188180035,79.06862655337689,53.57743834781622,40.175666144401326
190.0445460660634,79.7351045004746,53.814253726085795,40.27005278427114
190.33055416939172,79.57593746391413,54.093337368176385,40.447113686682485
190.51150476940185,79.48789254034494,54.20281991859481,40.32362930767989
190.60153586439827,78.71077276519244,54.34337543418553,40.46022674143824
191.4149777679458,79.52094133155816,54.20953564583587,40.48620935567796
192.1114596349824,80.04051860269175,53.91914709467744,40.33222771694852
192.39119690972507,79.8583133641358,53.967116473910664,40.407563445305925
192.8056264131899,80.03831893886485,53.99566551370337,40.598435171767164
192.69144935220544,80.37296206895459,53.848813880438556,40.57972824489304
192.4296994794075,80.166615826801,54.119474746210756,40.52731334785638
193.08836901207923,80.560506298548,54.183251832677016,40.54752212089221
193.58256755871597,81.08505654180519,54.31578719923476,40.8037279497999
193.95490256448406,79.32364522501058,54.2079577695925,41.04773602917466
194.548775525325,78.142110087995,54.12225619185896,41.2364455511001
194.3013529082801,77.03479957321476,54.347771133008635,41.38049134338642
194.76329596888874,76.92459308781747,54.31648584616102,41.38640799965539
195.5569929668437,77.83780021647092,54.569559064835474,41.24772405469587
195.08571415511844,76.18531668796889,54.77106298783887,41.56150640024365
195.88392073110083,77.81290759109241,54.88373553877021,41.571904532885156
195.3754968968753,76.98633910146891,55.058229148001956,41.774231556535234
195.59581397715266,78.01565449156074,54.96396794944518,41.707931446708336
194.99191603964164,77.52612316882669,54.95173923874337,41.79250450582313
195.8805691787181,77.11854216789673,54.926881400188506,41.97905184360527
196.15057203375224,77.28108263961428,55.18346089233734,41.82267852424799
196.4113256415192,76.07054949510983,55.38852619038372,42.06981726770939
196.16574963815367,76.30842950942647,55.43296767017158,42.190731383344136
196.8406727666808,76.3927411433981,55.33429633987516,42.005963519360655
196.57801928114384,76.00137588195902,55.38572909963773,41.92820771363697
196.87430623631641,75.18641142094542,55.47867965294614,42.039779597166245
196.44438370352256,75.36857074518016,55.63169552827962,42.03240729784073
196.2961999084777,74.97938456896381,55.56571900239688,41.85341240889085
195.86873600964182,74.67423268575274,55.6795147791183,41.9409232399416
195.86013142175216,74.67517936011276,55.60903982273886,41.93888423759502
195.72790277210626,73.80087207858948,55.47187241266291,41.99556457269816
195.27373908085488,74.93838890760836,55.798417215743655,41.76803629338356
194.4788785554955,74.0511530108451,56.08760473336609,41.776992997875034
194.61423708251868,75.97122012578453,55.90411266944921,41.52083408309017
193.27539692815066,75.20609163439089,56.04551234616625,41.886179795735835
192.7782365191934,74.58113057831912,56.26043204055701,42.03030747810031
192.304988893581,73.65874928552108,56.452264182002445,42.409546343908815
192.31068295094667,74.82038959399455,56.579606295218355,42.325705929674896
191.2650231391837,74.65292080315862,56.686426225827375,42.4813708894767
190.31091877930461,74.628437583887,56.882522995664935,42.54500805858838
189.6866581146851,74.78376101497338,57.203308996229666,42.692853833096244
189.00059414161072,73.37925550024656,57.01440893868579,42.8697928906566
189.79239993494278,75.05339776033178,56.81822968882891,42.88755169972503
189.09098333531446,74.41386014515346,56.7293952597973,42.87964940055591
188.79799300236368,73.64764103829327,56.5676504389435,43.01459699366318
188.62599340724384,74.45040492488347,56.28342728287731,43.073855440079654
188.45655328946825,73.66008413209626,56.41714439720506,42.90528797929025
187.72692477271357,74.04477288357157,56.0615743461731,42.92253109325248
187.77706817577638,74.26260220549376,56.49428520783691,42.97809620190671
187.83686470896376,74.33194331909048,56.189618497539364,42.926608231197775
187.28962282929257,74.27264670467012,55.901180799591074,43.00003758273014
187.04671950719717,75.82952638017483,55.580315287924776,42.95858343420485
186.69170857607466,75.68588360696361,55.43996435887954,43.02862606916928
186.6417236341585,74.90152678820498,55.2460095832213,43.1170426180635
185.9854169927047,74.84859125099786,55.485740571474054,43.212366850819095
185.77404361815624,75.04215630521281,55.65172299805165,43.0307374345183
185.25114497194852,74.83363008082458,55.876951192471324,42.97601843444415
184.9475715531473,75.60751836199339,55.712184024794226,42.980945967946965
184.96500313278148,75.40536869534172,55.811658842100755,42.881937005046694
185.1518282685961,76.90130284025943,55.635394775667905,42.41927594482552
184.0632968763781,75.54272002000712,56.01221096376756,41.99313532998957
183.50211424704275,74.39085667729178,56.16758908941209,42.070534834557826
182.6686107591316,74.90619645625802,56.27966323251651,42.43624559549589
182.71988240381853,72.88892540557272,56.626684757710215,42.29524534228276
182.50464156158318,73.34882102594487,56.77347256233816,42.32501420733907
182.11874956738947,73.84959910941345,57.00178062480319,42.33777066533327
181.64064582048582,73.16347655691065,56.689113711795954,42.25383603229411
182.22531050579073,76.03615244365298,56.422126422256014,41.99306334511316
181.63642682439823,75.05523747287336,56.434267259162134,41.85786312386112
180.57232683811588,75.36816847341376,56.66626860139388,41.7405748933034
180.69503127823003,76.80858653665835,56.22887950823871,41.319212376738534
180.66608117631904,74.91936467355103,56.048283363798845,41.34301337796234
180.03153191659197,75.62142004196711,56.332462394823,41.32471277792521
179.76497919135159,74.06147952781652,56.30637959857674,41.38971294875874
180.25974538887237,74.39624824666329,56.290074466032145,41.48710680646011
179.38091791936048,74.42850443761438,56.428179176937036,41.40755431934918
179.60310960901006,73.42536304549488,56.46056119184868,41.71574833844384
179.48400104498927,75.63527276263395,56.41527195625997,41.65957302724307
179.9245840397202,74.5027350988407,56.273879538289364,41.69254453021409
179.05136424608952,74.68554816387237,56.440399191277976,41.90447763286254
179.31307456857928,75.20449104070967,56.535088189757744,41.9613840067972
178.59426953870394,74.93912538779138,56.544140853573346,42.13411318641689
178.85242251412794,75.11909691726473,56.76932294221895,42.33661433752269
178.48648536592125,74.31306096677156,56.84078099317181,42.79830884574018
179.02083710176765,75.42671113207035,56.81388624588237,42.93092830159583
178.73968250152495,75.68076835161922,56.71855111491254,42.82157582038193
178.51653194106717,74.27743230049494,56.859098140512145,42.71554488536854
178.9446778538197,73.2057179045713,57.002147802891585,43.18672221427939
179.5418908065149,73.29991286274799,57.12123767985747,42.97953231496104
178.5113680794458,72.42759400240193,57.05688569022439,42.9993307059336
178.15027058241893,73.43898602483597,57.110806758496835,42.823245064424
178.38691778996707,73.62473103707147,57.04193638491019,42.56653822269319
178.96368779461187,74.0598794207668,56.70324265285751,42.454792397246635
179.14797849409868,74.36511700417569,56.87472290654425,42.36980763360424
178.55127567238296,73.8378374949665,56.98272796861585,42.356071769248274
179.00482836115305,75.56046054451352,56.79134658246973,42.20981925764813
179.35699619578375,74.03750304614174,56.83294247896985,42.507185031445516
178.80379351611418,75.13556665877707,56.90131518736142,42.36686658875237
179.51828087120802,74.70559572649877,56.77786876029294,42.06257822583856
179.74515185244724,72.28319085716424,57.10370286097063,42.529265157958534
178.98448421544197,73.37811329283264,56.95619045488935,42.127757755722726
180.16773255150417,71.87967923646441,56.93278074069646,42.3822235533194
179.84868027107515,72.75351148251536,56.78086048456458,42.425900962042974
180.43529800580413,74.54346801033309,56.728241331901984,42.22694097990913
180.63856639810436,72.77456111102643,56.81331045498011,42.53016591705698
180.74415424023766,74.39525915555521,56.718809000216204,42.42551122776443
180.1442143882682,73.24971620930927,56.70769946732342,42.465670387239356
181.45464900161926,73.10009857002802,56.8495598853967,42.34401500670798
181.6601210505667,73.41066470174621,56.939742434497404,42.43415188351513
180.9321128562926,71.31656043373911,57.119014099725554,42.55969018866388
181.8704618256469,68.79510941226893,57.25880852780773,43.24591851410546
182.40892919231118,70.49467776167657,57.301234002990576,43.54980834841699
180.75142885714826,67.84473825541521,57.12165106659643,43.587774538216344
181.9353937755114,69.01977117149734,56.58226048215138,43.27608885207869
182.56684326696032,69.78001742629365,56.34712391227839,43.22991830388896
182.79219548055684,69.12213515435911,56.24500997828754,43.074141204615344
183.30321705171278,69.46228888407008,56.0749758343697,42.67870413131706
182.48054729062892,70.5907599624595,56.614540834709686,42.48849724217737
182.41106851557603,70.15552274960949,56.6512980257094,42.354565096489154
182.86327844887694,71.0247536557047,56.381829094948245,42.231451742588845
182.58242374412222,70.76825440897899,56.26985545716303,42.25011476345649
182.9635395952959,72.42287420487293,56.342763506249995,41.98900091553458
183.23676742049952,72.42701037415472,56.010790356991954,41.90884955514757
182.93355803134622,71.4672001577401,56.063518940214905,42.09796070681839
183.9823838039316,71.7629029212132,55.60054087126332,42.000065485753666
184.2721773759803,73.02854532945321,55.32633988300968,41.86118665605953
183.59939821353865,72.05681760684408,55.92158987306557,41.559327741612876
183.5688948742374,71.56998008389255,56.30217198063073,41.587322228834466
184.2736975846697,70.9304378815908,56.06734394833887,41.566236331046895
184.66000867112692,70.88093333432118,56.56995552099935,41.62985432583513
185.12032654042596,71.28334580304872,56.13596196427462,40.911107987475404
184.85201729868632,72.89563293892886,55.92866107519531,41.158026006211976
185.23623259438733,71.86098629875406,56.12024482705502,41.33232824633177
185.0652406361666,71.70317298456628,55.906503347816965,41.57509116925107
185.15300572712735,73.17173276440958,56.27382127609444,41.72299095961633
184.87800306455597,71.70439119647962,56.33095120403188,41.62016656144916
184.92464705457618,72.25216036258303,56.08383063937191,41.46328205595593
185.1115944697463,71.35680274388035,55.74207379157896,41.523560491450866
185.8448165478641,71.34917436570026,55.361207242498224,41.17567839330739
185.94320463275642,69.83383012677737,55.29376579070255,41.24222669438012
185.87189430476744,69.23456740496965,55.768173436846205,41.51564102301678
185.73522118031428,68.58670438409288,55.94305749154822,41.29002526408061
185.7846584861146,68.06832341462358,55.948230118774276,40.96593663043316
185.88859657960185,66.77710709897296,56.652809609785926,41.414723250381854
185.13217642537938,66.76375795543525,56.44636276117216,41.25583334153728
185.98795883825665,66.71862887181328,56.56624887459611,41.10374712935618
185.79317081319408,65.89850654492783,56.3349163067479,40.92979650782039
185.78069914917066,66.05271822683947,55.93427001372772,40.66619389226665
185.2980554779469,65.50020165299574,55.83026445322881,40.72897068466846
186.7926846925702,64.32081156417783,55.74379180202785,41.02454347438011
185.1787557112091,65.82457181244386,55.48815357563257,40.96548141099927
185.29786882522032,65.74847538527473,55.483553221533455,41.20014057709035
184.50796033007717,64.54810686347125,55.94287644217403,41.32167372894315
185.02188268762671,66.1422722190795,56.16072755646644,40.994706905513496
184.71408305916827,65.16254617232109,56.261769809408385,40.90540073067402
185.19356370521749,66.47008708480811,56.2360021413296,40.781038224089855
184.80097550039858,67.00368701792698,55.99858755613254,40.4825490307075
184.5741124217723,67.1030827683276,56.31132768805166,40.48660110657596
184.21177771810335,67.77619441049943,56.34562504558109,40.477563085866024
183.61365007127506,66.61297925401972,56.557922154518536,40.439499790350716
183.73497156319883,68.43406832419898,56.55965687314564,40.38149723669263
183.46715132935935,68.0439602900666,56.82408807106255,40.37682408376598
183.9298077847445,68.11624838550975,56.861511886099436,40.44008285190982
184.38787059058598,68.84658555329811,56.640332325060385,40.15390063707591
183.4463405103639,69.8068587377131,56.806329416160985,40.10435217397712
183.37305620898775,69.55119696445693,56.77455883558276,39.78624972990795
183.067770245285,70.95390259016581,56.81333917372814,39.81174773065694
183.45530089896135,70.40736191900137,56.571804406177996,39.79724841121214
182.91056589861861,71.2801511189705,56.32127842660073,39.56236022352366
182.96299882270117,70.10310165738105,55.959447984309854,39.5844832098129
183.14448179992723,71.47125798660333,55.605440960938715,39.54540136725577
183.87363437963828,69.24439972410417,55.52603072663414,39.76582626627755
183.0625935786179,69.838297308948,55.46089211287742,39.55147406829627
183.13817105774464,69.16480999296252,55.31883876804869,39.75462161954062
183.17210732984353,68.63633468207654,55.335650685206105,40.09896765900286
182.0993136300186,68.44284488567757,55.599369603219955,40.41094231653619
182.2883294749829,69.35676183951287,55.80106800677049,40.72048829358543
182.48751923155362,68.29999303545475,55.712703546186034,41.04777602567934
181.24630333724068,69.69111348701418,55.820043543659,40.95652366320989
181.28231004409952,68.3966031027345,56.04324785259564,41.25172881897628
181.55264912611682,68.42156118372225,56.02023733973751,41.349529715659386
181.06731336797168,68.33813593355,55.770028347604935,41.240705753685454
181.9190700323378,68.05666623397674,55.790534188680105,41.30501725175471
182.40575755669795,68.26327658079549,55.39683338388683,41.1842038025611
181.61518824482908,67.36482901473924,55.40974018656439,41.35970263149674
181.17412331242645,67.48190916473318,55.448045724377636,41.422014553121784
181.7944717939343,67.32324178163634,55.22190731505758,41.40219516930632
181.71447973362768,68.1508756427274,55.168595648097934,41.10113937358446
181.44373427934838,67.4590320259741,55.44200194118757,41.205454153401504
181.0357217284953,68.7095482841919,55.80123212531028,41.01731741180721
181.38356118387662,69.09522370609088,55.862026636598074,40.89797349216162
181.22125659766596,70.32656014858966,55.837426828220735,40.90223957963718
180.4313937986214,70.40755425616274,55.93808545834564,40.7765372864223
180.54881597830556,72.237763958226,55.90727249190927,40.92624704794521
180.39881945914038,72.13664676278636,55.866281990419935,41.16086068234737
180.82901787941455,72.74677837278989,55.917777623569265,41.15145807234855
181.259462826784,72.0204807200704,56.119614822526984,41.067591547648355
180.98358058027657,72.44999498760671,56.125666486905615,41.161744219755754
180.72238099336394,72.49314669066696,56.35244557692197,41.27718036327209
180.31064496499386,72.01001239199397,56.21188283790104,40.99002121670634
180.55669557342407,71.75319564798184,56.21862627440861,40.96160952870138
179.78725526053233,73.21009953630141,56.45382862603742,41.26057197567979
179.05525608361205,73.37530826831994,56.3540171082044,41.360167929840365
178.73908845465672,73.83588504285686,56.77859338810583,41.326934402777326
178.68791480293606,73.08748219943755,56.96584203930357,41.58252366848865
179.1090887900393,74.17941918818758,56.88881329326936,41.50048374975016
178.18611879426413,73.62062318915358,56.937586698897476,41.81004138740941
178.512825437596,74.48490821561147,56.69417448154101,41.73987139323996
178.56902068931055,74.7428161595642,56.99305939472459,41.68126142674602
178.71704566359054,74.30892332769074,57.11059785082006,41.72454116531439
178.34519483646977,74.58282232701703,57.23542173654508,41.782446937776164
179.2507671157384,75.07919473129996,57.375908724028285,42.09750266059764
178.2558170667151,76.45118960928825,57.90587446824645,42.44188608882516
178.11144335384478,77.34186799206165,57.971147942766635,42.28677708691207
177.3150051958322,78.24462735393296,58.05958383196523,42.202501983088304
178.34405452335068,76.9397548721121,58.25776059234886,42.261513380445805
178.7387178184353,75.7368592147686,58.142437364835246,41.91608256149635
178.87358078626943,74.05808201345455,58.16061351614021,42.23011865929962
178.21450195555167,72.43320405962822,58.370791522309915,42.4801528014341
178.30994826162433,71.31994702960915,58.59942331159088,42.66059866994392
178.56504025351302,70.96723462945272,58.459553419257546,42.83205484280394
177.6771891816715,71.44404440493045,58.38468846050833,42.88578990896728
177.8230897627243,71.31284982079835,58.674192086992186,43.45904015811643
177.20818166250646,72.8090117369217,59.03950323486136,43.61333946048276
176.69969898065972,72.45321179204217,59.456227116297015,43.99475360905571
176.65001723809095,75.07677594661146,60.141997309198175,44.34086794518079
176.229602862366,74.74824557624537,60.4688983029081,44.355226940879696
176.0378043356648,75.02927692502622,60.73721095811236,44.30538110933438
175.6507713246554,73.09768969704649,61.04910703489112,44.550376005586216
175.8931945733396,72.88938813414003,61.301784093278314,44.66597653955075
176.0425150138,72.53682692115001,61.01396381256171,44.642779678230696
176.30405303515298,72.47441352517603,61.287868687309526,44.50448814351468
176.37527092598995,72.25850277902776,61.51778935023283,44.41347473876988
175.6729082365372,72.2030094778668,61.25849490606394,44.516207691283334
176.14940859656792,70.88226631953384,61.13768183859044,44.8677524586481
176.06707238972126,71.92324842627443,61.710071301405605,45.05118054863375
175.56865546851375,71.56869314414101,61.571890729033306,44.97472436571199
176.5278868640278,71.26820935471103,61.329158285638584,44.87314791104458
176.48536382056088,71.15223974931634,61.33969346295549,44.75130828272265
176.54913935550292,73.10919264189741,61.107281483788235,44.02011767509651
177.57162753331693,71.59911534764106,60.843213355127084,43.87567737492206
178.5282222511317,73.36472532388953,60.35821534291371,43.247492824723125
178.20480565986605,73.33813872225547,60.265900743119204,42.971723907916015
178.30559695683164,74.32061038870414,60.48570915947248,42.894061873656064
178.48110035730852,74.19084318071377,60.232550915454524,42.68603662419529
179.30156701933322,75.64139509342678,59.88889873745461,42.699064678575766
180.27730584919385,75.04547147121798,59.43781506443534,42.58463071400138
180.2015739424894,75.88188739869084,59.379312307705305,42.56565454047504
180.84120857517067,75.40324727502987,59.475428207557286,42.418412917183865
180.55125254030253,76.08998380873507,59.42024199877109,42.29985461036306
180.6923544645962,75.78294511969438,59.47053935300547,42.212334476676105
181.06830920525704,76.00867790449038,59.70204970725129,42.17281681310139
181.4069649936538,75.32253264979681,59.824072418101196,42.344957071099984
180.89210673055743,77.02890281796687,59.6953395329017,42.263418049686024
181.65364831786385,75.8453284896642,59.42466188254269,42.254735102287476
182.2758451500435,76.13448736343841,59.476621439123065,42.30356538692745
181.95729204230435,76.48122509712604,59.48712983288887,42.25928529261052
183.03950651946545,76.59817075344638,59.05177189964668,41.94411220622382
183.117997361079,75.60363917797493,59.05468454870926,42.134064944569076
183.75857001813168,74.50959144981314,59.086090733017,42.46281866028443
183.9997582915356,75.14516124942983,59.04356278802719,42.32394760906281
183.48729758456545,74.65406396780183,59.042762055933274,42.42578347633494
183.89615739823586,73.7621040873942,59.28631123505001,42.73031786117363
184.45192404269608,73.43968920910751,59.4208905311973,42.773294425894434
185.01618719435683,74.10282613953869,59.26682679663569,42.484344278334696
185.42586985752385,73.51976202876682,59.09891186588577,42.5473943729711
185.40758151718282,73.22724006504535,59.18035125278205,42.74412953691001
186.25557796828224,73.52933657366911,59.12636713201627,42.78077514270935
186.17801239468554,73.52883373953702,59.3802379106837,42.99227498652687
185.7793492327516,73.9449069124857,59.35706743698998,43.00495116660758
186.22720810196702,74.01230744608574,59.88147172595626,42.88529595163801
185.88293684019786,72.8576554683282,60.031534027269416,43.246995846980056
186.8588634791691,74.04420775385063,60.15986425533891,43.10756747107986
186.7989318474099,72.4404540116063,60.199658692181856,43.479674374208614
187.10305953347304,73.42301404903242,60.57982666752872,43.492022789957005
187.00067669402873,71.36747324343018,60.89244797186795,44.03442721419551
187.22405643823893,72.7555737096167,61.13098728391601,43.95510996025878
187.846878826092,72.49884190309979,60.88755956257697,43.89582062071689
188.12743834073515,73.1684038390598,60.91914369691443,44.04727575785297
188.28172818353806,73.21741251638893,61.16861434576222,44.0876579147704
188.22221111207085,73.81716213314462,61.03519167464597,44.11920595394123
188.91096612251397,74.89798725402731,61.14668698098445,44.124602974367605
188.69713183008523,72.58274870128275,61.61819490500881,44.79923043233475
188.68729654324136,74.2098842274115,61.310742790403076,44.78333194439306
189.1398696821336,74.96179312921726,61.605762261214785,44.839272684749744
189.50460322421844,75.08759445222654,61.76946863323714,45.02957976916558
189.37722685845995,74.70758688834604,62.33740699698299,45.257790871753386
189.02482759700575,74.39745515076302,62.113532014108266,45.33930387723485
189.63349622526977,74.43523813491434,62.46846467411464,45.51680418047571
189.96689546365138,74.52368580302324,62.81442194896122,45.52417734863909
189.86452384415912,74.43194064843786,63.575438111892126,45.98696375794947
189.3584537008466,75.41297630064705,63.98693476372105,46.06148517547017
189.65599086854664,75.41788130913582,64.26915532635411,46.190092327944335
189.57754215894312,74.72609375478575,64.41304165137842,46.374255925223274
190.55418584626756,75.75287364757769,64.5617938523063,46.63400318652967
189.97143584056852,75.62705802889329,64.85232092421313,46.72680355768085
190.77829116566323,75.93440250279238,65.27354050321071,46.73992395560485
190.14697638925452,75.20100903406328,65.66297691122986,46.949385959057324
190.52821761819035,75.26369075356567,65.91113877003149,47.283898163305864
191.42438491753626,75.39838569548529,66.08126540447873,47.40816295375824
191.57191350182808,75.20868279033522,66.23751985398471,47.587987886039066
192.0375501384809,75.23125683475237,66.29604786833018,47.62027142382264
191.87876030540457,74.60711677785412,66.78981226322445,47.66274659358078
192.49028390836693,73.57899920719036,66.97194002792655,48.29830657640761
191.99678270912756,75.46531579118293,67.19727940674817,48.085319538030625
192.18582713168632,74.84433617117841,67.41954183564414,48.04750017830058
192.71336988028878,75.46853779285243,67.7058170266488,48.05484830633624
193.4528237923011,75.3156150572229,67.64224795727806,48.37244465170485
