73.5,126.5,29,23
74.0316805626724,125.91533516450954,29.019217295294226,23.013652113989338
74.02857611786689,125.28843380440303,28.806938579452712,22.892652721623023
75.9898685801364,125.08364736096638,28.612680213980475,22.756503481535553
76.53516085265025,125.99847168866083,28.01021226112158,22.745476461583685
76.95686575790626,125.60380867634983,27.998973235082996,22.703688134456254
77.84798511255298,126.36715352510014,27.789166924585622,22.530773699788277
78.23969743235494,125.86821589663066,28.226353738038025,22.30170951695369
78.76647170039494,126.26195962723746,28.092701566170057,22.025641411609364
79.30363934196123,125.26806042847286,27.90105724916681,22.093986545855785
78.70302962812609,125.10598506368633,27.543717139903187,22.103807919473716
79.86739614014185,125.98531730289561,27.457383093151318,22.027067068908575
80.43356948722779,125.61621273204663,27.438016407104755,21.800439970791764
80.7361104878729,124.26747487684007,27.20254614592682,21.65854614575872
81.60494096677654,124.26539547653438,27.183102918641698,21.521574618191682
82.29162188430116,122.69493246366393,26.965820137471237,21.556408906185386
82.99930159103164,123.48454176872858,26.718372611179184,21.35330001533254
83.68473941173313,123.2474481464577,26.734989745693234,21.112038999566966
83.89350327997477,123.43209959487054,26.467326176184997,20.80297115231688
85.04220958722158,123.72947334543096,26.314026148666457,20.455548103000176
85.2094629579035,123.73771405530357,26.059300365895538,20.330044952533957
86.08779945921017,123.44239991803437,25.845564165192563,20.384784614802005
86.91459145373054,122.82776775863606,25.5062124063383,20.10717008075441
86.63176565579008,123.17117170724103,25.468141966334365,19.845738777611068
86.85145060291772,123.47072459749019,25.30709131169547,19.553176645355713
89.56157699408593,123.58132252730032,24.647173497925976,19.73356910646757
89.50648798175641,123.76416222117447,24.31731382503135,19.87761803121164
90.77792747408951,124.14277249516056,23.85387948720049,19.818785165677355
91.57090721951053,123.97678865026616,23.52093241510539,19.553950263188614
92.37111767498439,124.67047657278164,23.542981286986954,19.14941215476425
92.49364008879044,123.98859255078659,23.15679611761613,19.172819199646984
93.44648198016951,124.18175082791817,23.077736489902545,18.831944682668208
93.80336783737393,124.85780068496769,22.808006772688007,18.88284496570815
92.85832522360937,124.70889285489567,23.27211703512161,18.592789968408194
92.78959159834601,124.29618722606091,23.909757794769263,18.386768239818245
95.71616997661954,124.87601047688469,23.496201982741226,18.317782429431983
95.20285433599904,124.34539318239518,23.937038874734366,18.067315124604534
95.22212465354963,124.7039781884673,23.73999081802043,18.025655816977665
94.13059076761994,125.38982559941033,24.352146705571954,17.812651447667292
94.15247921448021,125.93127549561561,24.44166369386378,17.891682097113122
94.71945034518993,126.3419147086607,23.989680465456743,17.973347043749374
94.15303744664439,127.01292132484971,23.850001694447837,18.11326835879566
94.5086899265293,126.86452628154258,23.50810501433538,18.358842781857636
94.42877002592738,127.25265434057242,23.68531557039211,18.487825232580775
94.3060396117245,128.50607939604842,23.73255756141745,18.521804780137096
96.2388582126773,128.73731319856267,23.89012850083876,18.749552047468782
94.75898674218394,129.06688329067973,24.329818055137267,18.796667776015468
94.16620459998956,129.34720811648577,24.379498292971444,18.988746944250448
96.38770138537205,129.38322190243164,24.517053962318766,18.798988047030353
95.18861762580758,129.26274632716175,24.880146532183176,18.897688078552562
94.40038109594764,129.7849843536976,25.06181153793274,19.05497780116136
95.30156138549134,129.54082705887242,25.080377505895807,19.224820154416875
95.7906260027365,129.7993237965629,25.881657083928346,19.21078962592769
96.77665935172676,128.59732055234952,25.636082552466995,19.40015788116968
96.6006473030118,129.11000161366206,26.13777774252636,19.30003550034676
96.17851920514674,128.6947190695202,26.34516260036586,19.326908724616807
96.66488584177394,128.96933562943107,26.807900385003318,19.360526120637537
98.16522439539254,128.74241502899122,26.6799690301007,19.514295485999348
98.77561800152375,128.3486602810103,26.674035462209307,19.507306359543758
98.13349342507998,127.91004126813901,26.63881385189038,19.543520165296535
98.4978157142954,128.22620168594517,26.654885262095547,19.518589196989954
98.45783426585908,128.0407106212174,26.965389373315077,19.455094891261034
98.66248004731062,127.55341751494446,27.01421303048186,19.3179848605208
98.64031442383762,127.3376208146513,26.88042966949768,19.331236713856363
98.19478750794923,127.21377667760784,27.445682545978922,19.386291388900393
98.39864563146931,127.52447469182644,27.53490837204553,19.346801261895216
98.64753806665972,126.97204933617019,27.64940869844586,19.48898617692781
98.55065507125458,127.34840386860202,27.584597551070623,19.473471828994548
98.77143235939424,126.61992481059073,27.97390579493979,19.524663219476963
98.58127676400237,126.0702677313472,27.837759606859226,19.83011664445496
99.50632044905574,126.16090837678092,27.54597916920185,19.945444516871806
99.17642241082862,126.20690853697626,27.294221087922164,20.141970463294435
99.5242643512823,126.57421620259856,27.25286430156969,19.977800967640167
99.78992795650103,125.43436155189916,27.13690478384119,20.148253763072802
99.97048133045635,125.68076316260967,26.63742451198,20.290211755908075
99.67443949528243,126.41428021008174,26.47305150918255,20.201923455260175
100.62111366993413,126.24489755453476,26.364317126820975,20.19041840564593
100.64959435654893,126.64219707512245,26.663526527097538,20.122233448905032
100.92856603662574,126.6195171253194,26.53866959200991,20.021930519231226
101.45930321683842,126.29394960397602,26.814479319719318,19.963953990606047
101.57580648213988,126.35220115829821,26.71584222204256,19.740422017637584
101.28636992528388,126.12094690689716,26.874385586170384,19.76908053007178
101.37573221718888,126.06720968642432,27.489497894011514,19.6956796696564
101.33446362070991,126.86619438688481,27.811731157521344,19.54252077841709
101.39055827931386,125.852642319868,27.339022162912855,19.868404638479173
101.54277175145734,126.35347822691996,27.48071345421396,19.79212449841699
102.17884618993591,125.84485829210394,27.53360301033178,20.01280127915514
101.94570499039799,126.26132303806848,27.697424738936437,20.073900987303112
101.61587711838834,126.3662049154912,27.861866586919575,20.191608935748622
102.1118940687,126.15368011795397,28.01675300966815,20.129052839866972
101.70274982307615,125.43241625359425,27.4855137842792,20.28519622448545
102.27294502269773,125.88423298287857,27.74010608061557,20.387471612771964
101.47275137267295,125.24577680373785,28.11855107510023,20.432007753211302
102.07360138756007,125.72023630583375,27.848060967162837,20.780714409915824
102.17879771307429,125.21333778662263,28.28833812929055,20.694975744679
102.12326465270063,125.59879849210189,28.16684395815154,20.959799716029437
101.5354173711583,124.60541188945676,28.05875425094961,21.13463833098004
101.8913018001819,125.29885982848036,28.5719006589394,21.025299468351843
101.43396382414988,125.636840636953,28.85227840562778,20.869085764290325
102.344739296392,124.89974934388368,28.730247333808933,21.079948142833118
101.81353129595693,124.8500929165745,28.894521294903235,21.10122311709042
103.07367354457348,125.56688943787769,28.427084183076623,21.01394951151101
103.12830908428901,125.66355148070495,28.21644851341796,21.052373157422913
103.0745326365233,125.85170470002741,28.353946233004216,20.939570985516898
103.22268548721449,125.99985210887799,28.357395687662027,20.983485473102157
102.7320120243671,126.06715942573258,28.184637546103723,21.06232469848376
103.35601842108615,125.47685656892826,27.74952630915747,21.24898189286254
102.83088899026363,124.6653236874959,28.059716854342845,21.205285542156084
103.3810318324497,125.24553245272295,27.67999893282243,21.370362301100165
103.5332570535594,125.7788095316941,27.97922606142287,21.167818715591363
104.05173894847397,124.82321201692203,28.010047296236678,21.21405688936157
103.93790209605768,125.69788007197509,28.125513536195456,20.951898747280637
102.75652691849056,125.25134935795883,28.17854814349645,21.16905500725667
103.2565673289976,124.37583729706571,27.99108343233039,21.328858750167182
104.08001241158745,124.87910913039624,28.508999633117487,21.105402337076654
103.84153095567837,125.26297471448189,28.674165820139365,21.11425090656865
103.673377017163,124.95641894730306,28.81336682914145,21.183482455116962
103.18087916638702,123.96133006206074,29.029647864326847,21.289555139275027
102.88868291991015,123.43905314846499,28.77826617400726,21.479401069757063
103.73154820897426,123.31003293042468,28.300503354057756,21.652572903383042
102.81462314336795,122.9215129705388,28.582300868197304,21.65914810481298
102.71003818829914,123.00227109796808,28.42831216489155,21.698997112224404
103.5457664935819,122.64197986187187,28.14050693009662,21.99537451964325
103.71798424485078,123.07876673518977,28.154573577140738,21.996263377530152
103.78781683761241,122.62036652802901,28.297154504440968,22.036112216572434
104.84729629286491,122.32481756999127,28.018232343775768,22.235707662869846
104.63976919777635,122.35177030879623,27.755278335214804,22.438555212699054
104.19756998238739,121.86584496929243,27.52165873487239,22.692650574018657
105.3017850363024,122.63092390629097,27.70378734667739,22.520926065843405
105.19173137821835,122.38409563620573,27.756842036235682,22.468013437446242
104.86811325510185,122.73955092703328,28.077902801387683,22.172005066026735
105.03977413805069,122.93259515774824,27.930056449885328,22.152855374414173
104.07382177500892,123.27289799821078,28.566141655018555,22.00769627771378
105.21913596438172,123.97664435936069,28.427000388318255,22.11745457012345
104.99208805252219,123.93509197157688,28.554637847312193,22.063258228509277
104.43157343186114,123.80178869772104,28.612037103778643,22.210498130407988
104.48496075643612,123.62802184293922,28.362853428005895,22.341711146478737
105.81246960402099,123.95751900183352,28.314635573763304,22.13384867917116
105.29669716902102,123.46325117506805,28.4196267771716,22.06088843254797
104.39015999522533,124.04996832480906,28.541290464019262,21.793220024141107
105.44184703861403,123.50473798225778,28.478010276015056,21.81630028092944
105.35602898841618,123.33937596215137,28.054567133227614,21.94014998036966
105.29174339266378,123.27340910831042,28.07115381848299,21.717533564836824
105.37837651189135,123.02267505093268,28.000398948719777,21.656152754001788
105.19917926623214,123.1716923544948,27.911158623868467,21.648471534471774
105.41471980101367,123.7544677202118,27.910766948779422,21.53677836796391
105.90201328093386,123.08174079110384,27.96109425361799,21.498673237608656
105.29485352764462,123.00177815113909,27.849156888973035,21.66974794446037
105.17924897048387,122.79821523246713,27.98900299795442,21.730533602360943
104.86717287721876,123.06697596955223,28.279040603138128,21.671368578986872
104.29194044173228,123.48879544094706,28.291501051923298,21.572004252438656
104.92488511677783,122.89956703756619,27.907170418129347,21.79850746928417
105.11498143836322,123.05916140659276,27.94306137905594,21.823180489939965
104.73920716665455,123.49719131988785,28.298029852216075,21.58803254050512
105.35589784901732,122.60026608671895,28.07665608159911,21.632252674849816
104.75403318652516,122.85272658772837,28.11860457238545,21.597118018789683
104.95566269249682,122.85139243604115,28.123950212131657,21.654309540587246
104.1221155054291,122.96904490167721,27.86628424462281,21.73544811221811
104.89495341552677,122.306013190978,27.745591806652513,21.920882838128527
105.18245432263855,122.92446812289698,27.518787363196537,21.986857910623282
105.26589668663411,122.7494887029232,27.07162580024067,21.932757280871
106.00383812147419,123.23332446639155,26.600656499057223,21.925717362897295
105.78007464697617,123.42114254528201,26.94979774895991,21.651017550872442
105.88162184182974,123.66018106299958,26.775433233893473,21.660722695746593
105.14260944031417,123.94273374340766,27.051844729925406,21.498999487249392
105.34839290157313,123.07142133174418,26.91213849633226,21.56562049683275
106.14379678123761,123.47506183113651,26.813921283611272,21.394615802769913
104.79532311090665,124.09889461908226,26.876033381048103,21.36758337602547
106.50156696644132,123.53014708504685,26.807963957256007,21.275623807522493
106.11382690663301,123.5485368344268,26.604161399698988,21.34354553720241
106.28528672480303,123.96347430854111,26.870167880779157,21.194209362510463
106.39082894310565,123.99687553447308,27.091501790578956,21.086846806693657
106.16408872520701,123.16311297121496,27.39501144159286,21.14133482383487
105.82323743097426,123.21074244062176,27.433962813169927,21.315180991613456
106.16089028049001,123.29293015081545,27.553025142779173,21.246013605145414
106.21233982505984,122.98290776915898,27.06970197136031,21.605664778723316
106.41587835905393,123.02447615553838,27.28187627380212,21.48214883563615
105.02564696679359,123.8763041147721,27.218549004001506,21.725096930611713
106.45422156262309,123.69083343103615,27.233411473872057,21.71459864206438
105.61451200494588,123.48444563812859,27.27026605408549,21.73811617100045
106.22920131358573,123.23752109255169,27.644884190498406,21.600858408669154
106.43388409119987,123.19503597988421,27.63711890673353,21.66002584474812
106.36021289280356,122.9507032746434,27.250219507986287,21.656917590278425
106.8272692806338,123.71859804547447,27.688004429774534,21.38340887041653
106.47630942609693,123.3559095235897,27.668546944920497,21.5230086314712
106.60909185124915,124.35842421834353,27.313455642491952,21.78319511568183
106.53089270264655,123.89872554118702,27.442166779398928,21.688957430665305
106.31891151539115,124.488110021303,27.718090349378627,21.524437676022647
107.64172680164253,125.27866044194741,27.69156344699609,21.413882722680896
106.87413145346913,124.99790512695057,28.13144107113832,21.541185883449643
107.1584915765309,125.08647498766962,28.626820136843385,21.448938651027614
105.83614289321228,124.69430197575679,29.044125306825343,21.560630582541407
106.35765104554552,125.0262995309725,29.127522705123653,21.636726557543977
106.39571871242697,124.34412275565683,29.06288500023584,21.86220343161585
106.43425468151125,124.17214399269002,28.697820078010807,22.126737269197363
107.26063859379002,123.59854722731345,28.7196818225069,22.011500251282584
108.10066538804618,123.31952977040423,28.110930409516442,22.29322901275727
107.42908516130721,123.94277064372733,27.60458162379761,22.485773025808037
108.14758582970695,122.7722239157236,27.235583345431653,22.568044279133
109.42548206960414,122.81710966725547,27.028022181250073,22.137536208095185
108.97016088663788,123.41887747581164,27.293707720018894,21.953564265909584
109.16726865934346,123.84655963247394,27.478950470906717,21.854028392774342
109.84385597668057,122.81376699408663,27.417677186253865,21.906973193322166
110.22390945284228,123.77437930580666,27.573186746229027,21.715458433544814
109.70345011520376,123.04590983782323,27.882555264435883,21.63289617932614
109.36843675129094,123.15916804809721,28.235645469539286,21.639045848908967
109.85745595224022,123.92383402473254,28.01019110780569,21.678064329941613
110.11770230141545,124.07189440533232,27.783912449496196,21.68211878851631
109.47817061570505,123.34510579038113,27.714080151933523,21.855056608399774
110.12508053201796,123.6195902255327,27.7161636443886,21.81148285251844
110.02068450635035,123.09590947851729,28.037302046870508,21.587096519019394
110.11799017904066,124.10096329227949,27.410476679807154,21.700063184631567
111.23066974755487,124.94464207540894,27.156037390267137,21.543610149851553
111.92404023824372,124.5345004251094,27.539764882323873,21.444665313911173
111.77640840376401,124.79775777987454,27.399923376503402,21.54944074214868
111.21194302450102,125.49899181979049,27.209595445149006,21.52202189575337
112.72152510255606,125.76510416652913,27.103882722220717,21.484448728488786
112.87870101909164,125.3788438454361,27.006396279688722,21.440664150547757
112.56574020824603,126.35657963497205,26.969235480553976,21.356984887912592
112.79657144117311,126.12984161066946,26.76327214261231,21.260677408666687
112.74164976831834,126.7448857843718,26.878979746711785,21.06666358041941
113.01080871449668,125.93932395518483,26.65154802879551,21.166804367737733
113.98437743852442,126.0725294811304,26.492158679113423,21.209045478398494
113.09862254208255,126.41653671329135,26.493074828808673,21.31364267264974
113.94552919972575,126.10374911241978,26.540860000422615,21.22188688217104
112.8557235504299,126.07359345258504,26.75451854499363,21.088846486037376
112.55574039878758,125.85183136984035,26.877309880750886,21.09037565664798
114.14249359645238,125.36246656625181,27.08410281517896,20.96129011737885
114.04294918472219,125.4606070153446,26.825734781673344,21.002132917189385
114.42551926738987,124.91843241163053,26.513516126080702,21.0798383524923
114.66310454802421,123.93836472673182,26.408295263260214,20.98525546629302
115.26100851395125,124.0773959019894,26.10534321405079,20.926346996850828
115.89227118625793,123.33401587956992,25.65206983352967,21.116277102801256
117.96190615463338,123.60310084432852,25.570546783985804,20.957595671256538
116.62935430123382,123.53954178232136,25.418055724168113,20.814231910791335
116.362502512149,123.8481731732837,25.218630277832105,20.58720443369914
116.26598153106796,123.44749632574995,25.606727396940386,20.427086213521555
118.54841575506877,124.70663876486202,25.612595834009568,20.41416170021136
117.94276227893614,125.91089932164272,26.132093310852927,20.377063831126307
118.19916369497079,124.45770501162188,26.17765188987829,20.507697045741942
117.9668418135665,125.0905605807713,26.408417144476672,20.328446020968485
118.95804890326193,125.28298303588593,26.37825666438851,20.394631931347355
119.01043230977346,125.67058039382229,26.72307570637262,20.22253066077569
118.21997375660494,126.31110070716157,26.840866391734913,20.083520869248805
119.22325747282673,125.40628543325178,26.47400116018094,20.11359108953849
120.0383697667311,126.29128928328538,26.32060324015785,19.87125722999407
120.32244746815644,125.88194903990484,26.157689177705947,19.928350573810818
120.791591660997,126.29387736308873,25.88595834245512,19.923598300898085
122.24523300177582,125.80438034906042,26.40434461574673,19.716048983503317
121.11272829433099,125.27623672566754,26.27171570971352,19.95425717593347
122.55225700553524,125.37355006940918,25.75334220530431,19.980176689321674
123.49215212218843,125.0641077664125,26.391452677335437,20.08027057342171
122.00975480751677,124.66000613597816,26.51506984314727,20.385906423821325
123.19620625443903,124.07471130637262,26.223473645240865,20.345127522241402
124.33177475904108,124.24041098944365,25.940148916691676,20.19645638705257
123.62747083202574,123.51271081536713,25.488191942803343,20.40881533906455
125.46132248218913,124.2107748940868,25.66835946919774,20.19834730545027
125.32474839471614,123.45784725028719,25.6543929047257,20.081100643357715
126.07654939722806,123.71987657707473,25.119636088319552,20.10256569288093
127.5215599603653,123.6046959483818,24.6874961742796,19.798994383624024
127.09020772014114,123.57797214940962,25.033283783657065,19.41270153237828
128.85107636407352,123.86396137430198,25.259194258090876,19.295778677037823
129.0509380508774,123.44953621351567,25.482046346347623,19.202956833216597
129.19363045448353,123.15530903887864,25.24323932057417,19.228127917853655
131.16972342911245,123.55562366032046,25.473383026009902,19.037410235982307
130.03965236145763,124.01351528881672,25.894537691646413,18.831912702199165
131.9255348212124,124.42436274086091,25.67732985717408,19.00105459725553
130.43815844407496,124.36661862310604,25.852278877623313,18.928001673731497
132.2064571715102,124.57199661424849,25.85384985308116,18.956892620949073
131.7001432501567,124.31841711803332,25.44497951635244,19.119510033894457
133.14938668244199,123.9842406211561,25.895157889208615,19.090693306522365
135.09239012180777,124.205146781182,25.84727457042884,19.22256931473671
135.465940047112,124.55224652412353,25.729509527216294,19.16714577356343
136.08238412164064,123.55546964005866,25.0543288070912,19.024556572561696
138.31151656328103,122.6666900237367,25.100077462171022,18.90064609771659
138.57209477990034,121.61734338943756,24.79335539933095,18.859357381222704
138.36987634604614,121.27861048758551,25.027898555233982,18.69328800006659
139.36910351438587,121.29267286392101,24.60633838263992,18.686862208429993
138.65851162481204,119.87088318568422,26.02389516420498,17.382695001945816
138.7359566889129,120.08611948203959,26.721102487690136,16.684290262447423
139.5148307428076,120.4991569956616,27.287167532214,16.086646653741518
139.79334055515412,120.18857268662184,27.44676054456394,15.839669567551617
139.72618022208712,120.18287690164588,27.50229979219559,15.473944993800062
140.42587403446274,119.96885105148746,27.616254667177316,15.621941797046993
140.2897287437748,120.81946512246259,28.19977200393382,15.51420365963623
140.18241045326633,121.0100850432872,28.628877719758368,15.043489914807829
140.23644917016335,121.28466796515143,28.712283008723563,14.609976580113049
138.0306799682762,121.98919884212735,28.272875939780576,14.318941440350358
138.6225663179491,121.91441972055117,28.341789025728353,14.126410864952629
138.93924174496527,123.84371978493529,28.047661377739253,13.92596093225982
137.64162463979963,122.94921541649177,28.245105871349963,13.439210449023559
137.74667646450726,123.46694658382252,28.28673939930667,13.272889037385287
137.61843652762698,122.82316002137163,28.557001144713844,13.31090347507696
137.23574634015324,123.5864289616872,28.687177025661892,13.399411261140468
135.4270264979578,123.5106528066255,29.125650664673117,13.509290093524776
136.03449623476408,123.17665648804878,29.321573160054676,13.531312922576568
134.05653974551032,123.13738381916286,29.788130336026207,13.428379670575215
133.97338450083672,123.13945844169012,29.4248425296848,13.59317061202124
133.06570805874534,123.16817697478737,29.124972244540743,13.772912691043706
131.68775729763388,123.29724422256118,29.044074622018787,13.735827429767143
130.70460505385935,126.1112540452117,28.680571112817958,13.919463782696075
129.95260577329088,125.58374655087671,28.240488009869544,14.177089919723432
129.75342839214585,125.4280388689448,27.83076984754561,14.371138783388442
129.66318294036273,126.20344456143127,27.52017572842398,14.618677494164388
129.35038168867328,126.86791470531101,27.13129537600603,15.0087131080086
129.73447905446181,127.08404509902718,26.849917050678982,14.776998987556047
128.93027383663767,127.79963975220208,26.55477876882852,14.962883455544024
128.14868695578897,128.38087860763642,26.488183324478804,14.880174640778254
125.51329279493977,128.3975515018415,26.287057354795387,14.591100607586615
125.23560180146298,128.89948922159587,26.315285372937947,14.199401109545162
125.25792290278774,129.46860559048525,26.221535596361974,14.03297096404387
124.97721635462153,130.41755099489654,26.232561727419586,13.924043592301691
122.80437853640962,130.99286947564488,26.119534322766768,13.793066865256337
123.41920659596681,133.82747117238793,26.00598685958192,13.838925136351513
121.7189613592432,131.837953400783,25.74386680217589,13.596502721339958
122.46692875391611,134.47214882175973,25.707006867680818,13.521711103477084
122.45821014989507,135.0931275679436,25.936956077118133,13.651549623034068
120.6678598559951,135.29127694728777,25.89564095027268,13.6349570086786
120.61180105757585,135.80419396062288,26.17984837715212,13.647628655416899
119.0731091764574,135.15689241694832,26.104594896118154,13.72824904146441
116.54071713418567,134.95549847601825,26.07893107798215,14.099240497743605
116.95822306620644,132.98772291794862,26.167832752396578,14.330922509497483
116.41691237789617,132.59243821225533,26.53473580006433,14.366256844933424
114.4575838200295,131.7145151747,26.728836469722232,14.398916903961297
113.9197452858678,131.4260165451606,26.762520277662027,14.392216188358319
111.51904981576129,128.82086424757776,26.60825373572783,14.348070462326437
109.63308680894141,128.4527287304098,26.08560024344716,14.798919409946684
109.58142026588044,129.16073917776237,26.108387211250083,14.901536172407104
109.96225735700888,129.40003691065093,26.27415575846633,14.742881065030293
107.6817056707987,129.53531157383227,26.620238474300976,14.552880799965978
105.53338900841365,129.13582332850459,26.521037353117713,14.644203231688122
104.86801990033153,129.09722638978323,26.814996046386135,14.769753429839783
102.96048395720021,129.11644352145433,26.80716072325242,14.566798619703647
100.90734267142571,128.54517977363687,26.50871822003335,14.842603471963198
100.3521840402369,128.96345282035344,26.699629724030075,14.763892945527601
100.06210851565159,128.88797190713916,26.568441895522803,14.912991332854403
98.73339724892713,129.70461545052248,26.836808223222185,14.768513354821899
97.91197629285955,129.9777700076409,27.034498567898268,14.74231085422102
96.04632243284003,130.17083504144654,26.762156099491246,14.45217518460765
93.10147989023648,130.42759456223584,26.52119352539659,14.343816331704003
91.60240071811235,127.54188472629892,26.174587160172187,14.058838088691331
90.49061504357078,127.28606364058717,25.811303097725776,13.799383792143047
89.09187641397972,127.05829816781781,25.29369136955746,13.753667450885189
89.37064035127017,129.5061376259046,25.01965138116698,13.713872609876388
87.43375005940173,129.2235288227838,24.724225345641155,13.615842809635275
87.09564254565176,129.19505303274823,24.49985949011496,13.487743857484638
85.417309780231,129.1338430767098,24.200743990301586,13.280237546998727
82.97644327523687,129.39236304737003,23.992354777389448,13.02039000875636
81.22667265607643,131.89536729968904,23.639664751595955,12.714331245481832
80.88418749959686,129.7091550163632,23.587760841799643,12.419370233977988
79.0503310984274,129.22883422753955,23.257218629719006,12.34907700098691
77.12121571203839,129.14118493895623,22.91476485507273,12.285753225672629
77.85337274998463,128.00916776589048,21.356010549943157,13.573977997676918
76.54614857042704,128.00807329398262,21.64348475553968,13.286467238037694
74.71347799532505,127.04460565536294,20.202273781720216,14.274899547919393
73.90898415292779,126.5944112370476,19.512917331230316,14.969443743818292
71.69878089224656,126.19977284996769,18.79457472997315,15.255406499728593
71.62390591734744,125.74600816621749,18.57010669271083,15.508847072043903
71.13390091042771,125.0842844959221,18.360052276313482,15.693489738486118
70.4001829290012,125.09595742208924,18.631398733017193,15.778403206410925
69.40201088625894,124.65953858860291,18.920500210431364,15.869378852891018
67.20511332340986,124.52822095637706,18.614455744149517,15.93955302904301
65.92768514238274,124.34790543576251,18.79900895221207,16.288585221534312
64.84364796056101,123.83137962729357,18.68894992352153,16.511563403165628
63.419017658111514,123.11421865071405,18.72362055115613,16.54362755622244
62.45120705711761,122.89247337516531,18.531718569321317,16.672832471371752
60.77382795777663,122.22889442956705,18.201525701032434,16.6730492300228
60.85201233767896,121.90175649400989,18.055789447799505,16.609928186178177
59.950851902361144,121.50330431876482,18.47371436144202,16.461652180165768
57.50505827808811,121.41712449827222,18.596546174044487,16.41934326410314
56.68916305045354,121.53559045383238,18.824735936564608,16.475753049245153
55.93282447592891,121.31611736540314,19.10800231805862,16.445649861775244
55.217114497835716,121.11497192704545,19.064186096800558,16.702229391029892
53.32289342089052,122.22550838469141,18.493693848225114,16.7906512095484
51.17729028815542,121.98671580413199,18.339949533098398,16.700020702465782
50.504419297116,121.7666059507722,18.478388944834215,16.604116954614582
49.45979640867425,121.59478104175659,18.10441269489278,16.566401324409362
47.92104136935976,122.23750243292992,18.01898084084353,16.484868892862263
46.235581247314435,123.45428714662634,17.440254850421855,16.654061926178027
46.62264011626825,123.11405289759068,17.385390533343994,16.441279064786627
44.97353345186484,122.83790788766404,17.342358210905708,16.27545941733871
43.25941829175706,122.50700901551555,17.461524381264702,16.042776039141952
42.31875503222082,121.88786715035795,17.08550450865931,16.08386102086859
42.09745867665609,122.5937603842063,17.296595789515724,15.856431600252872
40.35081953454319,121.8565615928259,17.293559309718688,15.794648329170013
40.19292155812641,123.51232308202756,17.158462694917674,15.704650543027423
38.41988003728702,122.84508260692341,16.95875644712196,15.680519790316712
38.11117797633818,123.37705933685822,17.1870910118297,15.498192698016055
37.646170281923204,123.26204316818357,17.319681786230177,15.524185968335413
35.159173664893,123.10294848823598,17.25477178390143,15.633155723499979
34.68842454197789,124.44101719827472,16.97010139722433,15.715783047227433
32.4929273899783,123.73227305854026,16.949329172140253,15.586894979154563
32.31704911790039,123.3524541968264,17.142601585198282,15.500113546984576
