143.5,125.5,30,54
142.80636711135537,124.79575115179134,30.002211904227153,53.88965231706476
142.49250680582233,124.51589658741008,30.03070031848536,53.82693016759852
142.29299903149766,124.6687030018424,30.10257753262198,54.005976742296404
143.11817087029203,124.96698025235123,29.971354309821457,53.67766200763807
142.69546713413703,125.94526091248875,29.883742918930288,53.65027320323218
143.2062891483488,127.12614057930345,29.975393968784346,53.669573516209226
143.11303434905156,128.53613411198253,29.812818653648193,53.34334322193871
142.8332492167441,126.87265114078613,29.981261093479812,54.02114472608385
143.0390437812253,127.99145950148097,29.891135370603365,53.77481022934929
143.57409353657843,127.66876834358627,30.04902970583676,54.14493504711281
142.49459110125085,126.65014662572173,30.134622158126447,54.13119457704967
142.5971419341181,127.9393212038838,30.071853195267064,53.794406833536826
142.02894354908926,126.4355362519349,30.242107370510432,53.95317297881338
143.59247956842026,127.12170320690257,29.937609947326983,53.462630064475874
142.99552831313252,126.8497808477593,30.006774479920843,53.47396646910656
143.31304505179955,126.32659218774785,30.118900126007514,53.796278723745544
142.69408748008308,125.37648168175176,30.21220462605362,54.514324457074096
142.45623693184882,124.54857312086968,30.64622693996964,55.25708186738197
141.97744104700095,125.96296581240802,31.184837544971597,56.25506130631153
142.43973878003692,126.10290922155374,31.98432252228192,57.59684401888859
142.32794244469315,127.26958810364437,32.49460888517675,58.932767022148155
141.9937908720773,126.2576283996826,33.0777010141707,60.713373400663215
141.9781087304358,125.74024294832728,33.44652378877914,61.17596355538802
141.77206346397446,124.21569981357197,33.92302681868581,62.3021882488183
140.7820572513206,124.56705884375368,34.5490012438867,63.40785818322112
139.84017220321925,126.00593882668704,35.09116448469692,64.05578710399686
139.47815081461943,125.20055204397991,35.77766803682492,65.39693664478155
139.79170155762978,124.47733032467629,36.53060123593909,66.87162607634733
140.14888827416104,124.00627732774099,37.39428997958098,68.1481325452431
140.0854592266334,123.60950089282164,38.38484429217324,70.04966018276671
140.52691907289972,126.20650295235657,39.06488415145182,71.38518468155576
140.27420515286926,126.80783787981008,39.21041378194088,72.27492157637407
140.01352418457418,127.33566853585012,39.41393552978934,73.077960062878
139.3187623144851,126.37625795268885,39.69731388804,73.91827154082316
138.3403944642863,126.01830353997491,40.24712510227734,74.9376509778233
137.8470873316065,125.82655771171477,40.85203375569272,76.66211255450197
136.80308963667431,122.66032358997882,41.67248010762373,77.88140206796287
134.14780856622062,122.39503952109138,42.07127953414518,78.18461292250316
133.42942610185048,123.75703121124307,41.9008685166498,77.7208181217591
131.29347638939902,124.01656968821246,41.88135368068847,77.21762367478694
129.5497813843862,125.36190579398198,41.5349965422003,76.42937806370414
128.2665457937356,123.22652893508688,41.12773143733818,75.16920841494769
127.8491054726664,123.12815765148275,40.497405575608454,74.65639917093768
125.81310081057829,118.73401943787779,39.65457944675122,72.95841899872133
126.14115931162897,118.20384904763176,39.01083867020334,72.62871461319776
127.60378001876907,118.3946343472999,38.32716248343165,72.73880842349894
129.62507326129972,119.97946838282576,37.90385395247191,72.6327549593045
132.58737691150998,119.56816625956981,37.31607202283996,72.87496767959419
135.88395249483648,117.84558859239446,37.11637350053516,73.34617191264178
139.402706680062,121.01843030564743,38.22716243995954,71.43549128993835
143.19978104192435,119.94464847390472,39.236949911608384,68.93458121379973
147.42037190517422,121.67384729128305,39.53833810850956,67.21131865747324
148.4667588890527,123.27637023014714,39.27523552365665,66.0853135455074
145.13501119079626,124.72159597809355,39.10247870764513,65.06296722272553
143.98813440337358,125.33289044895689,38.70277467903589,63.67304120612303
142.32525991599252,125.57816883709253,38.36438676720134,62.85798887588139
141.09662653432974,127.28666988961683,38.35111825220657,61.43539049073485
138.76415773721448,132.4987015281023,38.397770190461785,59.94955677461601
135.81331491554727,135.13924403725113,38.11216850316871,59.29662508044548
136.27403389492386,139.1954942634119,37.44990951069935,58.707838216838596
136.24383415868854,139.0674199519,37.89664942248958,58.612592246146676
137.46550931198902,139.8137974994458,38.59478838323789,59.275959597115246
137.6884110507798,140.1311144407104,38.82839786666249,60.26795280217911
137.75347906663845,138.16570332379663,39.563576318587764,61.95873521056724
137.6923189053033,135.6928747919633,40.33226675415404,63.53050974211411
135.7442315046521,135.8270249014189,40.98491867299485,64.50556420135692
134.5245653933934,130.9895915241869,41.719162756931944,65.55444771760077
133.4013182182744,129.56268382909343,42.89177178555279,66.76409008170278
133.07987133685796,123.46539629927256,44.253011250080185,68.76798177647636
136.6035858653289,116.36842427547465,45.36125522017687,68.79305394449452
136.1406864510112,109.13942324464834,46.54057817343466,69.05119257230925
137.2722446301838,102.132780889298,47.311008739680524,70.04757435942594
137.7352091763998,98.15621764287664,47.53083267325715,71.21493806540342
136.85186461002678,87.55865427174166,48.54698625826983,71.94222079827398
135.39885601617257,81.78591576799761,48.967522183771216,72.95031377255894
131.21948520932227,77.5918027504966,50.25117958802966,72.99315139508539
125.04149979136433,78.20946648379672,52.542035448969976,70.86387287009738
111.58904105087925,88.82058954772174,54.64611636682981,69.63931503570439
89.30814723732564,112.29954177340471,57.19573892435693,71.05852011192633
87.8903560123886,122.82854472230727,57.57380017405096,75.12619323023449
87.92370735030836,134.73493783476516,58.93057741287666,77.77455812836556
91.54111593608594,146.54234125469026,61.44424199180977,79.446847312075
97.70162417343792,156.08498474980377,63.66335517866588,80.72587535480693
106.49849928381471,164.3764685361553,66.90252693972383,79.07733695080503
120.82255239888929,163.46645314710918,66.19573159214303,78.60606242532369
133.57944901280206,164.64145842984237,65.82269497137315,77.90293594360512
139.79061546271066,163.8208240410334,65.53133779482252,77.5585495326626
146.73702293486127,163.45774513403524,64.44885419512579,77.23746172497769
151.91535404392332,159.54944597297026,61.43629912803322,78.47899586482615
152.36149967659819,155.24276614379437,59.526481236096586,80.54225567347702
151.46547384733012,145.6859792406459,58.90875644542921,82.63140588053079
149.03997972803728,137.94967525130687,58.304080049310315,82.06267207759262
145.23780289673743,125.37648207002255,57.705986774348936,80.30050245566423
138.56975364303028,121.41472519458306,57.523939720545,78.97619630603052
132.1156969488457,117.93079591606386,57.316170235379005,79.08894707879766
123.93309111009427,110.54686812522446,56.10771247928813,81.09463759089638
116.56042309916617,106.06857051645022,56.3993131495818,81.33164357504643
109.34357452877697,104.72142460641085,56.363319013809914,81.1489603356159
108.22738111912838,109.2800449380054,55.32269772496805,80.45280121539552
106.75222063433856,115.02203285574862,53.086490011838976,79.23472694546088
105.5108590832851,122.4610352775797,51.45782633797543,77.43987296544618
111.97723901022052,128.95237424756417,50.1018258224835,75.39797280410272
113.19046041769946,128.04510212793386,50.240111982821645,74.19588567854093
123.55826222178803,126.69002602192421,49.766120313121064,72.58653124535762
127.84235515353399,128.7447237219044,49.258073152021716,70.53939504263238
132.45968312934542,127.0930245211442,48.35596343452974,68.89648053979482
136.70536280664126,124.67628241763526,47.034825885510536,67.89531375346552
141.1400815791466,118.85142943278784,46.82843040898133,66.34777221797239
144.28296609331653,116.68664697051882,46.224435043208615,64.64691159395696
146.45023190292977,113.58213967171868,45.57578408499286,63.36985937331994
145.48680618512165,113.1417897198009,45.32314757695978,61.827888674357055
144.69910729698984,110.36760156107873,44.9602268622414,60.2095555687362
141.58893030371624,108.77348134140507,44.676834339236564,59.38055929848876
138.30551635198475,107.81267119217897,45.21052253704157,58.77486326507759
133.7003452225068,107.47683216817305,45.149620746925216,59.34105079994349
131.20732390207405,112.39529661412814,43.8097108578835,58.72623647102158
128.2469708057612,115.75060375626991,42.92015055575821,58.21146397598366
127.3825778446136,120.29883038541585,41.777953115855524,58.59374473411023
127.47741579553502,125.88664475505338,41.21237089558656,57.573243520164766
126.69437769504519,130.53499807743418,40.75590247414496,58.83777421060826
128.907435804406,127.76387111456296,40.695028736655054,58.55770815191465
130.89098160990247,123.92374312582038,40.23985400150132,57.94219253058388
133.18728182560204,125.60781326724126,39.421413716815465,56.935793790558314
133.35257077019673,124.11947404944871,38.7250048399342,56.597805239677925
132.37836100555919,125.69432379110494,38.24043334137723,56.26029009016676
131.31254164145935,121.70846452716484,38.169694511822414,56.094130200078204
129.5342356503171,118.7520090791871,37.840651567806844,55.115668892206784
130.61855145216373,114.27274382340252,38.087437873735766,54.70310756112458
130.05232757455298,115.72167331911182,37.477699797887325,53.83270986006548
129.16967817234905,115.20805237297404,36.97917604675322,53.572922247565046
130.22117582320587,115.79207767140053,35.972478605185145,53.43212349034981
132.19439457591886,113.22473844577192,37.58598811361415,51.637907898638275
131.5970719204825,113.86139501762949,38.09593520041913,51.851639685381215
127.04324726339486,114.43604428422157,37.76116069409884,52.632838083273086
126.69056315286193,111.1803317340227,37.08005478262685,53.093604003983344
127.16545424233053,110.71970023421525,36.81990662878655,53.278096552529334
127.64492561234601,109.96851033216504,36.55214203178003,53.234605694894256
127.7159064942547,114.99751356760598,37.95338731733248,51.486685474317554
123.50243672375835,114.69701082837787,38.134967437548795,50.993008259292296
123.91748898117336,118.18034113450531,37.97436696915888,50.47125197442999
135.06117237336804,108.94583978205888,38.96660795759668,50.28401803076329
137.00979407425248,105.82814711303175,39.11996699189348,50.67942324339033
137.4505527445096,107.79173907154288,39.9229964796492,50.81557140720913
146.59338808001002,99.05496264200771,41.47812132561613,51.96222950614763
148.70986261403536,96.01169899098181,42.53809093966383,53.40546152011347
145.4520378664424,91.81073410670022,43.78452628155998,55.56755173484365
138.7390105806525,84.90769171375379,47.03769018999281,58.6805432208708
137.04695278470626,80.25418032006425,50.27199983374703,60.76814557520544
136.69339671717034,78.78912146455998,52.403156101051565,64.26193112001906
136.17671584062663,75.37702877069752,55.34006084959185,66.18435259172836
136.39404967365383,72.45893762985543,58.225501120396565,66.48161399404852
136.92368645202197,74.66392862589584,61.01087807063354,66.80522641953975
141.99182876787097,74.66353318783467,63.59406155569582,66.14331646377197
143.04440453956852,80.7147186174917,66.95082216745212,65.16275461019521
98.42840325007059,90.14798488878722,66.2523209012331,64.03445563388833
97.943513047496,96.92074590938347,65.16853485054123,62.62619212235893
100.09200148501978,94.77693004890959,63.440867925368536,62.124788999861856
108.22135327304615,98.00106404757152,62.16619602656189,61.61025637317399
111.98632309823809,97.54965742918415,60.32329145994876,61.098106006929015
114.50257429643563,98.12404796468556,59.80252259550558,60.65977707530381
118.34026883338535,99.63464881984227,59.81965938525359,60.58512335006727
121.91610696580457,99.85448460346444,58.906837051842174,60.194235103756526
124.5060555479203,93.59482294915395,56.2608892627633,62.48811075765339
126.31942365282754,98.02887894024981,56.983235046051846,61.910798870066145
122.99457241836507,99.18476106969915,55.9033118130725,63.33889300006823
126.78991454882129,100.83287166751111,56.29130625546817,63.15991771699616
131.79838517071943,103.55979876355005,56.96760994575389,63.75404574079965
128.66950752091037,106.01537846619584,57.31068285706636,64.14217031683131
131.83797443192339,108.49434493920359,57.89529930893559,65.12372339757975
128.89609609136272,110.0968705476644,58.244731820897975,66.04901084948135
126.40449224896125,113.15979251250538,58.86007537377343,66.24275510415609
124.29960608674124,114.98382247976397,58.72154771804989,66.85495622844627
121.95839113404776,114.80863279027342,59.06029151961605,67.32438134928347
124.26478153181552,114.94923802243949,59.615223412526575,68.94631512533068
121.38076568129495,114.59155136100222,59.88725577732505,71.0043298018124
123.55013903539611,113.63723209206437,60.36078352514686,73.0163322485154
120.85328653326337,117.05137862677228,60.858636917321306,72.11952054048874
122.73662946495256,119.05694305192424,59.534619491900685,71.07287423603748
126.50498104621158,117.71810917227126,55.51459323215363,73.00561494666029
130.09551280467505,118.49340339243483,55.031366591142216,70.6143611063049
135.24273320754423,117.83044989422444,51.984311287265456,72.06483500047555
139.06335388614704,117.47429956396606,50.75880136011352,72.13915365015097
142.16215249810853,118.99363003842853,49.856290996847285,70.95506428211287
142.51779119779184,121.40127425860348,49.66528513716878,68.22786626153227
143.6296540538284,120.28140651248881,49.4200410754481,67.85927531867247
145.13913991179584,122.27222804752564,49.2119490668497,65.9066794993465
145.96641526670217,124.07707520803112,48.47511313164564,64.58997180972898
147.8465182051344,124.58821405363365,47.98561963042206,63.45478605320485
149.30062831797835,123.34062390489916,47.54331103154996,62.484108606456914
151.10948743125223,123.67748110068077,47.19531383619115,61.431655930782675
152.88541688175286,124.78281553430365,46.30577364170233,62.06105826486137
154.3458204583914,126.88154442364888,45.84405290657715,60.85077022875517
157.8331838402381,127.9571340922968,45.45433571777388,60.13169500217708
161.13066611030803,127.98054964498547,44.557166568716745,62.242377992106114
164.3975690848334,126.01544835538743,44.23684490692794,64.45494076741579
168.20792131467775,123.98229571441354,44.29480894623221,67.09294888730761
176.00194827844487,122.8257201166373,44.41764578865643,69.61799721764098
179.1478590687908,122.12206464052207,44.99886297673286,71.88216296628104
183.19217307797524,124.39230440345482,46.08089306993628,73.18516831895559
187.74207185711356,127.0886012767085,46.78396912310981,73.61587588775583
191.65396671211917,128.0515579784917,47.58482273890428,73.11863122160092
194.31472543666268,129.86198330984516,47.75702200658358,72.97284245235716
194.82481935567387,132.18419109680565,48.15329301369978,72.34750894783312
193.83759376068713,133.8997222814341,48.68379331217855,71.55238307721825
194.2434348282661,132.52680707620024,49.510454392009315,71.3270807324064
195.70272932257032,131.24519230426674,50.164970977055006,71.21039556336753
197.43759908027874,130.099475055217,51.01388361465334,71.60201593259124
197.69541236578877,120.52858824897375,52.270638587746404,72.38182055093714
200.2648785648325,109.16634696419025,53.9898466582564,72.25150003517697
196.83566057208284,97.67805594493538,56.09712774415851,72.84147013521017
194.58492578928235,87.07648570173028,58.654125712087975,72.03406489102954
192.1890936457677,77.67091584764061,59.62551159297407,72.82782483846668
190.8521544346168,69.53950676884631,61.48056328025619,72.62988287947816
190.72683473672274,62.701787201030136,63.78097160075748,71.43325170261049
189.65161995324718,60.74999918341348,64.87072387774586,70.87866018489581
189.3526127763741,51.78977165692847,65.39544897867437,69.21766000715293
181.68977241695762,51.17280563522133,66.73380021447508,67.92578681565816
182.25100200361808,49.03454695719409,66.22718624455382,67.81269006648803
175.80768246737483,48.9619786063078,66.48171472133717,67.62515271196902
167.6397939935897,45.197119815025374,65.34078802510861,67.72567345996967
156.91488806336514,42.12945950765055,63.025446000670044,68.67939541138924
139.06983555558878,37.65786390066148,62.881959555041135,69.7421788151562
128.27727175944324,33.87199630949832,63.27117192516424,71.45883530027793
120.68114025777376,30.212184598093664,64.67330145224588,71.59580291177743
123.25975101007833,21.299765954861243,67.70241074292483,69.75285073901375
121.9350727796301,20.978613969458927,70.2733583888546,69.09934019565823
64.62748937941709,39.649987489832604,67.83180827033533,69.9177450408972
60.008703768611426,46.29703889891991,66.24465434088464,71.38092734082562
56.549763694531954,49.25088042940058,65.20379806936585,72.9160066547422
51.690554193229254,60.31239239514939,64.85467118116314,73.04499879074947
47.176088706781805,61.77965629113622,65.23093796948773,73.43727825928912
48.603984096713326,71.17806825918169,65.56724986029424,73.85724929084954
50.25572747518986,74.75928990609752,65.95434800133617,74.17796220124151
55.58357024649018,85.81512341726221,66.70880058892351,76.0814128241758
59.564034403620155,87.03309261507339,66.66478483035814,77.15738105239379
62.10957765913993,89.19810660311101,67.52498320472509,76.49606116233232
67.48899535871124,89.56435869202133,66.70409317148824,76.9113703046716
73.0112037314029,89.633384450969,66.42349421327532,77.3835272981288
75.88463707049118,91.35661776635577,66.17054070877428,75.70949859746239
81.01432698346284,93.59525160632465,65.70713847529925,73.79007746369771
87.28790813706256,96.2245814704718,63.838129206124705,74.11769903499449
91.40596133757768,102.02459734905634,63.12905613410447,74.29224060393626
94.71303140146937,104.47757761048418,62.57499081253447,73.71313764791407
97.08806514455023,106.89339038154385,61.55490880191292,73.46703761849002
100.17362950522771,115.06026532638663,60.648970681906825,72.25709849693192
103.43268549035076,116.61081468341209,59.717928699911454,72.75649369080946
106.49918676471384,114.74826914302596,58.39088919058351,72.0973417601071
107.82607516514116,114.25778667900705,57.90965996854051,70.85463286764931
108.4867085789163,114.20962098878208,57.55947183485695,69.98904988757604
110.29259837500041,112.94115799759783,57.14860519511181,69.24599807148265
111.74215548426918,109.67277201366089,56.74012780213583,68.49906671217755
110.44275737422967,107.74122487441582,57.73376617004199,67.18831283850706
109.46212233291025,108.09358954228583,58.38043113583663,66.95812141179796
106.3128844365641,107.96034971862548,59.60979319714464,66.34966817394866
102.92224211556146,107.3764843980719,60.34270509363602,66.86119941939924
99.72410043001592,106.09828812797369,61.59750658835381,67.23627606070038
99.78589679914299,100.93468763448732,62.44226473739825,68.0391659819993
97.75245868385913,101.09956223721024,62.86194801294889,67.7989381548322
99.51945200793534,101.48127558102104,62.81006518941196,68.67185911869221
101.2040753828412,100.26541295043103,62.6175481187079,69.31882235499278
102.4417482204423,100.4996404439982,61.90593559208051,69.54360103666261
105.17822586803462,94.56010989356483,61.46287894038953,69.96535146095464
107.46446514216032,96.33732289180324,60.65879152449286,70.28342922195465
108.01245640912936,96.50969621445584,59.66755825288773,70.16116762720847
110.43484137863797,95.80632189764944,58.88233287716396,70.21369896994298
110.71524159862722,94.32611001644979,58.16403038201729,69.55386583155493
112.85603940628955,94.84000810400227,57.37690178672741,70.00643672092599
112.73205518294066,94.13242129936857,56.75605057943734,69.57426879271779
114.01913345512051,94.21827000608357,56.35618040058664,69.36570489321525
113.16386706891895,93.83904861950327,55.94214542587369,69.47376931993267
113.19481364652898,93.2906194865177,55.73575493569648,69.71391363526982
113.35912766289255,94.0893582171259,55.3070321524458,70.02812831653998
112.7557185365838,95.02237205295613,55.14636094793288,70.3461214025547
112.35635954279306,95.77278301536109,55.28736659515943,70.59430741803715
111.79016605539752,96.76874448996328,55.46121807753032,71.08429493598058
111.49235815905159,97.21126568065381,56.225217677166064,71.25435549897362
112.23667775810287,98.59344597904008,56.947213664305195,71.25468530137098
108.39731732857514,97.08514573973451,57.154039782302306,70.87249995043807
104.92654022007781,94.242047117207,57.0059633955067,70.02784249349725
110.05127647489643,96.33197277417733,56.838346659795235,69.30799240979643
112.44067273395919,97.16728328568465,57.620698493628936,68.66633459498036
112.341507054782,96.93873355825559,58.63387982470823,67.71925578808155
111.77143261980223,103.58346340515443,59.50802776817317,68.40614306388838
109.97185676270297,104.34948317528594,60.954029639155756,68.33909688128377
109.32819918983344,108.70483887802718,61.798507546583025,69.49563782565478
110.20434929510814,112.32315025977564,62.25080290182954,71.69990632802701
109.79958870993705,116.4939330229086,62.940008855690024,74.00337177710287
108.89508354103381,119.17102010208157,63.785711097564494,76.10076622227257
107.6423738494777,121.51055397848143,64.78900068750961,78.11244048531148
108.1499266785694,122.63942095840002,66.30086040904118,79.5149414536054
108.36645029300803,122.6849812970153,67.08847374744755,80.1007928675728
108.12106502130823,119.8200399823883,68.72058311607299,81.04687537170474
107.41604865193511,117.70877776811373,70.68049302156726,80.28295198912716
106.16180277028022,116.11128093877812,71.93430856207583,78.51293548163015
105.40436080219268,116.12836714276713,72.85072729401203,77.35179659721172
105.63894054776735,115.89658171381869,73.86872085614638,76.75607490025325
107.43031908112064,115.4689699952286,73.99088479659618,76.05769301936398
109.17468559669379,115.46745551412536,73.99061516724431,75.33477996592258
109.25399879654765,115.7010531490362,73.13004233017773,75.52308224706523
109.01535647122151,118.37500064698003,71.95484959721641,76.23362650593833
109.70332223982236,118.73832660322617,71.69533964032937,77.10293819074371
108.77247598427721,121.74232456226167,71.00200395127013,77.47758072710997
109.64398447924216,125.59143304864648,70.23251725385121,77.57533610159989
109.44180212778289,127.96240512746175,69.15882159204654,78.49463490585286
111.18383920166951,128.05070637956652,67.4645970832122,77.8998863278251
113.02232649907268,129.34606621900468,66.26229933586374,77.58537648018657
113.56832119825884,128.83684142142204,64.65626577188016,76.7878380115396
114.55386500744684,133.31890818709954,63.79026901005628,74.1405322542325
115.90209696158792,133.10410559909562,62.21849587287706,73.3852868567006
116.91140272301571,135.59542947041183,60.24036050828274,73.08495112578689
117.07229961347002,138.19474011544605,59.22866466018969,71.94133920080029
119.34741980856947,131.21138720282556,58.989305407838685,69.77447530863402
123.2772214439311,129.00517899886097,59.7511497002868,68.79515425547311
125.92295024873994,128.29829952119348,61.547353833833206,68.57664430516846
127.54849488521533,129.52094835620989,63.50411263293441,68.8868016522255
129.44583495989482,135.29507966563648,64.11853635396726,68.79704084916816
132.49848962198817,133.6129607614728,65.33433918569487,68.4912373347874
134.35624465370327,134.70386511257178,66.68467985697536,69.14887779984106
134.9567105898816,136.31311980961976,68.27264239952046,69.54747317449815
134.62644767000214,139.7648714218716,69.48543930737554,70.76753276279962
135.6143926723828,143.79723715873186,69.67126218751721,73.47308975648635
137.1892072639016,143.45995486041414,69.656389331155,73.82092553232096
138.92791716447647,143.22608818775677,68.96140542401768,73.60845830085353
134.67667039713416,142.63933008058953,68.14283305599233,73.12204273628019
138.1545791138297,141.60889724543512,67.86345443104246,73.62631522688629
133.6648264173242,140.98335344258538,67.39157146498363,73.72353785284177
138.40142946976474,140.97787706017658,66.7911366232251,73.14007435694012
140.56544199697473,141.105847629835,65.36760370862139,73.12099796324014
167.89183008431496,146.78235303485957,66.29025172827687,72.53490533556409
168.82429159116478,150.91136760067815,66.74314377996113,72.48920034638297
175.56220254257502,145.1047991688415,64.21289854492632,75.79683241116712
143.68920571120447,115.12385966284191,63.6467813067885,75.831087674387
146.0014543482398,113.28466640544946,63.55792951764218,75.2198742936946
146.68250655198398,114.88043712160889,62.03425628967727,74.97790065617554
147.08272766695,116.12719585406983,61.161178625177314,74.4821822301407
148.9176912107363,116.72469909771971,56.64240283708133,78.46478280231969
139.74924985991584,119.986318479814,57.33430033974767,77.74047182209718
137.00917125267233,114.77451350732083,59.757447380437064,75.08904953289161
124.5440889517038,109.42289934379247,62.08068220332136,73.55791048934287
118.15232531483406,110.08490728807689,65.05223495160918,72.36183389952299
114.52590425408354,102.76626167148734,67.44549417210924,72.61379302515815
110.1967591492008,95.70096830964422,69.033240615853,74.28344415619301
111.28348557909474,97.117886185441,69.5480020581281,75.68108185049181
107.46570173503108,95.20122093890438,69.89082606339413,76.87142080074885
103.34826605940165,86.33993340171081,70.63091258265224,78.15147382618582
108.06792228363,85.32573864731192,70.4180901549475,79.51981973776222
111.10362565103573,83.91293106672694,70.97012320895439,80.24096559961578
106.77457472188468,83.72496821615971,70.87682316601136,80.82658099241303
101.36854510406728,82.22007923967958,71.32461123770574,81.6358429598844
106.14440133621969,80.17115584494357,71.39694128438725,82.40769287359348
101.17464683756978,78.10094947880555,71.68441170746831,83.47894657495522
95.75710777978878,77.41224342412566,72.24494701449761,84.23926762463023
100.78905066273386,75.2984416667149,72.65978000623684,85.48853265945604
50.73547144332862,25.065618192612263,71.55876278586763,82.94840415600115
50.13278250101072,25.292421097231475,70.50113660594349,80.60731284261233
54.617218313456824,25.52193459325259,69.93373039700587,78.52451656727543
53.716425821634346,31.421709197480098,68.28992849405415,77.80954491924521
53.16236226130335,29.62152071660571,67.38184291291866,76.61157488468662
52.5342630163877,28.748209414341368,66.40145626252169,75.17965034527914
51.95288762473549,28.709076714171182,65.37021991470733,74.63679040515778
51.84412842541265,28.6026517657076,64.33687762228246,73.7219291252127
52.02560250868499,32.78890662758664,63.31633364246339,73.48902873830764
52.16208960198111,29.98131566578148,62.25721746425586,72.50468330290917
57.742270134416316,29.716734188620933,62.37974195083808,71.83308172037266
55.7380796859484,29.433142877604737,62.456473878123646,71.13435264406368
55.22363740510716,29.640649214223686,61.6499641765386,70.5242959897505
55.05496786025874,29.886281648753076,61.00531352491006,70.15260345468324
53.97591970571562,33.97499380796803,60.61442912110569,69.45005792424772
53.217147613591486,31.447301423584882,59.72510270179255,69.32707174040782
57.824623188126594,30.73487863171289,59.8743607278322,69.0277779913805
55.13508415827698,31.110158872096434,59.52457221038298,69.08748579350373
54.48154525194937,30.921976226150043,59.181571130330376,69.12243749806474
53.630728133917685,35.01784023889513,58.13104982402009,68.82588922110972
52.67010164395053,32.09301988852554,56.807492938002866,68.70299669583572
52.52003591137947,31.14732145521186,55.87591945281234,69.03087718406037
56.386947458631404,30.186999432011774,55.87220128155677,68.97197289538516
54.493524771099985,30.185125894522194,55.438453204165995,68.84437280585264
53.27569198772194,29.823597825978396,54.299768652284996,68.90802031399966
52.46146474311918,33.92828985480235,53.33800769692571,68.24371882547406
51.465767653765504,31.67897653390994,52.07790937532788,68.09754766528745
51.39672708684732,30.679130672158465,50.98750409044018,68.2339307206538
56.13569987134886,30.304179035261697,50.954482875990315,68.23666479784166
53.76548779426634,34.333220371507295,50.79670318036288,67.53963606898449
52.980812668855386,32.15646423147803,48.980446427019146,68.33865778278935
58.365520367923075,32.19613811104719,49.20816428388865,67.71124549375526
56.55963592273341,31.6037882987725,49.02339601339456,67.35683135831013
54.046988063431215,35.555539217865174,48.415097219059504,66.47782655229031
52.43803455173281,33.2665992694013,47.04480891851222,66.98064941949394
53.21428566571596,32.587758943521976,45.802750658126705,67.87322921661735
53.64210931822103,31.243114062936904,44.90974100482828,68.69891562428712
53.77061552786783,31.63259042881274,44.1786859314972,69.286079773906
53.995855519861,31.68326191578766,43.681421881847044,69.50348142957766
54.12719125863215,31.792522398205257,43.27280963856626,69.59305779745846
53.85834958814253,31.23590818976922,42.96982173826208,69.77377554033075
54.694923562585416,34.84570729453651,42.235351219529214,69.57041602021877
54.11442888501075,32.70156228906634,42.0609738487569,69.64395431073065
54.525986616901825,32.75907116894238,42.048110276587764,69.58686627915874
54.66054157892815,32.49059533556289,42.02030540576922,69.48274811645376
54.8432622757214,32.175869636381364,42.02515944737292,69.4125479754911
55.26023830929614,34.6378059669709,41.624068648743794,69.46122666013721
54.91521025222268,32.947472840927794,41.66682511555948,69.40971346123466
54.70539707263025,32.34084953544226,41.729683760720754,69.49534986560172
54.89800083189186,32.10504726869247,41.783024836910734,69.29475705718235
54.84649234832046,31.86431907506848,42.03839301953529,69.3444464277811
55.08872186376357,31.985385274835274,42.226236055928894,69.32165462087026
54.585034886899265,32.04885284674141,42.41419426153815,69.39021169996315
54.603648815991484,31.68368235500118,42.69490583382894,69.31918617543656
54.60462328787184,32.19369859477899,42.83791945417899,69.40162218648152
54.18309711037863,32.07282537893193,42.94973219229452,69.47443241028513
54.49281547446817,35.06887643815729,42.58084144266159,69.29064413842255
53.978631020607565,33.18328804568267,42.62953750120448,69.2758533349471
54.60758275117813,33.27916476298989,42.606478724664186,69.22718509694693
54.39931315566881,32.711992792072486,42.593654635148084,69.23806469284973
54.32948781103889,32.61402589223196,42.82381160983692,69.22277196960827
54.321136849842524,32.61161964780646,42.982014422484625,69.31690475301828
54.66147191115901,32.381508996760346,43.001235986291164,69.31934807812075
54.239574651210646,31.935064929391558,42.97813465171479,69.31879525102056
54.779852270255866,34.81577369800395,42.46675680276924,69.32694091188537
54.63345621994839,33.29397859503137,42.47431069699762,69.31386307469394
54.728144181416475,32.5696579341154,42.55478246512057,69.33992486962464
55.05655797476386,35.29379081545835,42.250493017053806,69.3469065091299
54.96337551550192,33.26643865860291,42.351960864454554,69.34721037881002
55.12759609952984,32.61217303801268,42.42754703919505,69.42605667106928
55.56982917649407,35.324232898463364,42.18514950976305,69.561567820987
55.10369869367415,33.30222258080951,42.213813954978995,69.42114450564162
55.02760719619747,31.991882915132805,42.2609758755181,69.35104510469523
55.06688434437386,34.84087318682377,42.02046634177672,69.44146521133771
55.342041222206674,33.377384554211886,42.128139823087714,69.48589152174276
55.12888062356706,32.4934581709195,42.16741322292545,69.4042777260564
55.00698169930705,36.5284357540155,41.974081871940626,69.41256009343375
54.75535898681545,34.620333152625854,42.0151396491043,69.19434146808804
54.99212775443013,33.20231701376978,42.07254926267484,69.17457311713808
54.86714604703971,32.42071840433584,42.13465181603504,69.07199134144572
55.38392416681978,35.45824499233905,41.9558474614122,69.16517299057358
58.7645625638933,33.58662916712509,43.55024827194045,67.85930567249564
56.33487861991531,36.344129369215985,43.03234450767475,67.94599794485804
54.46424359724067,34.19149180824757,42.87975707392858,67.79666510323285
58.17923848513333,32.69843810916135,44.203362650316095,66.95833392947536
55.49088311514367,35.66337974989636,45.19582990198366,65.75672022503171
54.39774299893228,33.380190403890595,44.49524380330597,66.36455823901895
54.538679970703924,33.01730800327493,44.05989040286112,67.21345839834545
54.63899224363192,32.717414199774026,43.785994709098354,68.01070808725643
54.805989918779986,32.099883019828106,43.54162250456133,68.50508224238295
55.15540459783189,31.564704846167558,43.36151490577683,69.06744852746726
55.309529849753474,30.989704778730022,43.19362684347342,69.64788515430858
55.07721416333899,31.214806178377188,42.99358178846121,70.09271809872763
54.9878051473073,31.318440941109415,42.810992421347045,70.55940258327294
58.60407230448432,30.740594406217134,42.92468241500691,70.68593992185633
57.26513923937503,29.761520371717545,42.987349694593775,70.70572169694834
56.483006247170664,32.49686740448989,41.96024581167769,71.07538207400009
60.4495617298016,30.845805974814354,42.08078188773661,70.7746938352524
58.7832795841113,33.15118131250473,41.75869072257424,70.38120733528669
57.31747008480448,31.272004300211066,41.76771517391616,70.41574043511511
56.27061320067626,31.38725746424788,41.82212158629186,70.30864932384503
59.67192517843092,29.85348128645149,41.97890543717902,70.38097720357722
57.85883700036359,29.71861958940992,42.216175791269,69.98639908303481
57.02709083851465,30.585493672456415,41.91552340824081,69.91228669918364
56.36254041860711,30.420279763613557,41.68885766556687,69.91750087594109
55.83618847249939,29.913514110243042,41.47743430329623,70.10384774397667
55.841986320618986,31.523020451882537,41.2673689235291,70.17860465870488
56.04869125342258,30.36377594792542,41.01945330619289,70.56416248185045
55.931290153320624,30.21913435913013,41.015078845620664,70.58559877709773
55.84673206461504,30.201741004623464,41.07900207117378,70.56791410915555
55.72896150932775,30.14853393610148,41.163092413635226,70.69514926620666
59.03764299169327,30.614590302679822,41.16105776082436,70.27986775224629
57.16217457973984,30.33178492001013,41.240609534911265,70.03530399280159
56.36605601435039,29.709240380322697,41.418633485148185,69.87689954857873
55.85995525193265,32.38021391684677,40.953864456585535,70.07714588831135
59.10358482951465,30.523411946358124,41.30278884939516,70.09071878718964
57.00491173840739,31.875158965694,40.63088044252887,70.53978903570356
56.528820963352175,30.448469100865992,40.916744112485645,70.6130307496125
