144.5,63.5,57,89
145.18776578174965,64.24634013785834,57.29855453040327,89.73176506730088
145.30737191630539,65.32408610665314,57.61303984735138,90.2626597149469
145.235269809267,65.18210115797501,58.00131578345876,90.87198907599486
145.15514821833403,64.50344264365663,58.19858631315763,91.5359717039778
144.903810972147,64.60566251368826,58.513222009345256,91.62264396962513
144.6105905265296,63.34488674830648,58.803183198584215,91.86338156796987
144.9149148292596,64.55903526561731,58.998215549487924,92.07737655605328
144.73459955173075,63.61126695011386,59.15901256243708,92.41802005103571
145.0366416762268,63.8360614355125,59.20212335462463,92.57159116353235
143.84772383244865,64.54323119518679,59.33100903760329,92.7241970778004
143.97385881660762,63.87520200105944,59.30254564422603,92.85008972699565
145.1434521627553,62.91006791369641,59.4152181876942,92.97395152297568
144.85803634417337,64.09703186211817,59.40548228611981,93.16278374080196
144.71446244823613,64.10054150058362,59.38858556309982,93.43571436735922
144.79614136319293,63.538307324072235,59.366753165653705,93.27408078308798
145.37338443802497,64.03646324151518,59.424486731107976,93.28822944415089
144.1280468921251,63.740460705812566,59.35745999681215,93.07880524385811
145.41622418717813,62.7558666587871,59.52459991735673,93.1810402033723
144.12110605153038,64.58826677776833,59.5955528939745,93.14719184681856
144.2436473721549,64.03084563931154,59.48040687331852,93.09023279507308
145.53838893787355,63.04028691798256,59.58374691349681,93.23692097366241
144.69743650791406,63.994830906151336,59.53341848751188,93.36090236950199
144.7748687581124,63.36042832375824,59.40389448460897,93.20071657416702
145.41542516487044,63.90522121239302,59.466412223384765,93.2428030600429
144.15721092972052,63.399097839705746,59.387203133793804,93.15985284306089
145.9584495378364,63.0276292651152,59.55757047055583,93.16803751602662
143.57534944281173,63.67160138583482,59.54705252095677,93.02257019090055
144.79743721283307,62.594752263063626,59.76116736711399,93.15062890244636
143.62945813802207,64.29414971892388,59.82295011123368,93.12537963739334
143.77314966360103,63.46106969053524,59.78445625301457,93.12907054553474
145.4722527100613,62.344541091954504,59.962201259489824,93.3082024668936
144.72403889798528,63.36707654402044,59.80562042264333,93.29472464709706
146.21304754826355,62.192939874885596,59.34987094053773,93.35396981764214
144.4886126198436,62.363542383271934,59.21903317484956,93.38870646484995
146.13487207612826,62.83772058956011,58.661296242794705,93.20449691668782
146.593890179745,63.34534338422872,58.5342448449599,92.68104251606748
145.82541607433444,63.61838610705516,58.45643492189276,92.3752415580197
143.71624604959578,63.59347078449022,58.59370931661545,91.93019450711228
144.31482629818964,64.257816894906,58.45158417213466,91.53669481166752
144.58697358707562,63.83318562372911,58.586243003557634,91.06918799252534
145.1669348646753,63.95783935143735,58.762773051698375,90.22116892726847
144.63930255604862,63.82605687253799,59.01513157297017,89.61514568878957
145.44788287391668,62.447393022848026,59.09434010837661,88.3306590609295
144.64820244348445,61.7916859389606,58.889274418375905,87.14749558244887
144.34030436479563,62.65040321956927,58.94370109705103,86.3552470592488
144.9702811709943,62.42774995231991,58.55852265593359,84.77059701453915
145.0769831076142,63.394667641125494,57.62252499836147,84.56750468750323
145.56185988548881,63.61790371039157,56.858323484142886,85.23532028300275
143.75936565112278,62.38827072421563,57.550916475580024,86.2152485630939
144.34928439338483,63.420430289981866,58.17151620304625,86.87504122698684
143.3226543452899,64.54311666878847,58.84772971415316,88.23367285246078
143.97724479155025,65.1531592144613,59.52394258422096,90.29208021182924
143.14123588036625,61.75405633376033,59.34169054441393,89.51988907305417
143.7710066378658,63.12246512970948,59.995015383403484,90.82838197843981
142.18527897573856,63.08424596712213,61.34999805808373,92.32735870331086
142.8267998066315,63.1085362989451,61.864491338924765,93.18503477498979
143.33053256392512,62.457506475235554,61.92367657259042,93.96737345082455
143.03108397438996,63.13617389708334,61.49101452276361,94.65329870463265
143.62380757797257,62.21171032564451,61.668528131028076,95.28941425826928
142.86803051461482,62.184629310890834,61.66665416574071,95.45007423862855
142.84818768696834,62.96312758783789,61.55818468313714,95.79400046000299
143.78192545679747,61.7712478921842,61.43240752776384,96.00857516655695
142.26610117854852,62.7889659441999,61.191034386263716,96.02181841433219
144.01888532012947,61.692038385263224,61.05843286945925,96.20632680864902
144.01797783790045,61.754083451808924,60.846600900480894,95.96432794445468
145.49446860654717,62.46983836929135,60.60777599084244,96.7367613620533
144.22126643786655,62.81420365718471,60.12075022871642,96.9735847041514
144.82436110251436,62.94158859709782,59.66376535622698,97.16657329033052
144.1411610299005,62.1455542524954,59.64725942216242,97.07997491105391
145.19398196337218,62.73857765541989,59.40906278570303,97.10075109657609
144.82938378274994,62.630531535328416,59.14764789177862,97.16206643575234
144.38616632698887,62.46867494740924,58.9707609744586,97.19657909703571
145.01432942567405,62.57233875264634,58.772978101558756,97.58701180627129
144.32486686091147,62.82166714443899,58.92792196983054,97.4762296557598
144.81463145917536,62.452760816006496,59.15761175218461,97.50683654022488
143.66934818228017,62.376534424209446,59.522784366956735,97.41557666016847
145.27498102294706,62.32171714494679,59.5556361840208,97.59831580887132
143.57668437677583,62.21007897223909,59.56326291599949,97.79787002161882
144.22136647292288,61.93558308787087,59.748724701984465,97.70891947620731
143.94578008635366,62.66344985344606,59.434371514200684,98.0340015464058
144.97033992605824,62.45726628378383,59.457820489805556,97.7972399506648
143.64239994394637,62.51225862882263,59.353841130527684,98.08010723912763
144.5516811194589,62.22235286686822,59.43739710473612,98.03849289595576
144.18899259385282,62.36324085586493,59.442406426284435,97.87992388358762
145.3158957402542,62.25411051707706,59.406262229505224,97.7355445975365
141.84691388824336,63.11658184651569,60.16115813491237,97.5945741543117
142.35012777159295,61.482474966578685,61.10854749734836,97.60497803679009
142.4884625907467,62.81926140019965,62.02190867225799,97.70919714647687
143.23911517066793,61.682024037326265,62.769692753443394,97.94275519093397
142.9265007063133,61.3560313693258,63.51264509496438,98.22267763521317
143.0258396178398,62.340120407853476,65.18501143084694,98.58674109334459
141.84500091363861,61.80728192514617,67.02575425749271,98.57333688104771
142.5442790077598,62.63261946493151,68.95003518358448,98.51467909445341
141.8693480724301,62.72534342665575,70.01049725155909,98.12654274522559
141.73541237669178,63.27848742392824,71.72533433746324,98.10127021832434
141.22998243627694,63.285373895801285,72.69637387876216,97.69167340844933
140.57855235110372,64.00894808384768,73.30626073339285,97.37425215752437
140.2686131540604,64.07695871039984,73.85720346497146,97.14173120059556
139.08927328455934,64.01781044865388,73.88522667550072,96.65507222968365
137.78636679099571,64.15631390893404,73.71770349052403,96.24192506690434
138.24377243840127,64.50447974031505,73.80395399285496,96.01688092288202
138.04989598662593,64.57734352993891,73.53486251888793,95.85880249382703
139.23710341485483,63.6480322089715,73.83071476753268,95.95755317607558
137.56090144619924,64.29150348755553,73.4400631227974,95.62499053509863
139.87066095930027,64.20074317060927,73.59607872641709,95.92860389283757
138.44888390423108,63.824515812078985,73.30320543405912,95.70127698224312
138.8293422505228,62.78019425604392,73.01214330495031,95.39527321130238
139.27246985999136,64.1418885949062,73.21356556480352,96.00249743145073
137.8213883401298,63.530774565791944,73.03254150125514,95.41133118158905
139.30682766580705,62.90931595640461,72.32661455583327,94.50789563241938
139.67700629335192,61.740132481626205,71.71018920786089,94.01588786426379
142.0184584907328,63.63470049462347,71.88987751024268,94.52930787617208
140.79845686065113,63.481677356852344,72.42439430590557,94.94201203672935
141.18452455769463,63.414896615995126,72.67500440189274,95.26325251119205
141.56035932000074,62.45005171426077,73.11351994731835,95.49535542062542
141.26926507758492,61.56244104460435,73.2887588822366,95.92433993494895
140.9052285440435,61.775896269936084,72.79037220772707,96.25476812735951
141.28114767448704,61.98022882710948,72.29546915587585,96.18676996276172
142.35241162058009,61.53773401664942,72.11096791125749,96.38346654388309
141.63243990931855,61.21780636978525,72.02261593602209,97.02506593331316
141.61949569558362,62.44622462192057,71.87592927713675,97.32178353480118
141.3321830978306,62.12717177373754,72.0000213806208,97.81068990930122
137.84425538406967,61.73970732372054,72.87754678723816,98.02418012964009
136.07736654435837,63.407587465689886,73.89444967646912,98.18099835217112
134.0413969437361,64.28150058067914,75.44766562827824,97.91484870071434
130.17161327800494,64.16233432076595,77.91989992903981,98.12821157010823
127.7602305348452,64.56967637478633,80.78028548295575,97.82544660288323
125.1750236397817,65.00475633138178,82.92035931679918,97.7784029325779
124.15929926516972,64.8436377245468,85.32990235174971,97.95900884103013
123.20683282408747,66.58156901599156,92.81859263442689,96.62255675389866
119.97506763259135,68.31495752964894,100.38898043643312,96.02356041200872
114.88672980978019,68.861027356317,106.91109742345557,96.22661741108502
110.33307735744204,69.59115681135829,112.11624144518206,96.3473187747451
107.29482998540735,68.39523516768575,115.26185850370454,96.36750755159213
104.87991469115136,67.81588779381576,118.09968398242955,96.42184291098067
105.32123252560919,67.4670987936849,121.25763621558298,96.72938647406284
103.57689752300936,67.87161587849828,123.57257000614486,96.85132696674
103.38553542605945,68.01954332310578,125.53608185873611,96.85643339315685
102.14226298976791,68.20312412963298,126.59884545556997,96.65479808077117
102.19304221237749,67.7131278001224,127.6643283120781,96.73326464630938
101.49640794914912,68.40254072462417,128.803041285337,96.65721418030144
102.00051578204982,67.49828361195532,130.0038295448591,96.97647118918559
100.2273347428857,68.06242037043528,130.83441756389166,97.12235865340395
100.16089628456999,68.42570799989295,130.88639011593722,97.44961044183664
98.90488960230078,68.04980567344954,130.59461720270463,97.9232901364467
99.4651271936121,67.11165037561938,131.05911344799947,97.96189941145883
99.45859593773181,67.16738805593269,131.50527189176688,98.18018835737746
99.79811179745742,68.07929616199789,131.57882212631804,97.90071287496052
99.82074080781271,69.07915838595186,131.96153925357004,97.7296548756457
99.87707125982448,70.4038663903049,132.1504355328122,97.41021924032218
100.82715092858527,70.03236993143364,131.8071255557566,97.47599562821851
99.9029931184154,70.33019279401633,131.6174539438881,97.47784945244203
99.5339740033253,70.5270802510089,131.60096853915772,97.59332309316346
100.04975191869734,70.49161580638093,131.54574877036814,97.56156460866201
99.97281233154325,70.43391521767128,131.22088749095622,97.86342876957035
100.12421064106064,70.30338593025131,130.88809206282224,98.03069217154015
100.52713861234017,69.72071645824407,131.07952840046033,98.07953169157392
100.51688495862675,69.91368955147072,131.0060516926012,98.0567238827871
100.45666966570028,69.6037760762381,131.11350388021305,98.1776237466606
100.26062134942836,69.20320328982467,131.2720048434873,98.3504153065213
100.60790730012718,69.08751627449246,131.74437506168806,98.33046083906065
99.94251999412734,69.17372434044447,132.14147051023178,98.52066699800635
98.08026549420522,68.52104203321987,132.4654224689078,98.50447277933327
99.59788712929469,68.60211287057002,133.2167325816024,98.1444041959015
99.48918205311651,68.46467713269598,132.85093912020068,98.15455880801738
99.66699700862141,68.12377547489234,132.21337345775274,98.27225255979715
99.8306980868057,68.53427403101949,131.97007432688017,98.11403102365749
98.48144183235728,67.63115942009074,131.7602184867017,98.60191410274614
98.84605820822861,67.78360438307695,132.27621331026114,98.34200237443775
97.88184927120565,68.24760568330933,132.71748027679058,98.1008322019515
96.32211393978388,67.93972958961702,132.67817584846287,98.17056334508183
97.43486611777425,67.34311244898745,133.17838927545637,98.39121147140321
96.36274187501425,67.88687103859564,133.38222535882335,98.12890194284832
97.4595888356748,67.86249346965542,134.32872060833967,98.2121891322622
95.71934741986631,68.18502010194665,134.5754013598022,98.20175504406754
95.44881329426558,67.76544700792104,135.28397997148303,98.36307601964013
94.97527975361493,67.95985832578575,135.663951057835,98.76773962143666
95.33621000601772,68.0834845567885,136.33096985219322,99.11771425598874
94.36216381425042,68.53721294851212,136.3471983317285,99.2427863497998
95.22094006538518,68.3473318319414,137.4283049156864,99.37279589751358
95.38771695756657,67.92890955186861,137.83103526809577,99.60781009438554
94.94979479385003,67.97472813145217,137.39244912029386,99.79599298998797
94.36777123627041,68.0914778275516,137.0168337550988,99.89421076111344
94.91968498825943,67.57017012627196,137.69943255689162,100.10151498928002
94.54298577047498,68.27265196650688,137.05284031462696,100.3145155765409
92.29923766373696,69.6150679681767,137.900989451687,100.10200651402766
91.10790642633334,69.64859085825944,138.48947916266977,100.29200981757191
89.63213448918484,69.36922276436059,138.60676328850792,100.5445379908814
88.21085308523149,68.98742121136752,138.79983359420208,101.03781051877878
51.9203152101004,26.29026725202543,123.05569877317521,117.89251425045123
54.18965273556641,19.335985760648157,109.20968882234084,133.4783276184902
58.51303996087052,15.737821875275046,98.96295523667708,144.18598742430112
55.92009570584829,9.121917944941899,90.86817453438023,153.70537768242835
52.67832869428082,6.284735249053654,85.93022074928763,159.95593610885373
55.68017862512769,6.108166876786257,81.85433596728292,164.87530553466294
50.692538325786956,3.800350913124248,79.21950056102054,168.05865680231136
53.154370626364795,3.764412404787862,77.19621919388891,170.53314412095557
47.24123865835104,1.4764408948394703,76.30221011203312,171.6665429189743
50.87264689241011,1.837654892274628,75.48694155651263,172.6689089542935
45.013892647066,0.9372410231984247,75.11735097188347,173.147784826296
47.589860236023895,1.944728433530031,74.82461293370767,172.8049758762993
42.45532478424082,0.9544064262146605,74.98233854613612,172.8085695865172
46.560520755458334,1.2558574336471509,74.56847255890129,173.19677128039626
47.61069339021558,3.0044254505806123,74.08700315055471,173.39877317263102
40.93940974067028,0.5142337416874199,74.45497347241142,172.63132381530144
44.56532142720677,2.7558787755639003,74.37729579788581,172.42763579832973
45.528708515564986,2.222408920197651,73.88073066181116,172.68009848259967
46.1986506721615,1.4373925884097787,73.83394181809292,172.678203360302
40.53290306818039,0.9372024794571274,74.33729485991745,172.18831093702536
43.922064072960296,1.9451165065860891,74.27582360795651,171.80823281887126
44.95796069007223,3.0230533835506037,73.85940156285008,171.56678431881033
45.721008599247526,2.4804326948806192,73.68614843305997,171.63649069916391
40.05025466720619,1.219931535200729,74.02848408644928,171.0813235277095
44.11819895024002,2.3236339631784944,73.88973688161819,170.93384351268108
45.01236529971284,2.689746248973819,73.44822179532056,170.9800680592278
45.82118138875456,2.136501367293377,73.20243903492359,170.50662143743395
46.85721053136928,2.805480341878962,72.96973931788567,170.2666047676741
46.853162013993824,4.4939465164001575,72.47444031839586,170.72564329723278
40.34771654549765,1.8253306874677264,72.86815043110843,170.43345848933836
44.81718082756821,1.8207461362306532,72.91008639180862,170.33485135974874
46.726298140888076,3.625404565190408,72.94685464526532,170.66524559573182
46.7265024634003,4.199975369486992,72.56685539951188,171.4412447256259
45.861139630374545,4.117636868581798,72.41029261436863,171.54233129026244
46.16584315178034,3.295546314453574,72.39707715662098,172.06051378230032
47.02764999117883,3.4181887627848226,72.36378158542897,172.01635739825875
46.51826285164408,3.344691189440695,72.40080936972842,172.02484295849356
46.962763124369886,3.043479017197626,72.47515685532082,172.35697719644475
47.128438436990145,4.168659660950638,72.41698218489903,172.66595996220715
46.605353046921614,3.409523719518347,72.47093607994621,171.93846878164095
47.09805555923939,2.4083683974750443,72.54614754853576,172.36907396517915
47.51857175926311,3.412538191510123,72.3525785893834,172.586222324573
47.194289801608676,3.5001548891431753,72.36025142955799,172.67233780268373
48.62566232650391,2.209441902225322,72.51996207205879,172.4487596566464
51.65760785288948,2.112760522593362,72.50814402114922,172.22100621284062
54.86285362971018,2.1429017243404758,72.058542283792,172.89359409008904
57.18467514170932,1.4940994122220275,72.14027968047853,173.03559649760535
61.753430380354914,0.10522882628718833,71.79380962371957,173.57177268038507
67.19871659903146,1.593014039818712,71.35296901314872,174.08673870466174
71.63005131055289,1.3058569311386634,70.79199350642664,174.5557982570047
74.96130123355911,1.3091902932340957,70.20584387251135,175.15893735518628
78.06410371330858,1.072377991020474,69.48828412861911,175.46816588221904
81.37089209996294,-0.13879599167601953,68.8025237463016,175.18423957660067
84.76269694330986,-0.6214406620835149,68.3694666185067,175.50703781519704
88.91283790457902,-0.42964595414528617,67.97583810020421,175.95117386938665
92.90523170249702,-0.4849500887612521,67.8003051506695,176.01773077455437
96.55908629435166,-0.7203152347852182,68.12314587464454,176.14217551481588
123.56585316815152,37.715831363367855,82.74860443661512,159.74272167397848
119.7044484007659,45.394426246417126,94.1067861332516,145.9601116236087
114.9580532002334,51.21425832569004,102.304027380035,134.68494888174607
111.5794584940527,57.004098635867415,108.8925133108414,125.11758711095491
109.05847443303102,58.97338099039724,112.65349631592613,119.00289306076978
108.66664414507652,63.389840419462004,115.36926040650647,113.69242870283861
107.38793488036303,65.55551193058895,117.12189696257147,109.4581168864773
107.54608083230691,67.91282238502401,117.91341984750207,106.12109032937565
107.42420773072283,69.33068863342763,118.18711603425216,103.79807049002005
105.86985062897456,70.28105632915478,119.34696637380367,101.85518446701876
106.22434647008102,70.54150717738447,119.82827670594165,100.73261649887283
105.17190453772372,71.90473568803094,121.8064380858292,100.09493225132256
103.82115235835033,72.61817981971342,125.26635939527864,99.43028553029694
100.47955561115346,73.72169412185129,127.24651228984939,99.28952966161691
63.16948493575632,30.368197830914724,115.17585774220616,112.63342409895878
63.92918836177418,22.235342312255888,103.23727669583451,127.62545933690664
67.5748691877537,17.803197705914783,93.61950570397069,140.447592568525
65.0567203935665,11.659767825028979,86.48291358287244,150.28625639600097
67.68019276742105,9.395482760720327,81.83243877391837,156.84722522533238
67.77081784127387,8.74046308922594,78.5641973160931,161.5501342792434
67.07680779964653,6.818411390089224,76.37117558645105,164.36282686418522
66.60164037869278,5.991180736963614,74.6402662934556,167.4036081653629
66.07331563114946,5.02291652923499,73.57450429905555,168.79624234950072
65.9115490499351,3.82232051630713,72.64928927823384,170.18293971783996
66.13049902078622,3.2984327468852115,72.03405896181388,171.6713446197438
66.50539044610956,2.2006064301639725,71.8165792060311,172.45467020202355
66.95967686708133,1.2767695948388393,71.77713667748401,173.26387443888933
70.33680209231048,-0.05935790027952237,71.65892357672662,174.04923258044747
74.12652141450054,-0.5818799037821378,71.4468116687967,174.52691970297317
78.23292573449508,-1.3924291336829668,70.83124681466577,175.55283985667208
81.79113115283263,-2.542053829732467,70.4976714615417,176.15417488681734
86.28282338892257,-1.4712277112352723,70.0258998815127,176.75912756925655
90.12435241175965,0.8492457160447202,69.31203004918696,177.11640115842215
127.38800404512418,42.15392616507438,83.80297629417663,161.1223432999136
120.01159177380556,50.35633422185053,97.00010935617726,146.33300963589286
115.55847678586835,56.2407633613158,105.45016555447141,134.70539903178513
112.03931421048715,59.760055927500574,110.76740265343787,126.1447555316864
109.7087810360366,64.75660153339102,114.9696212411848,119.01098376837658
108.10908326290706,67.91353232465588,117.4969343036754,113.40480634512572
108.23596487699456,70.69693242466157,119.48294554106133,109.2684824529833
107.3309167132163,72.81099218383527,120.43169443171294,106.186623792218
106.55660079965405,73.5200982833795,121.46990259855912,103.89023007600538
106.61958505928772,74.29835702513427,121.8607997499728,102.36634841538802
105.94528712064634,74.80235273592444,123.05897473799715,101.59922940672767
105.73704050305906,74.98164249914703,124.98241763633393,100.80658754836759
103.12259666732935,76.62212294625671,126.7097956413505,100.27204250764859
64.63505756064765,33.25722506149062,116.35915211399123,111.85195882161436
63.45947812581093,24.749566542276874,107.00107579231945,123.05596080037999
67.83399549066378,22.433070081073907,95.69997330596092,135.7848990810623
68.11867744913675,17.266437643910308,88.26946818418101,144.79547692555093
67.21853566072429,12.972353445818271,82.47808601622444,152.01162698448525
65.49505687532465,10.574704811839311,78.45203876906106,157.5378569649981
61.272732587634444,4.709952749378459,75.3293407715655,162.41296522352576
60.61009933241658,4.944796135631151,73.74167274029895,165.31500663285937
59.48519257359169,4.935689619602201,72.23990125123487,167.938337939606
54.04866372958107,1.1453581138750053,71.53376677769604,169.7615451252547
55.88153358363731,2.073610928077926,70.96501384021346,170.88052744431286
56.6102192594969,4.142984357317758,70.1742709088472,171.31963378865302
56.50162221726275,5.575697328936798,69.89289660747605,171.73194975444204
56.78891493828739,3.7960250751164324,69.71699274644712,171.4930509778573
57.82010433956981,3.5588623803826636,69.06380757886916,172.61439664768602
60.54754914426942,1.7508417452969667,68.51814247966281,174.30308727756048
60.76767968758812,12.465827107787703,67.77820813376714,172.33482843612393
53.85700387761217,34.45875695030341,69.15028950530595,162.57917428698119
55.659489400696756,45.62753789565379,70.67808518276959,151.27144142154899
56.15912946819494,53.47632568874069,72.21888535668741,139.9201254293388
55.395417061450985,57.08620387767192,72.4995663719194,129.58755200244985
56.144181206059194,63.281310955488735,72.08813973389469,121.63299725538556
56.09256156254065,63.440858836790454,70.76662380528694,115.29063899201918
57.295155819917426,67.37782127711111,69.17014670010218,110.253747621586
57.69249732422061,68.69270159102753,67.49940517260924,106.68535343261883
57.50848396391996,68.99946886290505,66.19215239511027,104.31090778180051
58.39664183415025,69.70961828561019,64.82141485069842,102.85162718205744
59.15852022216988,69.78864813672195,63.845160473150074,101.4037907969802
58.06075070382407,70.67964621396526,63.27328303263831,100.26539343743073
60.04432515795599,71.66217360753467,62.74121155319223,99.59690167958114
58.70045471633066,71.03479482946966,62.508160095210584,99.01824384665018
60.69410446915071,71.54941276318473,62.09579030377337,98.99310079175821
58.651678110042354,71.4419263613348,61.87453216307284,98.85743145077804
60.11326378990101,71.47600569990162,61.45277939390118,98.70873990245767
