129.5,80.5,64,78
127.25366469341978,78.17900326095915,62.202710705628704,80.26312644793798
120.01939147710749,73.83185165297954,61.19800388813121,82.35646225667062
116.62427281927073,69.76250517150027,60.32042122699809,84.29183185537136
107.5669803862327,63.174606898105296,60.30696196465618,86.11328498785466
104.68748885595983,58.396493630496785,59.436364050623055,87.40733787042275
102.42430710810592,56.44482813511614,59.25183296167512,87.89965144327633
100.68945345028706,56.76359087346187,59.43300682813988,88.71566569570321
98.94387200238884,61.94807559505405,59.517305080839364,89.55285679786797
97.20681483156726,68.58258622372489,59.31064282641321,90.43626035284319
94.93535375227384,72.68861275833225,59.0533263756861,91.11166799224661
92.59617232617248,75.42049568569898,58.71409345991394,91.62785447287084
89.02143189213986,76.30865590938319,58.744450392279724,92.08016289932749
79.5548469101706,76.83945101250745,59.10565418495362,92.58440053960608
71.96313330869317,74.1222862302164,59.65317612210034,92.73404830716058
69.37801176202807,69.80871822232942,60.10835468982632,93.31979485760253
68.19611027965219,64.79324574993419,60.851604876334044,94.01890977767373
67.38682771960433,60.406872521961006,61.146797990013454,94.75721905405467
68.2176193403335,61.33304063390613,61.18008975046244,95.40251437999963
72.00403403842039,60.51195856773715,60.979007371195415,96.11004776072778
79.27213490407075,63.128800661712866,60.94773518243619,96.10648137062792
79.06399053312317,67.34300459059557,60.94440439389197,96.19974576170284
80.41710896511489,70.10886732938883,60.63281155189645,96.63437083953625
84.12715477006006,69.92929587961959,60.504726911458036,97.37130097147373
92.04853816747658,73.46679188062086,60.5828938400747,97.59996316334934
94.45154926223759,73.0746179639974,60.54645725998871,98.47976218766397
98.07256593801512,70.05134558570974,60.41794023915263,99.51660283123269
106.47338381761926,65.59933707037993,60.94191940914358,99.74909199934349
106.95047072092194,60.01523175941474,66.01582463543616,93.97890426006781
112.34567503117358,53.193872047201374,69.34046728446413,90.2669026151586
118.28401836656947,49.85664497930445,73.29279062343798,86.07929238938019
122.99111058542462,51.26487045628767,75.17536769848404,83.0949068388752
125.52326223267491,54.11994641023266,76.34425589415677,80.50763705874706
127.08519935422166,58.21344108698006,76.88002220167671,78.59998558824786
129.630636726753,61.82705153841142,76.81342180582662,76.60648117326967
132.32748606355327,64.81510813001645,77.44233141240802,74.60786151461099
135.70663725480983,68.17765974981775,77.38842956929308,72.66425003144761
137.73742212216496,71.41513554611102,77.51447618284939,70.93977241499633
137.9808463437206,71.29951801873572,78.06757536871305,69.36540503844961
139.42862089638479,70.71225020768058,78.53297554126249,67.97746855553365
141.17296346104496,68.97770526859219,79.44341455744993,66.86049409502637
139.4012437031493,66.03102981429424,79.67209267301847,66.18708637096233
139.93410368848123,65.36644643251748,79.34430049681112,65.80285658529102
137.79120996088236,67.93526765368796,78.08088741718831,64.87243278995322
137.91929474447744,69.9344042790407,77.83993542244876,64.18161293318389
137.71237947023542,72.57380638317491,77.330697089898,63.627549230133994
137.8999422662358,73.25628099836361,76.99381110734733,62.88206654295422
138.0445792915503,73.7085787243755,76.31468784097237,62.415490485805016
138.11075402063162,74.10088887117561,75.68603574833213,61.777723683868714
141.44307259016227,72.26528164712609,75.49564558803056,61.63709163729308
142.01432415292086,68.76074022677656,75.66660209729429,61.52440648025045
145.2346133245085,63.468759840789176,75.23506315612707,62.12558965670519
150.10009726494928,60.45156735263699,74.45568772061904,62.218666611464144
153.42282324114655,60.94977782725317,74.27164486017398,61.88858184101139
155.04450179677553,63.51530297118349,73.87077985249263,62.097574621082885
153.53798391098502,67.50662603617984,73.47312627013079,61.95847440478647
153.2807423029247,77.80969610605237,73.52020109739841,61.905471090602944
152.58662231231628,80.9906395704333,72.7160174965382,62.148542219244646
152.16678394407188,84.52904467431159,72.40914596184783,61.99024244849976
148.3479756454215,81.29191804048212,72.68973550531553,62.00797468191801
147.07199039840606,75.80477683320704,72.56282196995798,62.384972779451545
152.65910539715475,71.81797874471054,71.42083379374967,62.84736232955245
159.0274872124965,67.46019903472826,70.20346122294163,63.32208942072063
163.510054754427,68.58889990414924,68.92654473267812,62.99814601012574
162.1734518977105,69.87699327063598,68.74638669374598,62.46091353511734
161.58073467153716,72.26646714410484,68.17372004040264,62.39060016470552
158.65824075654407,73.45907649838932,68.51133549108586,61.77358423781381
150.622300414038,73.87210956987818,67.47170494562924,61.88479630595286
146.45064643043037,75.45513327322327,68.26511571893579,61.34090480403259
139.06400659752313,75.7177674039817,68.17767856498708,60.64914756722925
131.40916292153776,72.9416015976316,67.97522945760728,60.504021866391824
127.59654686404832,68.74611978277343,68.58792743104561,60.74132758290017
125.77369724810859,64.03716258160775,68.41201502008755,60.81181843176475
129.43752917897643,61.867213998983814,67.54234085103988,60.802322706082435
130.32752910029913,62.826870540284744,67.2709084608252,60.530094455672035
129.49611911496072,64.54093392727832,67.04402706507742,60.11643563632052
129.9297354406625,66.30745498076263,66.28964619730706,60.15450568526619
129.58621139017117,68.7986505612197,66.0624010091052,59.89830270718286
128.3717890269196,70.91743471355733,66.27993630262498,59.491275774806816
126.47922371233452,71.95241222733273,66.38061916644477,59.08694405448409
124.56698537243041,72.88076187124436,66.6782847233587,58.78002728123298
122.43415461142635,71.92959644196287,67.29032147234129,58.54451548461407
124.12514513468645,68.92094734433205,66.38589355501729,58.742246953191135
128.25174263460752,68.26785458853368,65.53128911990294,58.75743674773925
130.88391806782846,64.73267271447587,65.11117033582798,58.71689580225134
135.64537457657735,65.87618569742894,64.56088781912368,58.503265803828725
141.98225959357205,73.83544752223659,64.39268628946773,58.35480460080766
149.38739033150117,73.98070092583545,63.928872758250634,57.929174376828506
157.08641657332873,71.95308994120751,63.6918787004988,58.00128138827495
164.32805832415093,70.18356031992079,63.64511100695988,57.83606764539003
170.23319909751729,67.35319138863566,63.47263444527356,57.8294351885938
171.42522303281942,68.03266329866631,63.6646020470814,57.169405121565205
173.16606076904236,66.49055482041359,64.03109876244068,56.71829583562372
172.69117187867255,62.6053955054696,64.49282906259711,56.98473730257837
174.0376280407414,59.17057889729888,64.38368248362242,57.3398875439137
173.69771033555847,58.74951425740321,64.50890996618904,57.42668489020666
173.01693262661092,58.012078304268925,64.89346252496851,57.54097289506989
172.30876690673404,58.15515946436114,65.02010060916203,57.74996900879965
173.11064240801588,59.91387033330711,64.2562529612431,58.6689591285127
172.00330363326822,67.64964447723577,64.16788380739978,59.125368375445404
165.3848205561304,68.90877047587871,63.490656808294105,59.7180010446024
164.14844099491543,74.71148691719571,63.776876519179226,59.96924140263001
157.1269133325292,75.04587128895261,64.25702939339014,59.75108615780397
150.7673992061427,71.64810604088103,64.86719953764263,60.16636286213806
153.36163371035755,68.22850389974951,65.39043764438627,60.49639518166304
156.52814251299196,63.89903939533501,65.71566655629888,60.895096987122905
158.691301990417,61.53209887979487,66.41571288160011,61.0431931060938
159.9929853159341,60.22798122369228,67.15499759775344,61.73568816675785
158.77664892762488,58.66464482410578,67.39062695548765,63.12196375104134
160.09718082305486,64.00946542692799,67.58705133906614,64.08307365928853
160.05524715152433,61.98021413502616,67.71739258384605,65.24928231303846
160.31241549618164,68.23744122193506,68.23854795710007,65.84223094073434
160.95744654233306,65.59571086210914,68.5764025584847,67.09526515815837
162.2852112365171,72.78775544485893,68.92548895380796,67.97006805198498
162.79588482789094,71.42336123861077,69.34729527161726,68.97895669088358
165.05639075215595,67.21598738505871,69.80662962593757,70.00567434580265
165.25118135351102,64.20446305400773,69.41833538518063,71.12182307885799
168.04060588153106,61.71164153749865,69.63439580637444,71.50680197308219
168.55542515598938,61.224766476983575,70.22872752761461,71.70183308614344
167.67025512623212,61.845168210254286,70.08057312416221,72.63364467087155
163.62284768791713,69.29686101584267,69.84503712493773,73.46329414728024
160.98418348743007,68.75594049967663,69.35234933252198,73.93212620362964
159.25043156198402,74.98557506538464,69.31215750851781,74.01861722693775
157.55493466630617,72.68188756494533,68.77659137479418,73.96174137713889
156.00240096589704,70.40605787066846,68.67402456502586,73.74102470520678
151.236966181628,67.99232439033995,68.82560641383742,73.54496404364089
146.50571922606161,65.60256288598475,69.01381691585149,73.06333144703511
140.77139187147708,63.89913675371882,69.02149693172223,72.99581513933188
141.76552670004656,61.45772481747611,68.61985392348615,73.12140062375578
136.5630275312564,52.287532524093834,69.0829815716744,72.82125176325471
136.08921486420985,44.13254665651815,68.71956781561096,73.291515170159
134.4312970397733,43.934778736739425,68.58642623250469,73.55116478759236
129.59519258142674,45.01319466438358,68.89297829647562,73.72459988481869
130.98899496540818,47.59342895347338,69.13164511016254,73.6795197000412
131.15998393986388,56.74465858674816,68.98863558664425,73.41778614149945
128.93178793932327,57.069214414291636,69.2008874395626,72.73966669207701
127.41000070679058,58.30100888164808,68.92914928065035,72.43062258768639
127.93705838981464,59.00539924773041,68.28162106827541,72.67229280042224
126.88521662474541,59.70540681285861,67.8839670701851,73.08376355673963
129.7516682317883,61.161024791564984,67.51906960866282,72.6606386184614
133.80553899123925,61.316088223680396,67.26364780716811,72.8429420835534
142.78601375685145,62.121536473988726,66.78934492816538,72.7703178445563
148.65938377116595,61.71727906084837,66.14111087335235,73.40233725288448
154.61878769939733,61.48108902579918,65.61146794151117,73.44291996756942
158.60118981225827,60.59293175060573,65.27942471737616,73.33671169652993
158.8475960111644,61.97064198354933,65.63470088205244,73.11860302301639
157.60473300726773,63.118342223283975,65.85290765423485,73.04412525205845
158.04581241193324,62.90111501104177,65.09687781648054,73.67155381182252
161.78147084115668,62.02814490626197,64.80846996987447,74.87900956722714
160.89910867571896,60.67317565213014,64.12264565191565,75.1433697387751
160.58890504708677,59.84990811879247,63.24728483895909,75.30779251697541
155.50047740700424,58.422023351755385,61.782744550276504,75.45674013256203
151.4874817480619,50.8493746642232,60.965211888974174,75.85351856383978
154.68479832671977,52.24492907781312,60.557975448729934,75.78319058611673
151.54530298223773,56.11877099416432,60.557474236296365,75.01827099749391
151.59141506043628,59.54971204943338,60.41609382387918,74.2810317359243
150.52221789193078,63.02283413010509,60.1017305639206,73.72400399761555
150.07616587416905,65.6427685504023,59.49338625330604,73.46356917038784
155.81105775659194,66.93448009443325,58.68003368658036,73.73289543001269
158.8152916720698,68.02567132064914,57.847369993808236,73.10591048810949
161.07845763376892,68.79100486042921,57.092277589529274,72.29982965694717
161.61406977546582,69.83527741874482,56.44541417745047,71.6761765700782
163.90698680081297,70.25199111376465,55.302463141435126,71.10958975716412
161.99853552599342,70.93428880023184,54.7729907025183,70.44691775459106
162.42555162056306,70.70537829625832,53.88674677008382,69.82676241652216
160.55700593685776,70.90016115255006,53.39216155897269,68.89381024458811
158.6288751507963,72.13696295846981,52.65657523451971,68.61009081853963
155.16530315378904,72.91320268729923,52.289492582110874,67.91971953186695
152.0035854754492,69.69083325416753,51.979969049782966,67.15148432662765
150.88092460655443,71.0614750985244,51.482750904912635,66.99083547029613
146.71328782530847,66.89279568037341,50.99616892236058,66.52714412044088
142.63331704455314,69.29610065014994,51.386353689895444,65.92999825406898
141.25825607337026,71.22692459416614,51.09390527970683,65.33452921239584
139.7060879883261,70.87069533088041,51.188981510601494,64.68471869504488
138.14850912746303,72.26190266537455,51.35147366492953,63.692290636469195
136.35449269012236,72.240607931893,51.46247268607996,62.93623132880842
134.89854942771385,72.75003581984298,51.75161345856244,62.28362889911321
135.57401011435863,71.43310026827169,52.058081845290246,61.3264000247625
137.38531301620606,69.97308995480358,52.29752705172724,61.125672847056975
139.18209047208393,70.12416882569593,52.78950623573566,60.5344149649391
140.53057620435962,69.07443040633487,53.300188532094296,59.930584651866795
142.29594218789146,68.63116407781112,53.80535000527719,59.2996828311082
142.7834203732328,67.74299641269775,54.661275587833984,58.866530007877316
142.02965819893217,68.63310648815072,55.55401694741013,58.66869980772365
138.5671756762795,69.89831845081346,56.73771955680233,58.71829678693918
137.48528115960139,68.81038710381458,57.561014672693375,58.67533366382878
137.1358343472355,68.07323660587,58.140794032579336,58.52515119356957
136.82260280460446,67.18593985233446,58.846142293129084,58.37109551355263
138.06281409104088,67.38006501522563,59.26539103640313,58.46943691431183
139.00728829697428,67.96836626099605,59.46880264422015,58.13505896109723
140.12722816903482,68.2730409103454,59.20568889035631,58.224440250357816
142.63252505655834,66.64937245595847,58.88166242182784,58.5097293438088
143.59876482815469,65.4488192939409,58.963078628680904,58.36293880581391
143.8668675448054,64.00675775909248,58.99220083972768,57.657230523276866
138.35051136400864,60.871346340503905,58.98794210909705,57.805086117259435
137.5975544896377,59.967370844478516,59.25692405699665,57.82412588589865
135.70861878095832,60.65248505978251,59.71530861789483,57.59766969974411
130.9042605505585,61.65731827692181,59.49614135829653,57.718507635201206
128.77339854573276,63.44921756543704,60.118464647351665,57.579316792850925
127.00068684800497,63.21254018746027,60.39808995091883,57.33194374748153
128.19687513820577,65.07169310777428,60.79077782936427,56.92707751447374
130.3326132985143,62.75543621308485,61.3060241688119,56.37400580504279
134.5510890710415,59.661231436205696,61.15634030869404,56.59971451499006
139.279398794075,57.48721152691779,61.0044589073658,56.40756268317526
142.85470027560126,55.60871577704856,60.98854003015926,55.86622959795278
147.63895712229345,54.99113378244664,60.788140808210386,55.53936899380335
151.10373449367887,57.17303645773156,61.075053922800436,55.21642000462266
154.09908928410954,58.85792018226121,60.959167912190566,54.98109583864442
157.94600554259992,60.671994737735474,60.69868309723612,54.81271287721677
161.5693676523078,61.73646387671768,60.72864220835627,54.221572169480936
161.8028271481041,58.095522710967444,61.04456865429037,53.9850504940234
162.78550182981272,54.46276036759587,61.229338357111544,53.936599846599066
164.49674011377533,53.29965269161756,61.26494279619007,53.16930075611184
167.59233441016795,53.90771993419876,60.76404894598906,52.80247297356327
166.97041674667918,56.05871839952942,61.1257161587813,52.21499578205295
163.98212261936644,57.93592760855294,60.96280427226297,52.461680765189996
159.9006766041282,60.580271580288525,61.393749834386185,52.31574594595588
152.46547669569077,62.47062510768306,60.94340322944707,52.6960520175401
148.2236715305139,64.55185467590812,61.30622212455909,52.92065113914663
140.13841594274533,65.48760691003642,61.186694237596285,52.89112927396316
133.31774484525,66.85030095735863,61.036828165375,52.68862030300649
133.51713323533306,68.50083813000869,60.979938412234134,52.27357186331549
131.0741890527613,67.25140123302747,61.06379335300016,52.259961345220425
128.50782595146086,65.34970339047476,61.41043013528245,52.0000211347875
131.4783547333657,64.87565563397195,60.1974614272162,52.053886162830665
134.21687711357492,67.06621852497986,59.31812536888517,52.110597981522844
137.56440231082507,67.07930243786242,58.94802805360848,52.05553631246454
141.69174124610436,68.75216661456433,57.63015972284481,52.05075916336065
144.47380323369813,70.96633152107978,56.788513660560106,51.76794431538714
147.1857711710829,74.60668885574228,56.1298432505733,51.04480868658946
151.93225240507007,77.37586430266678,55.5199860606141,50.55366371772826
155.77902016842114,80.94061097880706,55.40220422272424,49.73154913436859
159.2997983617179,79.81047864327694,55.78100315610749,49.01790943416726
159.51465811058853,74.70705539353672,56.14892422042374,49.02892844951682
160.96420768115414,69.75150415365304,56.943382818550354,48.906720039086416
162.4547655825564,69.26867520142818,57.43623456793085,48.54973049118173
163.46546684368383,70.20629657682403,57.801570107580936,48.13225594221804
164.99127107403172,72.42055482540044,57.94795182594706,47.77311352953784
165.44318523420858,73.99777677260414,57.903094505311,47.62709987766891
165.38035609687336,72.39827344836644,58.37865695955449,47.47184846568899
163.80306427925177,68.77386686771774,58.42180160515842,47.76670979135406
161.9303448015004,64.8518779658452,58.110908449302485,48.037906032293975
160.41108506846032,59.99416783522993,57.722778344917586,48.29984748035313
158.84232137268918,55.791924361378946,57.674304912485226,48.668037583572676
157.0828284990806,51.517409107433025,57.689972588337056,48.98074854953336
151.42499151219747,50.85389996478035,58.07761845541389,48.51451865826401
146.20480338285554,52.525331517127455,57.318265748338455,47.628420966854094
145.13689327568966,57.29128951410412,56.956705706017345,47.57867317053259
142.42303837035223,57.61460713328809,56.709049591856996,47.20829318214177
141.36887825502146,58.15964562650122,57.128033761040896,46.91760275663243
140.3479760886338,57.6582267124801,57.39131417184966,47.0565489235075
138.585322758207,58.93031374351129,57.32337246539369,46.863235933985415
137.02598456252295,59.66978662847609,56.885922023799786,46.66181952291964
136.0042983042342,58.19940872117236,56.54925723263803,46.84598616325646
137.01637368544561,56.76014838939626,56.0801675721286,46.7425296024587
138.5939193491963,56.09416746198642,55.748935697828514,46.77397783213341
140.44121409315952,60.85108275210354,55.308897620577156,46.73281971436257
142.98240409761365,64.2748107994656,54.81679385297139,46.895872633768086
142.71178676898154,66.12029818066853,54.231674888752764,46.73269938503411
142.5142335360719,72.6369149390236,54.45941963317556,46.187827226966526
143.75937974443315,75.14008260173686,53.7467537308879,46.047542144917685
143.55437616032765,75.99614893006438,54.03482537505251,45.33251145082904
143.2071963487563,72.26018099413419,54.27980594150308,45.48337331374777
144.5627954849321,67.3678827064953,54.375977855003484,45.83777503428922
149.0684654654324,58.533333197457395,54.57661203798483,45.50892063744802
151.93998699496785,60.74310154322358,54.64770643771522,44.78284083411451
153.25723943088354,63.48126046953307,54.28437122835939,44.610073701710384
154.68770108811188,70.97896412906796,54.32042486168719,44.50116769489646
154.57750160765258,73.30360092121265,54.42629840760249,44.285959452556526
153.1331246640831,75.51920969558074,54.217838072787075,44.15790543226273
152.63027879920935,76.95107058240652,53.72320161936048,44.144307540904876
151.90428249480294,77.14324584863354,53.33681198406313,44.22054456958138
152.01142260125906,75.30511432000104,53.054759621111245,44.34230299389654
152.98332537030032,75.02418049490856,52.79087892872421,44.39269061068382
153.78587556546756,75.41454161377942,52.420739690466434,44.699004744173166
148.95821863816198,73.68040830635908,52.56609432419142,44.65959547285968
144.41137902200464,73.76261849536499,52.39406749418917,44.538381659929954
141.48998132105723,74.14425358867913,52.27275776684208,44.60390970776437
137.3456301276814,74.0599271620879,52.67446102334467,44.28081729760876
129.67449584920593,74.10014989698655,52.605716930759485,44.35814211878227
126.19239069051136,73.18786027802739,52.78053000846359,44.27877805645342
121.30298806415789,71.89426039825562,53.11701825219836,44.228555492769985
117.37056330611095,71.37656644713196,53.3040470857666,43.97976680695885
119.48396706800611,71.27294761929208,52.47796468824275,44.06549634114813
120.83118114182929,68.65673312360153,52.23778711470834,44.03865180347651
122.38194115024412,64.84935875764734,51.714051874566316,44.17061244944738
126.41969894882395,64.17690711751186,51.677572074525784,43.72044651203647
128.51630794258463,65.46930859707929,51.773595400938746,43.57479126370177
132.0017299796986,72.70639222757563,51.60454204097472,43.21710483004061
135.02026753365948,75.25160359094727,51.27858849219605,43.03653174700463
139.85028600033564,76.92873025205391,50.843226737371545,43.376235753587736
146.6778914622065,77.0493645112239,50.7213448236396,43.27214134983269
153.27743030934784,74.54232890779915,50.553313996727525,43.472544782481755
157.16350084941655,70.4438376684925,49.569632217584974,44.09721061451909
161.86749377080298,66.6894500021106,48.85634280120372,44.81595356050312
163.89650907754205,63.31497476855595,49.212248325878626,44.92097025457166
166.40998613802356,61.20272653497621,49.913453632558486,44.55625382729144
166.94621772355836,61.87614579761279,49.82539907850852,44.26084600422775
165.93120133049317,63.47686954981556,49.60408003129538,43.94654068121869
165.77186826490805,65.12138763818679,49.499799351743256,43.56899756744925
164.6282837233946,67.88029517705172,49.137619698960854,43.14406416925429
161.13732787195374,70.502363701358,49.03706336900561,42.383433323339524
158.61047258759336,72.22111155490121,48.75040614368952,41.74528263273257
159.49510319191114,72.22379238739717,48.58187821523585,41.1765934168526
155.55817837856483,68.07749260496712,48.57043721921728,41.45856809615362
155.63668876713012,65.26822416215775,48.60344932656528,41.849775250784795
156.72716666850908,63.259861109489066,48.45604426309572,42.00805547332493
157.20297995544882,61.56347722457542,47.87751010216482,42.26838339139135
157.33794450149497,64.44891313315404,47.95535843631535,42.47817630430615
154.6519550616059,63.26213332168885,47.75758080821999,42.775830842626526
155.9898205398965,66.44586001204236,48.31189135554503,42.91397409964535
157.68499301323624,65.38472464618818,48.25024027559529,43.1205772974792
159.89199936446596,68.2384047113363,48.206203616837016,43.51870165280917
160.7852551630301,67.50760674202616,48.179315666444886,43.287841226797795
161.15383096090133,69.70581601621129,47.92282284030997,43.478067804770305
162.27722584129333,68.92888338535928,47.815063059231775,43.29551565371645
160.13703530483497,68.81434731087722,47.619911123573026,43.100685678514076
156.3061395955063,73.83620279988975,47.827585720941315,42.89336519578934
154.17762342489712,80.4031517398259,47.45426031985012,42.88610000634671
156.12192826715756,85.70170495398756,47.76166885432339,42.83777401930757
156.14820286164118,89.0928376514297,47.83911268684432,42.874665271151805
154.12757180012275,89.11075676456502,47.604249855657535,42.82409239671306
152.61558808666118,88.79825999022735,47.652622523593266,42.643898124000174
151.65682092965372,88.88334748408191,47.60669829955278,42.535580970749415
152.43736056948302,87.46890524773104,47.6400874942823,42.67544099505637
151.69791360378986,85.80152365602547,47.288211290742765,42.96497593559336
151.90722602781904,82.12101135946726,47.767978225921865,43.152365045921705
153.2130126250802,80.25531629001591,48.13672929974056,43.03341672580951
155.61969500362534,80.21292797708162,48.565204428361966,42.97258774285716
158.75802503324127,80.97196405665547,48.86284799614427,42.98852980871558
161.24378327336152,81.88389793874708,48.75304826318773,43.37866799164537
162.82556419780678,80.85738842860795,48.85464745174226,43.67076243421064
165.1173391951026,80.47052522152134,48.74408081744119,44.20399221294684
167.4008781300118,79.02758203161054,48.96845726280833,44.497831616678994
168.4657969849309,75.59186889386831,49.06880363118667,44.61448093751255
168.16630431057672,73.8035129325113,49.39282366383782,44.571120495419464
166.53485811216495,72.46812134197629,49.66989552881627,44.62155164668907
165.50502125877588,70.6219685772304,49.82924536779657,44.963493444796526
158.29575119290936,69.14102434874457,50.07771580501053,44.86804819395877
151.5355309643172,70.67079710639338,49.56243352965093,44.59060359456995
149.21897062317285,74.99859282006341,49.36941380819205,44.63967830492522
145.40341992792938,74.95763362321637,49.276825642557164,44.75480857432622
139.15765048059026,78.15067858928087,49.61459218310943,44.86177684684807
135.68150157691431,78.75563139196471,49.65747188438223,44.553098894506974
129.76900423366249,77.4693347712493,49.50598131850553,44.82078624451935
129.770515180362,79.97899297327393,49.54486858706163,45.05239395088267
124.8754668342527,76.80557359470859,50.00241999882364,45.27714713672429
124.73653589114235,73.3861722395068,50.365524558799066,45.37118504228778
127.7568002807489,70.27038079537829,50.6953370805503,45.62372635415932
129.66882811460587,70.06556161362282,50.36466410517342,45.92810409963923
131.52604796567945,74.78355107809715,50.56900258410227,45.87233318613246
135.55728813635912,79.40823635387554,50.65111834259648,45.89076773406299
138.70053106124644,83.64534753169866,50.78151977614702,46.16424702331419
142.20164167602078,87.78844901063447,51.16440177230634,46.39468854328684
145.79855426374323,86.5904504330333,50.972411943083394,47.04994468400858
149.37800539960713,84.91889282293727,51.3083231135858,47.35101907931052
158.68585214282788,81.78833611741081,51.10430031195876,47.354111135688115
161.9595330097789,79.391390169927,51.45331423418463,47.59348099314961
165.39109547998726,78.8494628063479,51.19920094385337,48.19307119751693
168.680702526693,83.84298819025679,51.615913707436526,48.36057861146183
171.07801195948002,83.23241543754968,51.52221494684295,48.86816711194749
173.98585152192373,87.78928852538574,51.76241207699094,49.16131943481051
173.5400375961838,86.8356900510893,51.494570800815794,49.44024504207954
170.60159539585118,84.89560347799451,51.30915881094754,49.37617165773628
165.1388821981375,83.51486592408537,50.64795819984416,49.58969602092565
164.24910182366472,82.20859999298582,50.54572688030825,49.225500159049425
162.13357772661516,81.03487551502019,50.3580204967707,48.783350888433446
157.9185178643229,84.79979107044004,50.231700821635954,48.5391948264219
156.786758867215,82.0813313615201,50.26425463204436,48.639922113219285
156.91588982016367,81.17819284341562,50.02667989088584,48.97937914782607
156.02051220481815,80.37365925374036,50.087671613733846,48.93310684773019
154.6097749394268,79.66338116453687,50.12264783633478,49.18824249391061
152.1273124145959,78.74057027277809,50.21363909388228,49.5122207580266
148.73820385128158,82.85556581963974,50.37102663829657,49.64864182708409
148.42716694441705,81.0647598503034,50.53116713722542,49.99261719959463
147.6354542447453,79.68533978412418,50.63771305906798,50.400853036222486
147.22729637375159,78.27530693650189,50.75807763728664,50.78507383324319
146.9761549429597,77.19552344793689,51.05737814768651,51.09139090287958
147.30805141645178,76.67854616047492,51.11024510422869,51.4430591556867
148.94913073210398,75.35406401002456,51.099825240548164,52.25995656300984
150.79277296083765,75.18929039316313,51.32666455665567,52.80087901834274
153.70823726466733,74.5886798079615,51.75397044988133,53.54178239823776
161.00764401480086,72.76071796300359,52.14328942642091,53.66861878308461
166.5725842833142,77.614328828769,52.109041442494785,53.85392844651226
166.56890147033346,82.4688344824117,52.46548274346699,54.151297220403634
167.79127430292203,82.56441151726575,52.11752643833619,54.85820764482853
168.82517581793272,89.37722041131417,52.914979479405545,55.17128004227858
171.04610101278035,88.86432659778697,53.42037611806109,55.797370514572606
172.62609417515395,86.1922296035413,54.3186745528354,56.12148250614621
173.96964661714216,84.59341522400081,54.51250939092011,56.76617781071366
175.19327135564535,83.0250099707228,54.310536603443154,57.51930082108436
176.2179325123408,81.04791001958888,53.71491304436283,57.98009895752884
177.6332141899974,79.3199583790254,52.889116630120235,57.74603031482769
177.7836381239768,76.87144389858464,52.55076903261752,56.986659548841516
179.9068659109316,75.10983436916169,51.73114994933902,56.36921212285466
184.97973284343874,67.04014986047595,50.61437917331395,56.287513711637274
184.90480768336496,73.59951195618197,49.736155228935175,55.31898845668764
185.71845600267477,79.23440443207133,49.657495861242964,53.873906721461665
187.32362600091926,86.13621473434225,50.000386865654264,52.387623153052616
187.58520109203857,87.57642924546832,49.41100173716471,51.62974509515595
186.65024732281958,91.84790658634904,49.29333875138703,50.21538481189306
184.4008888757463,95.56938315834756,49.230094471522385,49.202780064197256
182.90638816511952,95.19160314700505,48.42172235952702,48.47218660349149
181.05201905262203,94.35813865382667,48.13493784701891,47.77011968492576
177.14131090498967,92.30758108245433,48.20073223218847,47.309051447543496
175.07769113839365,90.02881434100834,48.613468238692874,46.86947885514861
175.34094169906695,92.39344106514709,48.99855584577413,46.065046545253075
174.87676556983936,91.71993474482213,49.516183285522814,45.51122879783382
172.63375395607167,92.40785929753136,49.753425785671695,45.31654681811726
171.829694041329,90.84858555023862,50.49322431560413,44.931935743366815
169.033420825643,88.20258551283646,51.19285835912824,44.7863256687876
165.36894774549785,86.2404050470233,51.88945169043906,44.64301244041023
163.0643272690735,83.3434062970392,52.50502647126021,44.703176150553034
163.38254311240777,79.7084780918704,52.948953885887065,44.85335644776194
159.94726767386737,77.48698587000868,53.087785745939065,45.16111845648783
163.95949196023028,76.83874831178507,53.30861934636999,45.02254046281237
166.4946152907919,78.66987432217583,53.102196575932794,45.27628332461447
169.19411911541107,81.38486516546939,53.15927079391244,45.47050770415893
172.97831776613975,84.13710364955557,53.2758348114248,45.53935541631496
175.54380805057667,85.09657776769845,53.054491216885694,45.77257569237356
178.9447215369823,85.51635548751898,53.03856054534396,45.74702693894314
182.5750741366194,84.18613291178531,52.63823647247357,46.04014893023895
182.305339150397,83.24489289948735,52.384676540552846,45.98198266405575
178.91280857149715,83.81688705883766,53.134684922015886,45.59046603076466
176.67167231805462,81.69426053397083,54.07442808434223,45.260960550835264
176.96012233392702,79.95533223666433,54.05008629587211,45.17808096609643
174.36582281013187,79.17375182555071,54.522857401567904,44.987596487458504
171.2778507111922,80.93778025891413,54.73274477571676,45.028073041294434
170.194391468144,83.41620341352191,54.13512306634804,45.63973583394654
167.362723616307,85.68081616812695,53.91331358264412,45.93792006899915
165.3947788806578,87.42635500446356,53.68630022191127,45.95063062912927
161.6190504083051,86.98498651722613,54.11595006822799,45.65122069675141
157.1350005098539,86.4016343315636,54.25673071992774,45.52300808065735
153.32773773460357,84.29524565954787,54.334911265393046,45.5152353644166
150.2915051437543,82.12890873089268,53.96730867899463,45.64306808479462
147.7258673692783,81.30960168269989,54.11264091053332,45.511346387684995
146.46210863517754,79.34582285100097,53.83150120939281,45.80002141405891
142.4421832317647,79.43304506727628,53.79022675681911,45.71506741007522
141.08470643627257,80.24198306954257,53.04111789548705,45.8640193464835
141.735044813055,81.4605282787874,52.28575861294958,46.24106710205085
144.07830574780274,83.2765577862439,51.28713967085277,46.335537685373936
148.00070973663048,83.18982942332559,50.53655471565821,46.4765530708237
152.66151251063812,83.19537796974808,50.15820268479382,46.3833650637293
157.84603154401964,83.10228275670855,49.61329849101659,46.19928648927812
162.52329320533738,81.91932653856992,49.42772238822978,46.07662084442438
167.0568517685365,80.99171228355434,49.54026701262501,45.734247320840424
169.55437438435698,79.680377126154,49.39424703046525,45.576790825567265
172.56466170343418,78.21636099128986,49.51508608097051,45.3146609134413
174.662609168384,78.84021206899193,49.052303963113104,45.170149895350995
175.58965378345388,80.32733167062682,48.345225893823866,45.43681287752128
175.88073353602977,81.93930676241143,48.28949222714253,45.376768076108426
174.37191210123015,84.2554658787582,48.254351845933044,45.37115930462705
173.18250849659645,90.40524783044202,48.573327435937756,44.9994394488058
171.0053525076225,92.1185101376665,49.102977205328585,44.94764208350232
168.9742443850544,94.07423772256848,49.25761188270047,44.81869004175013
166.3824246268469,94.04212000111049,49.720370890692635,44.65284659374644
162.2234613684502,91.66290666229676,50.46163295970159,44.3606198137323
161.7200341181636,88.63245251656298,49.91696055616862,44.735136274755526
157.72684565610768,85.43796349250573,50.695228101465744,44.66912918111585
153.65763234984607,85.85486630844414,51.67585737741064,44.32613635751426
149.36863726078045,86.92409366015092,52.40014405670157,44.5448982507041
146.08029049244297,87.64414428830972,52.85213227874027,44.95747994249899
144.34843913239135,88.97879091332285,52.739586591479636,45.60333337711933
143.45814676066956,89.65254614067544,52.76405875939219,45.567564632123315
141.68558528892476,89.23926242658449,53.012645257264126,45.5852054779688
140.89302292575775,88.01924448556136,53.19462550480024,45.72478221351541
138.7901825083527,88.0766907898763,53.179697151530476,45.84487883074995
136.4170664674324,87.9700186683945,52.84168831998001,46.05172240814946
134.4288576710747,87.50683979891457,52.80256960440681,46.151117497287075
130.70162200225943,85.94883514114237,53.16843982967161,46.13013936509285
129.10288105134921,84.8862200293867,53.41005992462256,46.220242187252246
