141.5,73.5,27,34
142.05160889688122,72.09236172594872,26.026799606025456,34.842568084433736
142.26212341871147,72.38779113617542,25.404129718019895,35.396866958796906
143.66081230603606,71.33951237699463,24.82391240670383,35.87203651863187
143.9739053471108,72.3795754155454,24.458476350065165,35.89306095422566
144.4679332053556,72.18687205462227,24.204384897968374,35.98041062655906
144.80224598235583,71.61853335982858,24.016895397768522,36.21669631826285
145.40698252360545,71.62405908478136,23.91320148625925,36.21558461808243
145.78292311615493,72.26674577957162,23.7785782538504,36.166844886911036
146.54111731393465,71.81985354500002,23.680768483016347,35.9751978994884
147.67824171537848,71.86862693190102,23.66166451464712,35.87557963494224
146.96984837741644,72.02661007110731,23.76252213535722,35.80191486531397
148.14311293712518,71.64939669212211,23.624275486642915,35.71553889415456
148.90895854303443,71.64950179938334,23.576650403555153,35.63603758926288
149.9769578965918,72.08690103996504,23.51217393231074,35.57181292439893
150.65042181725502,72.11809146196376,23.53115006456373,35.617206636084646
151.05869888494405,72.77783141677725,23.597434714834037,35.50926647178845
152.4582495934568,72.25103350933742,23.553058038790606,35.30585182676823
152.51752947318778,73.15460795956469,23.634751631851493,35.169710082685754
153.62442027773236,72.81469602984772,23.62968212374502,35.125021365062786
155.5981940421239,72.50930435342866,23.617568221136803,35.162190180185
155.87396424823257,71.95607221514501,23.81949393822249,35.02022229732847
157.0861229781368,72.6075132722267,23.718247242955638,34.90366621008161
157.91430863647713,71.77041676663995,23.628698335904787,34.89559858874016
159.26976483886062,72.7747489489731,23.418711710480487,34.85938603014227
161.11479341383168,72.2833145329574,23.148708996268358,34.950971707686065
162.69654381896652,72.65833370309888,22.957046421853754,34.9641757909375
163.21882305209783,72.29949362181542,23.050362797281174,34.888892687131744
165.11507334829253,72.7195285805313,22.880433196407946,34.96552581506817
165.90357072047308,72.02158424140423,22.8823999436316,34.94309467196458
168.25774781204052,73.39962052318468,22.53601666198595,35.26817979272985
168.3047672320555,72.083571680328,22.790626191268313,35.215456826435144
170.1236294050033,73.06161746701112,22.630643802083537,35.36667769394111
170.99743204671756,72.30135105249693,22.761422393548173,35.06383064874005
172.349378093095,72.3525661432877,22.79404248493639,34.979174149410085
173.0038260630216,72.07823176070657,22.966372035653237,34.78162071656286
174.76165566119647,73.51264270837828,22.88561336153555,34.859414278754215
175.06848416796757,72.40060042974156,23.11567428069449,34.92426288174299
175.8310664747068,72.76848171860742,23.31703235131328,34.790319938448846
176.09691893083067,71.88366907540617,23.55368113970337,34.82341945084927
177.00902747902714,72.94061358243474,23.52469180934744,35.22602542618728
177.08219702382544,71.5606284662108,23.775286364760795,35.34819997191333
177.73407648734238,71.55587881993442,23.91894565061756,35.38517562176221
177.41167164305944,71.9921483884776,24.201625144281028,35.64385193782375
177.55476807937785,71.57082108091899,24.410581079408253,35.75766346002257
177.49137705585954,71.3793022972029,24.64039739923484,35.86096215421142
176.79595189930737,72.44474665684386,24.8585749637735,36.2702767678305
176.18530447461862,71.61609243714196,25.14204437179052,36.52341409803476
175.55275465133738,71.40195396147507,25.403115221203315,36.999497006864715
175.01549205099246,71.52639937005628,25.624812694098505,37.29168368432357
173.01383233393327,71.37296181852639,26.03140881011696,37.522662889339244
172.42809586840198,71.85492141770295,26.238245176924742,37.961703991431676
170.72734421688352,71.2640342989393,26.642238762020384,38.374379827889356
168.73089873252064,71.25405398818167,27.046417515322567,38.891671621632476
166.80177687811144,70.94496860251361,27.433648393406703,39.46445746810977
165.29338354524754,70.13154564480507,27.710897343222683,39.888037478146614
163.39047388124462,70.30013356205487,28.016719532251432,40.371803568695846
161.61391485075208,70.26929456998467,28.290293001332813,40.7606480505436
159.84102977720502,70.05542858338298,28.69815278236861,41.2092828976952
157.32742235118536,70.12170584467525,29.091369717232617,41.77459672227863
154.86676785301773,70.09318504395,29.56079968906225,42.31261654443033
154.36341282364546,69.44874003089174,29.7387031686938,42.75091514941955
152.45037904955353,70.2067388704842,30.06546236917565,43.29460484625696
151.1257301463073,69.88784319712433,30.265795818291995,43.91141266276824
148.457587948635,70.64476542237375,30.59108482560563,44.49966548514233
147.26206770114607,69.82367696129779,30.671088972240554,44.980554741927115
144.6318537737996,69.71593331041035,30.89454430419788,45.62050749136624
143.15788877503863,68.76532353264827,31.107627948188988,46.18871255867021
141.29125913287893,69.93012045473262,31.352169438090005,46.596917643715976
139.43384933980835,68.95550704131016,31.645564873764254,46.96122978626525
136.3533657081474,68.97936088245781,32.02046369760252,47.38934955949057
135.77220937666567,68.64091880663769,32.04276385789572,47.706469671614364
133.85004604192414,69.47737250552174,32.1911559933059,48.53000602232038
132.06751136667285,68.02340235224005,32.2633383236974,49.22495032287179
130.23644795708032,68.57391115260165,32.65975860372838,49.90418219858141
125.89075293989585,68.90792659168591,32.90793708261637,50.06319074101759
125.32802187596937,69.40378011706758,33.33289538432798,50.36780722808078
123.52187294851811,67.54186648444474,33.84104556657731,51.12715790793829
121.75397538795848,67.9758966419042,34.29799828619203,51.98463024396693
120.20758728143217,68.11420450819698,34.78456045276638,52.70081069401382
115.29406608758525,69.24611608113746,35.19131189349977,53.08893528487298
115.92750168903963,68.46156853663217,35.38710684449879,53.33955369694262
114.44814912446115,66.94203748254489,35.94292439087681,54.210157104937124
113.42959296002407,65.7427688213456,36.30443166108095,54.923223607862425
112.25518599389346,65.1013400675611,36.66687753323014,55.34564354342904
111.37348500350774,67.32001654213869,36.85750033538221,56.165151804143264
110.17927683081376,65.937850005607,37.24225433297657,56.76561788044147
108.90598131881312,65.19380900318724,37.50064402488558,57.101888404758846
107.85067171925762,64.99071258915694,37.71614403378052,57.25893430939665
107.6479783287887,67.36777315671202,38.091471592586416,57.85706804184021
106.46586603736071,65.97542851176253,38.41551883016649,58.4065948351724
105.66373663910265,67.46803300473748,38.826723427463854,58.74780353377756
104.8988171972762,66.1790195521576,39.22078459924849,59.09980175813594
104.61386375850721,66.5596034743255,40.75978938909802,57.94691147308052
103.71190166370003,66.37974872073084,41.80800941420736,57.27220740414374
103.4665769753035,66.11398209093414,42.58420065324981,56.882902128905116
102.56531870790857,66.14467537609477,43.214709269681805,56.80773932237014
102.07799468488955,66.74592205357209,43.59806338471247,56.68570258190982
102.33946452822609,66.73382545728708,43.9085135763124,56.66993764763684
102.27114420059758,66.47506745086484,44.199827942034844,56.58378359984672
102.63935835151523,66.92845085586325,44.445288172838104,56.77176933997502
102.4737890775777,66.94878918574904,44.682726572547914,56.89221841465188
103.39712933014162,66.25802018652962,44.73299178237064,56.90056338750175
103.61638055285533,66.69157396110104,44.83591343257389,57.05362485805798
103.2774686463763,66.06072579828418,45.01072995278444,57.16482267428468
104.47261027314983,66.26830412321007,44.84351612863496,57.14492018936704
106.03002328921025,66.93939287964723,44.715999790804304,57.244260625597036
106.58188403245968,66.81346902381742,44.69467052003417,57.20211346349451
108.35517647086458,66.99294408994479,44.588037301473285,57.096247722595294
109.41260533428539,67.00088152637059,44.61826896252535,56.95803152982508
112.70997919716599,67.27298381913661,44.516447834359354,56.77307191676046
111.89351553123791,66.6456699061892,44.791107024469,56.5148331264062
114.70812267811819,66.48524896640524,44.60183652114424,56.43489897734101
115.51617016176604,67.01990773882596,44.540539203232086,56.057351807274486
117.64841001804973,67.2006815400156,44.39355407379456,55.66957908692868
118.59578356515138,67.819903432325,44.48381867640677,55.536506539110995
120.3286848008005,68.31302569597926,44.2920175650481,54.86922419837744
123.05784467507189,69.0386218477052,44.03866340793597,54.19045623517364
124.5462856709334,69.63576979999087,44.11954833058064,53.457949193545986
126.19289699753175,69.5541863467368,44.184330962647,52.491786418657625
128.6433588245988,70.57734856756466,43.633047677928154,52.09623550223995
130.08569601171047,70.46804856380504,43.422762189202885,51.38126756857036
131.12081138623762,70.53004181441023,43.25683606375243,50.56541276215371
132.77047741659692,71.04286121111699,42.83273193119544,50.3516674914796
133.49342270398483,70.64464737645788,42.49766129221823,49.928959995583256
134.24387057170856,71.12681154821138,42.30946237130786,49.280770873267684
135.62013085269226,71.80087544031613,41.98035770861721,48.948825630905404
136.9997890931029,71.64405390580576,41.718218351819374,47.99390590619445
138.52966236654365,71.95009695593116,41.321078521093874,47.52115084871022
139.50572691536414,72.60255338436339,40.69325781883863,47.018960863149324
142.74673908114818,72.24683822714401,40.3799475337488,46.410869035177804
143.2566006293655,73.6357084033466,40.12327177484622,46.00421170393655
143.926365977561,72.19950073650922,39.93629165657256,45.48348123797447
144.88693004420122,73.21597877402527,39.69554351005511,45.414050219781345
145.79372786124364,73.24931846525328,39.74746203517287,45.111373249882945
146.78089013637148,73.48748399721767,39.79578534258322,44.7952483101407
147.2725890247978,73.71031015477938,39.70772574341149,44.54703860110877
148.04522310252082,73.28262675899342,39.75124573970655,44.353411924396084
148.86077147811636,73.73140746220217,39.46403691366342,44.390978729953666
149.58942118163114,74.14835816259182,39.574960625415926,44.177989881054245
150.05071336198804,73.76673974191421,39.6451763216365,43.79473769824719
150.06324755623632,73.57203068013419,39.742138981080195,43.39533120394452
150.88665740846025,73.88616911881311,39.79034543591881,43.32969851022238
150.52568163717532,73.63038805756227,39.77908313657357,43.03330107614447
151.0797661807062,74.22926135712359,39.60607373273934,42.88663732652442
151.9337679452855,74.40793102789847,39.45930372408857,42.82885945572164
151.35373606432245,74.29861090605533,39.54756010152368,42.80101291638028
151.74607866835652,74.86709373035501,39.486742309837375,43.03150680337968
152.06233999786923,75.11691392795804,39.498578881807134,43.44780484515863
152.42476430020884,75.61438888738341,39.64370262534109,44.010380680282786
151.86974399265893,75.50251344233027,39.9284321757208,44.514611567785536
151.9125463673159,75.20734472522915,40.21226038238711,44.90067750664552
152.08304118180703,75.21582594748199,40.37509206678607,45.650694100855205
152.4049569536079,76.10755776461951,40.583174273355986,46.24646311161494
151.5938604752011,75.01187759201844,40.826610230200096,46.75913314252419
150.88385604524754,75.35027511728339,40.89236234095411,47.48857271399596
151.75998369786504,76.26156377733228,40.94765150555245,48.00576928725449
150.787134078003,75.23769507744466,41.474087263182746,48.44934613977327
150.03904599992285,75.34423566413312,41.60977798481085,49.40840043869399
149.63626123465826,74.76728901018811,41.74674451231501,50.082367667072376
149.91640139308922,75.12819376522492,41.732367103301456,50.84829748156847
150.40595017030424,74.56071227347277,41.70661919877756,51.331495595382805
150.05046324657494,74.65792879457499,41.752323432970186,51.813315514337134
150.736653407221,74.62516527991369,41.97419307543837,52.04793603330667
149.47828883462353,75.04240057097454,42.0946562370518,51.88688266176386
149.71600719093618,74.93366825563453,42.129119438691205,52.12935131240465
149.26104131631462,74.69928924659956,42.38928361028617,52.15014534765409
149.34382932601943,74.68169406736081,42.53774723845571,52.51218403424515
149.11134677032763,74.02450928987815,42.681743036456226,52.703768378601
149.77393530303988,73.775986729133,42.72817434753469,53.258592663213506
148.87087541772462,74.42324587005123,42.7943006651394,53.18393851139717
148.9304133845855,74.07730046282488,42.93537158772564,53.007075594599115
148.92225254538636,73.43189611962308,42.98393098214309,53.551878686272346
148.16276844451835,73.0228264313196,43.20519150699159,53.78388994722529
149.1101538927076,73.4576155715816,43.16446647853301,54.16872050306605
147.86691564241414,73.34891145147036,43.46297138717046,53.88590176880124
147.08648603343636,73.11575811087326,43.66169889030515,54.23628305599679
147.90765254332604,71.85234973543754,43.931181275417785,54.56908835705441
146.62897256348944,72.09019483154538,44.24968968784977,54.97866649541278
146.17088671161903,70.46223538174854,44.618501686619275,55.402465453295
145.31439764238328,70.88973201967505,44.70798221976698,55.71241611092894
144.66677154193985,70.62841734631357,44.81218114936021,55.90262627082137
144.17621253920254,70.42733591365902,44.95392747362142,55.888333688456655
144.4849578041676,69.1726086112284,45.04683829991154,56.07141090150273
143.89383084584506,68.80840737510204,45.211382365291655,56.37739147133731
143.9181751339904,70.08418105514814,45.372840812202035,55.9456899784021
143.45195341887387,69.09537562086227,45.54515294293937,55.60929904834407
143.68629063220658,69.01373510341395,45.494879966192656,55.24980055891439
143.5063416074177,69.71978270623134,45.33948495403718,54.61475751735736
143.58354962135024,69.35635754767685,45.172929496833845,53.9902316585859
143.6239630118022,71.22091537201644,44.89942898805994,53.48480723495863
143.7758588574833,71.40195744890255,44.627106965890746,52.532610454633826
143.56393045753617,72.67086646227989,44.4025346700399,51.53003105149823
143.6275160879556,72.9418904269352,44.00431843964235,50.83957585664366
143.7357644888508,73.46220963172922,43.65232190714571,50.116420574172764
143.67871713675575,73.58196875184231,43.13004583325203,49.503834388704675
143.84348674779213,73.33732596822202,42.57451019139189,49.27416676371122
144.04012262282734,73.91350089187536,42.06798102572877,48.860055131851006
143.57841173337357,72.61786376069102,41.65763169505535,48.452889128564145
143.81387723705328,73.38350553618213,41.30972586660523,48.150928249472194
144.16947085271084,73.53457938551908,41.10539966634555,47.62178067191494
143.79020475415288,72.5541954932028,40.84273287550066,47.11819346463466
143.6976183629576,73.24596146799345,40.70468239486593,46.90114181786403
143.0447028804973,73.05392158462385,40.51699119258072,46.84125227527325
143.59923024554584,73.17678725352802,40.28874004753613,46.86115478875465
143.1758395862797,71.83588287236662,40.324580504366466,46.51983480313736
143.29541918326558,72.0878924136129,40.27226644906368,46.52075557478985
143.33818804518847,72.75122221700155,40.22816111334478,46.62835097194171
142.60051779488597,72.04546878801722,40.278284343098626,46.681497897010885
142.9861989409668,72.77613531478795,40.065158113463696,46.60460574236471
140.80715896131943,72.02529741808937,40.49359086549828,46.57911111606887
141.51596175828024,74.04027015423169,40.35722740376353,46.63653842363042
139.86379156244394,73.48962751153326,40.433215010325696,46.412147387043944
138.6000541752517,73.10869825777496,40.601215840999835,46.26090916861985
137.96205923341836,72.93770863538195,40.69820892329016,45.99544442508263
135.2599567251208,73.75949769742184,41.11238365118902,45.66423695892372
134.40938958405025,73.4891650085937,41.37383580728488,45.47810934541863
132.0543790512937,73.73944114784626,41.701718620539694,45.27809307360258
130.4373516621613,74.36163294556728,41.68688514463884,45.12304170109909
127.87106907044239,74.15944350731806,42.146081397259984,45.029878762555036
121.0150992911728,72.87273601150153,42.021278554676115,45.579669334022086
120.17610246536132,72.80977099596856,42.06783716963982,46.448111829611335
118.08195584360945,71.53564285975183,41.86422462853663,46.85649316689464
114.3377050855901,71.68616411740706,41.76653687455581,47.61358484977297
112.0470584596834,72.2091190208699,41.84036524065756,48.349150348404514
109.0261368882446,71.65300444339758,41.804717100118395,48.91300800953282
107.77815399891317,71.38699842958681,41.84635481863111,49.59126836285987
105.4221606256034,71.07701068305325,41.845840516208895,50.259865916494135
103.94458661104804,71.47382913369859,42.16733228196819,50.797078781934715
101.63582172994373,71.3929518063614,42.60027647288776,50.95255610964897
99.03653697181349,67.96314340009363,42.75381301109037,51.766379865696486
98.63470013947753,69.29505107498696,42.691824637436,52.683216037592544
97.90936053928614,68.87853052754667,42.87048719334094,53.12440213102356
96.85098712378874,68.7366032528508,43.07258298807323,53.291212239013326
96.3037503953905,68.73806237873498,43.049890402541834,53.69750425192773
95.5975823632267,68.46106328278485,43.10053427669915,54.03490803090514
94.74456580875622,68.91089371670284,42.96615250393386,54.329013280165086
93.64260150536589,66.5948296949912,43.01580307078228,54.44951603367139
93.18997029784909,67.47090182542092,42.93942478929031,55.03379874615483
92.7985593310562,68.4534680801014,42.85706342905667,55.41295577803841
92.72987413369569,68.62575495866604,42.795956928087705,55.4906651339119
92.6507702292409,68.80916275826468,42.75566320968787,55.546185070002466
92.48543824283153,68.26747127781876,42.6691870860806,55.58464675194077
91.85993150958596,68.40572689253284,42.61213919125888,55.700347049144916
92.07463784526702,68.89005406241822,42.5839803393624,55.83676210825417
92.50194149321004,68.54020508283566,42.584844594894655,55.83537897029329
91.94209017355756,69.66713708347436,42.39149040760814,55.89040698065833
92.81415582248542,69.51543324022255,42.3107144602468,55.60290304034615
93.31502621277593,70.00819648321239,42.159562895421246,55.487872827407244
92.84059198773807,71.05582686787076,42.01411104825574,55.43756492750577
94.0886373663216,71.67199402265811,41.68969978785382,55.215767884662355
94.77941046448072,72.14590926606787,41.55265279807854,55.098186886196544
94.26138025681519,73.0871415896604,41.423994108642766,54.87265733479855
94.89553573581709,73.37658516454105,41.32689951931419,54.81073044828949
94.11691019476444,73.93381485966465,41.22543237307933,54.69805621715333
94.91089754102944,74.23334592133102,41.15588254913301,54.452013599559805
93.79895992661008,74.52913704422055,41.095214025301466,54.26595304462622
93.3343881613151,74.70115333461194,40.98843228676452,54.15719187299737
91.9912194091323,74.50063152037757,40.91088834619909,53.92538670223745
90.54253026259477,74.78873581790214,40.97276687578541,53.821086318896384
87.30806617598833,75.42989707608456,40.855080917070794,53.28811435032208
87.71571275787683,75.10314713126083,40.69070468730715,53.2297456558135
86.05773028981449,75.12583580757855,40.824651820239694,53.12509219920466
84.82587213941612,74.99179536714212,40.86276616180792,52.995051842322724
82.26052697644874,75.09640171367883,40.991766576853976,52.55804325033493
80.9840975391941,75.2258410942308,41.06149881104347,52.515096158108605
79.36160056828709,75.00984561610902,41.22787684900311,52.356873517531334
76.90078337543719,74.71510121587826,41.0408119129561,51.994045378162056
74.06772300124027,75.31033369361242,40.93737518530623,51.64067985563901
72.52349926175194,74.63882335354157,41.07898666956244,51.48515310097388
66.07733489709763,74.82679932519648,40.915983215033144,51.75114836749914
66.75205915445794,74.86261290610615,40.76418346396915,51.951240482584836
63.10702387819299,75.95910887578984,40.67146774254274,51.616584991886896
61.53714258709936,75.08950344587223,40.94167461298379,51.34348606206454
57.37579752952536,75.06913737851728,40.862141141095655,51.292144420946535
53.90014130130939,75.47583642573613,40.77323381374464,51.18295994574099
50.54156670134965,75.22576256048103,40.80448614018999,51.00763464186936
48.49069817617581,75.60189433578708,41.098273885956985,51.085721430669935
44.283882187991,75.60218469733753,40.98413868093014,51.10176481738856
40.88862300124288,75.55875917487187,40.84201077985973,51.06374966729683
35.59152191804011,74.55029665685635,41.006690431921996,51.178413446156256
35.73802342173065,74.95989710334088,40.96162645983735,51.56061760155754
33.11986095172091,75.23467139443497,40.91555556016567,51.334877003959875
30.78166721543982,75.30237904589566,41.31337714909137,51.20746007160398
28.498690403668526,75.3159360625132,41.720938820119315,51.118632953790396
25.777237935050945,75.8590776386629,41.62342990084813,51.036391234825345
24.23238605762485,75.37701586633501,41.758077942046754,51.24181047478597
21.493629864311366,76.08295779175907,41.591987003783586,51.2024507662032
20.03229074079221,75.57951450785794,41.81740201000769,51.329740385381804
18.108091359965382,75.73745762288195,41.938691577859466,51.499817261489184
14.328944535052479,76.65011703126257,41.86183622561008,51.6442332326689
14.344160931787457,76.17917262647185,42.05892114127613,51.75519598157378
12.712673117085455,75.2171013737117,42.339843490803425,51.89652887195887
10.811305499165748,75.40809566446744,42.4001418408091,52.36805001458757
8.903228091895663,74.92062260627316,42.5003094498439,52.615453253778874
8.123217688546635,74.66671649481204,42.4557120648229,53.09856591167792
7.11578990850747,74.15866365830232,42.529369037483626,53.25079583797037
6.057317261894816,74.35238799893462,42.57656783641572,53.610168142976676
5.58080614566115,74.03836832774195,42.598373352116695,53.91949656216711
4.4017660401669545,73.66637256310108,42.69064760340355,54.17198503158484
3.469957025965037,73.73034666535793,42.56359673894697,54.61177392957967
3.357424363568832,73.13298254996147,42.311205672881684,54.96753304893002
2.8193724487285827,72.43589629153092,42.31167740722527,55.083109760622975
3.148772597790842,72.47225596949991,42.33927835707896,55.26265460632605
2.4842131727984906,72.35496057071043,42.42077006797217,55.33790055193437
3.256697976152868,71.95697318301954,42.368341059179066,55.33160169622025
2.2581856054055294,72.60826498299843,42.443946418578406,55.46724241190576
2.761983057830541,72.01762050419839,42.45430395589757,55.41722720080469
3.2087729231186835,72.49854363999262,42.340518977919096,55.61083651851068
2.4503742689919292,72.35378689823733,42.609296114053464,55.57147294041579
2.900533650248441,72.28583984489526,42.457144091481084,55.682617158992755
3.3298991823964883,72.23992539500583,42.34619865502694,55.74970877704681
2.5741391050213522,72.47051272243004,42.46494923465819,55.685036825626625
3.278968923075851,72.21007588007544,42.37775811776001,55.54129529646487
3.663357924687169,72.29562189473366,42.53180408008684,55.595038513949795
3.764007010107438,71.95779555387307,42.57315550915609,55.57311270589052
4.614207065214746,71.84009165654258,42.573841085625126,55.559882138859074
4.886298100224899,71.68105508194725,42.64472047753033,55.569734782335345
5.886495319252063,72.42458445435258,42.626042910737596,55.616504176829764
6.899458458829464,72.36004154119198,42.76529397685867,55.59475110651879
9.563859950777527,72.9763623050608,42.636825065075584,55.404673851661705
9.69381524964912,72.74452500942078,42.85392134976152,55.39714717212301
10.930636040644451,73.88553869150691,42.87795923974046,55.21757351659946
13.196859289598219,74.93280019315061,42.88380705717106,55.02734858040495
15.516072507893611,75.10842050716907,42.95292828522261,54.809214616191156
18.589442839762178,76.54799690295309,42.88937758577991,54.463110931221024
21.162544843251162,77.97758979225641,42.900893190923526,54.00104157526758
24.242054675734302,79.88729566331807,42.683704637865205,53.88935869590671
27.38522543518409,81.99400709412745,42.476295881111625,53.74308165872031
30.579025649558226,83.9307052925772,42.27008192315803,53.6107572012892
38.60329512905366,87.89781131307424,42.16258967894987,53.323966043473824
39.17145944208533,88.42253841400186,42.05681868533283,53.49548020728784
41.84915247697056,90.69162170548617,41.9825042784652,53.39657601445596
44.95003072741603,93.65161565104495,42.06201732789775,53.377015941636735
47.882226618034615,95.94703832989231,42.309969811644706,53.177819830157816
51.20014094443737,97.87347082106552,42.29309581734749,53.02348695230358
54.16910554800357,100.49496497549273,42.22318809840479,52.939443250230184
57.54773001137943,102.82587256406917,42.18846476827172,53.0750438064147
59.65506362264702,105.25603500420219,42.20154403240036,52.841578591065655
62.36864481770488,107.31134392926097,41.986779694500214,52.83027638425864
67.55223031768149,110.5735739785492,41.96211701058703,52.78362285382792
67.74271330658365,111.66185110737564,41.87943490777127,52.83713847189221
70.04283887680018,113.0529965242256,41.86468829919859,52.58550230700027
72.23411922038534,114.72919396813029,41.77597040453922,52.336373896775754
74.06947089807015,115.81985073924973,41.65985226759917,52.10433942443737
76.0817054635113,117.41033188886507,41.614130981412934,51.98511084789345
78.15877275193827,118.64016385264554,41.64276093474085,51.824822215971565
79.7298608076539,119.59586097679588,41.59686396759671,51.78108920538756
80.6060398055454,121.27325448500855,41.65884155645423,51.76346015366863
83.04725948560444,122.04460373677978,41.58877631132636,51.76415967277785
85.31605857440059,122.73280908897647,41.56813064838253,51.78400303103705
85.41221796769142,122.59010770684881,41.54278570597141,51.72555771584938
86.98784466950966,123.67521195253394,41.51471579118076,51.742628210456296
88.06646780761545,123.56486841154859,41.474249080780325,51.699349089691104
89.74437295993957,124.61827415518982,41.475355203744414,51.736997565253475
92.08103272232098,125.28866235034391,41.515784610866355,51.56735290502496
92.6226275900843,125.669041698543,41.45813701534673,51.52055229321007
94.12286399964862,126.12262746439583,41.52425474377975,51.36965677297138
96.32466619841381,126.9258768195237,41.34433894869687,51.212354520578515
98.09199480436257,127.73314377586732,41.30027469334233,51.12099227117556
99.77654917251395,128.62200067883956,41.366252684181894,51.06126409526648
100.14020424896094,128.56391373706555,41.57824205511831,51.18291713206018
101.6867504264475,128.16863551427596,41.57276328275627,51.28709313168216
102.13393515871621,128.29897745020685,41.56993988879457,51.49230580666109
103.0534938137664,127.71373249793811,41.582742944981455,51.497725535073975
103.65858240273519,127.20387849247366,41.5871761052549,51.72848667901374
104.57937098030155,125.2749013224522,41.710270681117365,51.91712210464323
104.14715840490686,123.51436683448735,41.90121943391556,52.48318471956524
104.5900899780846,122.11338020080088,41.867723450264556,52.87535769587677
104.82433683836376,121.19756973009663,41.90898820214887,53.29534931809428
105.00148455489426,117.90891791832252,41.894967430867254,53.599112921653514
104.93127906466572,118.3301430168018,41.988291073502644,53.84603452511762
106.18255447725092,117.75186484734512,42.12121802962801,53.57027968677724
105.81252436252734,116.97150332923101,42.08000489405442,53.620449243810825
107.21162241799189,117.09197394405484,42.11272781045382,53.471742081782
107.4318020027462,115.97321953079557,42.211425716922534,53.475270491048946
108.48630301891497,115.3181348409043,42.266574161040666,53.254231117245666
109.43085993110294,113.80578231295912,42.32015833852628,53.22256877582769
110.45576605491352,112.83656510392893,42.39483134519284,53.25440701011122
111.42729020036606,111.69979130626571,42.51002823632512,53.35221484027041
112.94918765514615,111.01681600729957,42.741119934888715,53.335983793763006
113.22897778957301,110.33349358757229,43.140437673904735,53.55294456167671
113.98906650589637,109.86281674559984,43.304093363511406,53.892684068394615
114.24025584774158,109.1600555497356,43.60667671881484,54.108228575830495
114.81030422624806,108.59183431747846,43.93653266432416,54.26335858659797
115.25297844892378,107.71705901783002,44.18191055640558,54.41547216177831
115.38669543354234,107.60826277535125,44.41543061911271,54.818878476038655
115.49435858032632,106.34359767659723,44.774633079302234,54.61197686965268
115.49444229533142,105.57737293788398,44.949242456719446,54.688620210947875
115.43476583301637,105.68306186229498,45.211879121035565,54.623772334679124
114.91476355405717,105.5195622929283,45.56586556963237,54.2859387621927
115.20671550848579,105.3289194956186,45.577306025418224,54.186712095421385
115.6317432005637,104.98273399725339,45.52433246937978,53.86049919837589
116.26535407450744,104.84065149305124,45.55191946687651,53.35159108904718
116.9764132366494,105.01106097508959,45.61859988011852,52.95180032878571
117.61938500463451,104.43922634572505,45.60872169372718,52.472610824773724
119.10197444051647,103.89663871435042,45.5327320652799,51.752179126272665
120.39445399741604,103.45792113210594,45.47989365613166,50.95937710719076
120.69830567410762,104.71388618528071,45.44168103351097,50.220829664568015
122.94389573832447,105.43831918904257,45.43999952034214,49.437828184269776
125.03349825354911,104.09604687934724,45.19143328002349,48.66426247117144
126.40131079872987,103.91931062462204,45.049483087809556,48.406637108364606
128.51463814596065,103.8378481681615,44.90567074335408,47.956108573466935
131.17325909423832,104.50512809518693,45.02190148016059,47.19334996462861
134.18841423611687,104.95325843035582,45.222607355461086,46.01391269335778
137.40633922978174,105.10693433470013,45.12228621868675,45.064972733214226
140.78486059674486,99.98236874445385,45.11479668834331,44.93043119947338
144.1067404595385,101.02682508995757,45.26087193895228,44.47990475800819
147.09289443120988,101.87612301806296,45.45773771310831,43.7127773885833
150.04235461302414,102.08714193859053,45.32797762017074,43.044524934209704
158.0343264177346,100.94275861227682,44.84501629529571,42.49273687263425
158.11837669480096,99.79011842773684,44.876877433257796,42.21135971760533
159.7150671877767,98.19307746914241,44.846924992304466,41.812345855375234
161.72269582475442,96.84937461189196,44.87084847396427,41.48587727750247
164.35990968833977,95.08696216959078,44.6997499284647,41.39461997063758
166.61758029713417,94.36167508500398,44.53838162271062,41.59589973959599
168.56513373822492,94.2420631513738,44.29677243645199,41.60460154050163
171.85735580071196,93.82371724134268,43.88915002015708,41.32224738773975
172.92456197950298,94.1451470853271,43.661717223427104,41.35202844064236
174.83830831653233,94.14155093148005,43.25769623859264,41.201985572965256
176.52689866050764,94.30456803983634,42.765454982786196,40.872679157413586
178.12237127339648,94.69988028183747,42.15358104034895,40.571463434674214
178.37204059896834,95.57036532045424,41.5826730284126,40.11648109223529
178.84161553778708,95.53147405214834,40.99898170838087,39.65071266067694
179.16088156921612,95.07018800539453,40.234979007247645,39.099323043254685
179.08021405151334,94.66292807595241,39.74896027430453,38.57441638465236
177.62665475147975,94.38540632872764,39.36226159264869,38.0702213260547
176.74590459375295,94.58082710074169,39.04190231947922,37.80603337878546
175.54505824044378,93.88402608047386,38.815186594090704,37.59528151459699
174.5302081795202,93.7117906477147,38.519170697261146,37.349303642970845
172.85174938554653,93.31012016794432,38.19765152907446,37.17353912994692
171.96438402857956,93.41174427069637,37.874937947125204,36.95360794572331
170.5150540804829,94.63034311633928,37.83488858428529,36.50562002559384
170.18787186541786,94.16387063320298,37.53975227484094,36.21151528350002
169.10117865291423,93.92531783489837,37.31101357968525,35.791144266587686
167.25866913623727,93.93207175918162,37.378589528322365,35.8068810160224
166.72513475467295,93.71691410427147,37.21657630311636,35.68777888971981
166.22642463372796,93.48959200488261,37.2633232628599,35.45974045509756
166.15312244368857,92.46518808571304,37.28395833730416,35.4753647187602
166.30879660877318,92.23353154842327,37.388365338651205,35.385120397404684
167.38240577336109,92.18928157250778,37.45194312725798,35.164629960127
167.41316725955843,92.32104100386812,37.5803970109758,34.881474876176284
169.31939865094373,91.35347558925103,37.14645805480434,34.85136427322052
171.05984305353,90.42655832641398,36.6913694777507,34.81635275912258
172.76708056278994,89.91232551483965,36.345356115801195,34.80704429627272
175.17040331195608,88.91119798204491,35.82349302713689,34.58728493467714
177.26676381675946,88.91435104369141,35.37885799317713,34.22582966148943
180.60845619890495,88.31075282892985,34.449491058781184,34.02841045037228
182.98000454487894,87.92958340408829,33.91206710776947,33.521550524763974
185.5914369223102,86.98347915092222,33.4099550689714,33.0932355306536
189.33291428722302,86.27154371632459,32.97978621255884,32.461759672477655
190.83236652906487,86.12394248977675,33.15326861356451,32.06394023207205
194.10448748167858,86.23362456298028,32.5668576142514,31.826019589536536
197.02379083027344,86.47358805645672,32.26252549515611,31.4021357655256
199.04087416513985,86.4661844840126,31.937843879439402,30.941416845779507
201.07646053042518,86.64467183439635,31.91678387317295,30.568407895795712
203.12758696330806,85.71006032854388,31.811654010413186,30.28008915563908
205.23727020980093,85.43257189022891,31.764215923189163,30.13904530987977
207.54160051770305,85.94205467471082,31.799724637981875,29.94460122290679
209.70429609212698,85.84361014317665,31.85616418142523,29.735436146837863
214.64001022087314,85.91357111779529,31.954329925702922,29.70669715548823
215.1722579644931,86.06717365448363,32.223991070886456,29.74497529577466
216.49197538129343,86.02516450298052,32.1999648962671,29.65104992207073
218.4991356650329,85.433363347484,31.93855470438328,29.62772576802928
220.7625923964509,84.90058893797166,31.666015268799406,29.397205918688478
222.72963083811365,84.28013503978349,31.347342276083666,29.1498660820845
228.25742551760123,84.01936161493538,31.15093622857092,28.986710475783237
230.50259702961935,83.20107009026302,30.788380317724396,28.987876063732713
233.10433035434613,82.05592527814784,30.517056879635582,29.023555864736117
235.1786354202611,81.68090659169222,30.42981044485764,28.908868959197353
238.34175720251937,80.35754335489806,30.09080290329027,28.895692860153844
240.38072994887804,79.45155247892572,29.79400155272385,28.889601577812016
242.14400817700243,78.48255596045401,29.357216367226982,28.83829460216693
244.2344896911566,76.98986791320954,29.08240487204552,28.78262908403075
246.23226427604774,75.770206959088,28.805344157081922,28.730729802774924
247.40073084922557,75.09680766581748,28.665863794310912,28.828496130328546
247.51686890084335,74.19877447472508,28.761354526764904,28.915795575257476
248.41399856723572,74.52772999753779,28.806577501414203,28.99039253334375
249.37572095762732,73.80986758215857,28.81328537527883,29.049379411869843
249.57647587208373,74.04804898631316,28.963718371683427,29.277497311206073
248.32842114348324,74.31545288254476,29.368218112468977,29.556361763291687
247.79813005327233,74.25423146447443,29.663528629225006,29.700421991510375
246.69476873119103,74.6536504085631,30.029096101993275,29.9255616214147
246.93735649054864,74.39448809364761,30.091384119540564,30.181259454284863
245.05886452315696,75.58415713896599,30.474926358156956,30.539098258789693
244.53958262024264,74.84636383798713,30.513760947886823,30.678205196898553
242.56821804051816,75.88682052406108,30.85445935324639,31.10883962862944
241.89087916492736,74.76996577742662,30.956040881550503,31.1716533070027
240.21756025814156,76.87610969703955,31.133841147819837,31.60985479806859
239.25936846635423,76.37737865073859,31.14253194136309,31.945498267127725
235.9149130824516,78.13242669776909,31.6048635198678,32.50029637243806
235.28988719814774,78.11962797170943,31.495895174530517,32.74550861344727
234.5085311335648,78.15131958112235,31.24906786640242,32.99994630126054
232.75585516549654,77.1413307231867,31.292777060381944,33.09969040983966
231.6491458217287,78.19288263900444,31.307289803093397,33.69842459471418
230.09251718624338,78.10451813528383,31.38253051637054,33.85835228772698
227.64660009299303,79.39674158889125,31.88049005763809,34.09103475406255
226.1463926289225,79.05939025166262,31.810324026459046,34.34981475696331
224.6881129992991,80.45809752321898,31.894672983352976,34.625500542296024
222.92235791343168,79.86998059338963,31.92498748591361,34.782059623970135
219.9015498097832,81.33371947991068,32.61301082059093,35.065673130911534
218.8000788926838,81.69635073608706,32.49874651045684,35.481496124044334
217.13487534051328,80.36205805294894,32.49755867079767,35.744897221369136
216.16422361122545,81.37188535054085,32.60501627556777,36.12600494575014
213.93903750534963,81.25113946070215,32.89474920127818,36.53556029151622
212.7119228054718,80.25901280588826,32.81681259685293,36.922725741036565
210.06269157796007,81.05431027518628,33.422880795284605,37.26965977029788
209.08598532769665,81.06246021053443,33.31269060988306,37.483599588951726
207.72162043818093,80.51161703450029,33.24120156834259,37.76296691025829
205.95814377354358,79.31370880679209,33.25313786499404,37.78584330219812
203.30619299493335,79.16894766334504,33.60905711096569,37.985084191987966
202.9403780553343,78.2868453244329,33.42988546027948,38.17634303660607
202.66179562065412,78.50598419825482,33.46050295729867,38.385884390772674
201.27083583447364,78.57295029824067,33.55237240453756,38.367979039355575
200.12028738010454,78.85309666010643,33.768229902875376,38.48948328360732
199.8250593887657,78.7985498408026,33.69838569033591,38.666522424913396
199.13800150590293,78.29606637312838,33.897671973029205,38.57030928366272
199.09246647118536,78.08704466911072,33.89022062359489,38.61569130973811
198.23204426563706,77.70002304541211,34.09161508542698,38.63428895757937
198.3942386419131,77.32188844841733,33.97898940190852,38.79128560241658
198.7599098584484,77.13893001702434,34.02946219968433,38.819849474098405
199.12811370996366,76.95356410276031,34.075723683245855,38.852859835608356
198.39944865455735,76.36259032533867,34.42351690784331,38.75791079449672
198.83804536889843,76.1628386297696,34.39845520351873,38.97324687503938
199.75520316347627,75.98317788175598,34.30334807421718,39.20256178952173
200.50731704089793,76.46503565703821,34.30459893990305,39.239686664448584
200.60189673056706,75.93761391045473,34.43128344074129,39.32292247252644
201.48159886052903,76.54083409646452,34.5363843525932,39.43171235086545
201.78240155140617,76.2718005633627,34.55307487881319,39.304967448265664
201.73813707609585,76.90493262607356,34.69872111277807,39.295844436125215
203.34990450883697,76.28706116471233,34.38964452213715,39.26918363226993
203.58876704738068,76.65479387220162,34.43772992516748,39.14891617385335
204.39975454289788,75.76281028029089,34.192587657750636,39.13710055318569
205.42135610394322,76.05486362250447,34.3241866005556,38.90483892457709
205.56934164449834,75.52161947481974,34.45942290808481,38.8523433551623
206.47991410181587,76.17822880358521,34.642625556239686,38.639828175490855
206.689027924539,76.68032023697377,34.871238721569185,38.38497946522696
