177.5,51.5,21,129
175.1335445743249,52.66951161811827,22.34180829893623,126.67540371040347
174.9474446121782,52.123923348019595,23.046751569920804,126.94550165210153
174.39632583439163,52.2194834997715,24.02375595212359,126.81446959938378
173.8705061603569,52.18024144440375,24.65203066091079,126.48739399151043
174.01679673924843,51.83873709737287,24.924870547954217,127.73161462919859
173.46824555636084,50.7850746145952,24.8987662982814,128.63073270274037
173.43997152167046,49.670301612041754,25.111153170119053,129.38183711181608
172.99263056341303,49.11815136483004,25.25018623523927,130.19023559246082
172.81576904966178,47.78446954077995,25.41478107246276,131.06535349490213
172.59333999610547,46.58711250573431,25.61261750446552,131.8493739910417
172.2675478083814,45.20322661955929,25.49684906047088,132.85824619388032
172.39360183462327,45.16789973484575,25.61056216091265,133.40217911164763
171.6123006611494,43.93831139776317,25.90145566176816,134.14749074408
172.15678805267189,43.3029758907775,26.14250977028659,134.05348838196795
172.0302489540045,43.37443317541155,26.05349792717605,133.76310469446236
171.12064741213382,41.74542140012578,25.978332839225533,134.37504250589816
171.23352965019063,41.99537390788221,26.174442022007383,134.62823621665788
171.0729211305011,41.77417481667493,26.274786763503414,134.24655941547564
171.00825023397945,42.739319730289196,26.412824348022188,133.2852301714571
170.54042277604512,43.19274625094647,26.45493202697146,132.61955850373874
169.9582255263659,43.137497974195156,26.59609406630791,131.3676461808223
170.1516860675129,45.464031237531685,26.607006480346065,129.96411736052437
169.79079377089587,46.58334070293199,26.93288203241385,128.5373783029995
169.37518557461078,49.07620486690041,27.054925282074024,127.27054397988445
168.33241387266975,53.33376315068588,27.094145386548107,125.50711112431912
167.94247215611136,55.13554901769602,27.241386967762875,123.72511610481453
166.86500243537955,58.022179269513785,27.320117579346764,122.25330442320049
166.89206506794523,60.313353025563075,27.276325600813713,121.81029158975181
166.99411454152937,60.6859769658799,27.089521837259305,121.48174544318417
165.79560419284627,63.38530613532065,26.945342850482454,120.52309192989472
165.77267493045355,62.62095436502409,27.081626665435266,120.98118280149674
164.61859877970267,63.07105162351117,27.334419126543963,119.67031344431072
163.90970106014544,63.67130296519642,27.455370321655078,118.99056766125074
162.7128190921631,64.19616776549552,27.617595723455313,118.59991051939657
162.61953517550413,63.71347207561641,28.219224911410453,118.05117273732009
163.50062646158364,66.72153306503728,28.608178022311115,117.61798180019588
163.3138677254664,68.69326690878506,29.00482649256097,116.06264096282848
163.09195834124014,68.91696111562294,29.63654127427339,116.01341938446082
163.71661702651002,72.01119722805339,30.20903689106118,115.27782897264922
163.09703481970698,72.56656739876362,30.972930347912627,114.47529104693346
162.78732483203862,76.52982128876941,31.793600786973478,113.70528742112722
162.81290411970534,73.78052371127654,33.26376601172702,114.20694291699432
162.71218103478847,73.8691585317031,35.080752566807014,113.28902745027831
161.1848978076013,72.68821140339865,36.71444478316716,112.19217145893188
159.6283232925728,75.04044570007667,37.91197777776274,111.3198476028195
159.82988374835082,72.7587766012647,38.72802326425505,110.08366864574984
158.3053829943157,77.24968845076391,39.87588145987111,108.65045849503022
157.7840871832201,80.4486750331766,39.2171597056356,109.63520580063332
162.19332981321483,81.72960391550635,41.72691770126138,106.89280516461781
159.94970585582644,80.50993871806628,42.48214094639091,105.53095781940088
158.2046320448041,83.69494350052636,43.65477629464712,105.91745374383011
156.2586154535112,84.76068407223224,43.98951749267482,107.03252077623011
155.8287142650841,90.96002741327695,44.23570966149454,106.67936727437751
154.18522273140857,92.39822701658335,44.432788420526514,107.09887628042647
153.0585769711701,93.5887207894672,44.4264740564514,107.8125950315795
153.81986592047835,92.32442590060596,43.88748205194275,108.69146545181147
154.02839164378443,92.49091232437932,44.46855139009011,108.56486423946333
154.5004800795191,91.45274213572021,44.80209616206868,109.05152895187982
156.0908483501261,90.95956273447447,44.5570941312764,110.6112598799969
156.6901361379737,87.35778086687823,44.86175687593189,111.47302530967792
157.823974845049,87.80306905021942,44.2678990037124,112.47743151936578
158.80250766887227,86.762000600536,43.64239730565085,113.66535849737262
158.28179630342783,86.21681634784706,43.93417545903653,113.83040125144586
158.3908514737572,85.23643736744918,43.95153159863286,113.77622610295816
159.5191176615594,85.01588287396173,43.10570061710962,114.4642741083018
159.70366027347868,83.66216138749914,42.21868506442507,113.93788519875017
160.98936823166702,82.49141917661427,41.269490021881126,114.67957404060961
160.9010393317755,81.52530924041275,40.84181394410061,114.8257986680328
162.2718335506851,80.8374152522295,38.64076787040193,116.96039382671131
161.4516724029281,82.72855460686883,37.137031223121156,118.8267953275462
161.28137066538997,77.51214217783256,36.68991872672751,119.3714756925157
167.49529935132074,75.13293439992343,37.18260597919459,118.2357862907534
165.9425846062875,73.56796999552354,37.33044679662311,117.66444165823847
157.78957610482573,75.2928825912864,36.87766901500079,118.89476268405896
165.1092074817497,74.80107498283768,36.88766868943648,117.62133954608274
158.09694221578806,71.23216124294115,36.674843989121044,117.84774143536065
158.5214524259359,74.41472760535059,36.48909475756129,116.59743157507424
159.05535178897355,71.57308223588205,36.71693924189709,114.88922994722054
158.9883522364684,72.30969821562239,36.90797150202085,112.83491135215027
158.64517043508135,70.05172901892414,37.25335168418454,110.9564882495751
158.20731394666512,67.76370240149691,36.550742608061334,110.20103904683798
158.5593510434976,65.06597520281471,36.223944775385036,109.44896431898877
157.92871890618062,63.427362315925514,35.806339444954546,107.9718785311827
157.8690487059507,60.32337223131014,35.64746649344948,106.29759265579675
165.9449335296973,59.713812744940036,40.104558769174034,100.85656253109433
172.38617783757658,58.9178937585612,44.20766776388913,96.33651161835395
169.19788771445516,58.417267547108295,48.32583636424267,93.81809784634399
163.86900463252195,56.796061371524736,51.54974556399775,92.49930194937268
161.68697717485276,57.390408668038404,52.83272290365257,92.61854354790418
158.95080457302646,58.90469051239735,52.81338033264695,93.37894770701038
166.25379575365372,49.762470026892004,51.97276738667561,93.4964327301451
166.37921856844633,46.75034713331708,51.221896425116384,94.41306972212894
154.61932826975098,45.8949347124485,55.68353340678443,89.98853003139538
150.93410392291946,45.33360998781674,59.84220751281624,85.2789942122568
150.37808289222878,47.494935001394225,63.226063920511066,81.03552730910764
147.65626817157266,43.47387259464904,66.54831827789997,76.99961772165807
145.94856801287287,48.85725864003983,69.66208866456492,73.05104764961428
141.87622806854876,53.337406099038986,74.6542943882504,67.66761888151831
145.29127392886696,50.04608650705488,75.43380035056684,66.5338583958393
143.37071264592907,49.04685673956048,78.68586237147497,64.13673668540574
143.14390858670808,45.77703901604984,80.8280506452896,64.12188061249904
149.84780834270293,41.421491951588635,79.87049699053865,67.14002306219172
150.2281569610804,40.8780403039008,79.05575068285916,69.34105041724452
151.2438788004535,46.023552678395866,78.42772006144025,70.48431083213377
153.78749592949242,40.506323044439824,73.59913425850537,74.77186334269112
157.30110989996382,44.04869595916527,68.56126152405218,78.64271348339403
157.7691842194996,35.39086892883748,69.83371984336989,77.51001663767755
154.97541071343656,36.834057849828845,71.52197462488989,76.03500501998376
154.3546278738719,39.39391002252533,74.2597401502869,74.84434778228731
153.9290592600692,46.42116533639514,77.15754400005412,73.51322964111996
160.45650777011306,44.19359431525991,79.61111751524477,71.78798657062798
157.97404741190593,45.000096082744015,81.57090245704663,70.17171076417749
156.59361882260356,50.06661298356012,83.39971995755457,68.40955804317272
160.7302750888672,51.40885132820518,86.6289174958281,64.61584821293717
158.54313587299617,52.79978764088745,89.33527462286736,60.282450710024406
151.15352973610092,57.525466907699304,88.10536786284437,60.41254740711359
152.79491757478243,61.50979226039851,87.55714957569437,60.76090281286019
152.03921676197638,58.448331310428784,86.50123228498572,62.17825401501523
151.76062899516745,56.16454262470958,85.69149926834109,64.17020596683693
150.56689715849433,54.21681275332027,83.9001041846683,65.50959085190377
149.34899648318793,53.567968304450396,80.72700880295073,68.57674746109218
147.67372593720654,50.4758818311717,77.76475759373554,72.82247841584355
142.33725696989052,40.52930842780071,76.39152052531585,74.53629248943123
145.45185939663355,40.4479863592111,74.85230190077263,76.8307103368613
147.53666780707624,39.500280908422646,74.51380366356648,78.0293445503393
149.44057475458874,36.97557202026837,73.64381449464622,79.68599775831899
143.00888488442115,38.93080863242292,74.80125875677095,77.96391812684438
142.1439687955594,37.12698264574361,75.13606556198924,76.9576990026383
137.34567716541952,37.80939893082786,76.66723153253515,74.27353371362061
134.6386607232975,40.887757827495825,79.74887887677065,71.40032732050746
130.24660452105127,45.22910279374643,84.80900203298737,65.24282678772549
143.54347766270757,47.9136522339346,88.0273227815351,61.45377956788686
137.34211973576,50.089965122500594,90.60761756151665,58.68858987073382
140.6388605478288,52.30762717287721,92.51802025286973,56.41374579241101
133.43726422272684,40.991313644385926,89.84564184289303,59.78160424892971
142.45820446142105,37.37787551272913,86.08370006331955,64.6814746490536
142.02918345507823,33.84536588471205,83.75611318501397,68.64710506727343
145.5824360232338,31.227970921057924,80.17559972694073,72.97128938516472
151.04235983685993,24.539237222505548,72.8678357731657,80.90889786884784
152.87795225714402,33.61550043212061,73.22213883237775,79.41546149173197
151.3748437637283,34.30336814904719,73.54829185627277,78.2729740979589
152.32107174531484,33.60285683492454,68.24583795303623,82.56991271131162
153.1513857429517,37.09086554970398,66.33462958733632,84.8624423398582
157.16112264521294,38.30428420076411,68.49619273197156,82.44224619564072
154.0060764547949,38.959531755443294,70.80080673069706,80.84560837941132
154.89877307170926,40.45778887098905,73.96325657166693,77.58984979574069
153.84225049536008,42.77912560507782,76.99153581326297,74.89238058552823
156.7203153663736,49.31693339150821,77.83691564231142,72.81322401993064
152.91417901413314,48.765491941546266,79.12771427147491,70.62860558471048
154.8174825307546,51.011091664414174,79.31306347221025,68.26014593084479
154.07029202005006,59.28527354154396,81.33047721847667,66.49549074897291
152.1982581151658,64.61959517876178,81.21701514962885,66.38653985734977
153.92982536378773,61.86083509911349,82.31573453803567,65.75755895234582
150.84927840948765,61.5101571018682,82.04144274259528,66.18787000708
151.43030997621494,60.37265752560151,81.89250395587379,67.38048803034854
150.33629785831323,59.3079173566724,80.97759144698728,69.0236385444744
144.80051659227047,56.97795665141535,79.32428138996148,71.15811258636667
150.56339205352435,62.47314983548762,72.3937953791053,77.87873238277291
155.2898273982321,59.72816259623778,67.3896022295153,83.31869570328308
162.2790705248179,78.48261398019264,64.92360529519131,86.48084396076398
159.56158317200803,65.96948816352801,62.60898817341847,88.86512591330712
161.5352077160758,64.73280513873692,64.62452337559664,86.50919823501452
155.43104660969692,62.060558422870145,67.13637151303706,83.08671435656743
150.81995193102054,61.83467871202264,69.12600738833414,80.57421701480419
144.80601084853842,71.58862683893739,73.50350941871586,75.57712875200252
147.4843352257976,73.79783856967589,77.79083020002516,70.28311502572829
144.78664509796795,76.68770623415392,81.62750107267358,65.06670653240455
143.56966096240524,79.54585087290107,84.54309445370997,61.84687387798767
138.04758646951228,79.22268856157531,84.40502679520876,62.8705757722914
144.34565153004846,72.53011298218813,82.51224292657781,66.6372977471058
143.75446925862497,69.26487999077214,80.00479337869605,69.91887762153934
153.18022040223667,72.97080587308058,72.5010579676933,77.34257616515
155.0595067486731,63.601716439483766,66.36657046273245,81.51528433684803
155.6528314797284,74.74398275726855,61.05805239023978,87.45011586753822
155.28637509855082,68.0602056243681,57.94867999634491,89.49162223600027
156.18118686970487,78.86035623728986,54.35568299803553,94.11454946474656
156.05840944944694,75.55375922778704,54.11195511130992,93.75114140626809
154.9075845255375,80.58784561973263,53.612783177970336,93.85362387292622
165.04718417813564,80.65564415505837,56.88839344308654,90.57114665243344
164.32661576832965,81.18348448363362,60.12879016374531,87.00376560351353
171.97593112680462,92.10094151693832,65.67159774025238,81.61782614627911
160.1787990764873,82.33335790386957,66.16145548407547,80.86331479880822
167.2401059652413,83.91546001630425,71.24207351809093,75.91468972604612
164.58753090811473,87.1683734090449,77.28332049132237,70.82163023163382
146.0774195594919,92.24423255298598,77.15125665902698,70.24874647744309
151.38539943825353,94.1462491608261,77.35950325373761,69.79755273167251
143.34675445502643,92.56140798134915,76.67694939389786,70.86194801558369
151.91974423415212,91.24700579399857,77.60665724409378,70.18218367423565
151.9400390567572,90.01190860178812,78.6637522206945,68.76656053088556
150.61389443390073,90.7994114304501,79.22394132297485,67.23362401810857
150.4004459331931,94.4859170300413,79.8108720570427,66.64896626207192
145.19846500430953,98.03828071126121,80.27675980287144,66.91298422662797
146.43719766268805,97.748537628132,82.98454524523912,65.50945449799654
142.36360977988443,97.833789210237,89.16801630560803,62.638469203735895
138.18323051940715,99.25977365595236,93.796565144098,60.492647983051015
134.2604669697718,100.68578837567038,98.72219373338942,59.04041502951585
130.89029678292832,101.98932431825443,103.28857008348629,57.84822127430686
126.03575585198188,103.50053029501004,107.103939901617,56.94736202656044
122.95997560233229,104.62093534327323,110.57602533187016,56.53436400564897
119.68827262968006,104.56649887414036,113.1040322979876,55.94452858848791
117.19517937878824,105.72267240931833,116.43192626780407,55.092368714863525
120.31905414177588,105.24322858981674,118.58585196613299,55.567116345178775
124.50099228047719,104.65626646247875,120.28016603449453,57.17497832825972
119.78159421776272,103.56327943854413,122.1121072443046,60.01297366500076
124.68797620173756,102.90064452942087,121.48387353453361,62.36240744465778
120.10373241048327,100.30871807692822,120.99352761331905,65.8215837406038
118.82171333460383,94.81144913154208,117.81173904388652,72.98914986204319
121.67742086088762,89.76726011029521,114.76532180740473,79.87021412852066
124.8667846134737,89.83864241826052,110.28556645589623,85.70548305522311
124.42728738985849,81.75148400944484,107.00570021968547,91.75509455821825
128.72738403055047,83.311414638286,103.27482017835277,97.11264743170048
127.66767199891908,76.75041428762813,100.5491981982196,101.16754856178818
127.36635800825213,72.5010474555844,99.25597051434656,104.2532253754423
129.34563485167368,69.12810839025077,97.40646376353862,107.25723238756402
