245.5,64.5,12,13
245.00035835227752,64.4849769882601,11.829435196094055,13.589518107525219
245.56190335163492,64.38112857389108,11.669707414328666,13.906833033806983
246.3909546320251,64.19606425940175,11.542625614084507,14.208200679139704
245.90825363766976,63.39588624728371,11.597310413483239,14.479130533980346
246.77682670313567,64.01501478651217,11.679249761334068,14.619374989985392
246.02713345672598,63.80422934104835,11.663369239649978,14.749944739841723
246.34021000650614,63.47496882315785,11.698779298124917,14.886675867213594
246.83838065815314,63.152203704402766,11.681280789726095,14.99771325442012
246.3628629849228,63.07910170963959,11.664339089220219,15.333638545144483
246.4007795289829,63.8523457276611,11.729405763611268,15.525348551017345
247.22835333795751,62.714796313616105,11.685139593454124,15.477590714449752
246.33911123468658,63.33960554789718,11.69455496283013,15.675869203285062
247.23449653612408,63.32314967234366,11.57732292559082,15.3869351845099
246.9009006944068,62.56547158494153,11.724016690896377,15.456894935974324
247.49553247805903,63.27159735458812,11.668425241778902,15.402952784841844
247.15148692111268,63.87675816772123,11.755122477211698,15.25628879998645
246.6138883207559,63.28032483776647,11.76651314411176,15.349805722728604
246.91160361733446,64.0078543116595,11.74989574618322,15.61668264320578
246.41883529357563,62.92934620082068,11.844454414994514,15.677658377594
246.79251002507846,63.02246615982533,11.940733477722784,15.659541287591455
246.05957081731339,62.9872332241012,11.950212571696868,15.604720833227368
246.28840487188594,63.11723435976469,11.9531273149153,15.793118135464926
245.68406516058158,62.92144069478587,11.943234478574755,15.87833556471913
245.47517162137464,64.31881727147703,12.133010664120617,16.146688471364882
244.40734602847962,63.95489967532917,12.232071512157358,16.080842101713735
243.5322721827618,63.69091649816004,12.239842518450448,16.119720606196566
242.69521022457053,63.29587534826137,12.365458982821913,16.138748280482744
242.06058160786947,64.1307811755508,12.504751030104952,16.123179260677155
241.93555972956784,63.61646814996854,12.470080832974768,16.032961637181934
240.83676562204798,63.427271278129005,12.558295240107359,16.01514301165743
239.75753197892283,64.42755318970364,12.75389610084348,16.12169636456406
238.16198128183274,63.81179903351469,12.843898480741395,16.070725390748116
237.1004623994914,64.67526041185715,12.928905144197325,15.98798340875193
235.96757930621496,64.44181428751722,12.917383132279088,15.818406770102676
234.51620469724267,64.6098722992049,12.9536818020517,15.725617559709887
233.73878457948987,64.92399306095868,12.808664206555981,15.70948015407264
231.92398470380573,64.8146184150697,12.935372178978366,15.742008010184513
229.76079083353554,65.33998538498217,13.18563191353729,15.664789580918661
228.05766042181827,64.87379717168739,13.196801441729509,15.783820575226729
226.4680890468643,65.53383443978034,13.272959524813135,15.922096101411135
224.69757710760058,65.4873630441086,13.234593115941276,15.737393275031131
222.45511089152325,64.62218397067738,13.372801514740225,15.787314453090172
220.14863788275053,64.30301470601744,13.519725040830552,15.769191803153635
218.6867421458858,64.18186590129436,13.297695658465653,15.667723051124794
216.98529183074643,62.9940738758597,13.293876127306405,15.895444906025496
214.95750193408003,63.26910640078757,13.286235896530322,15.828080889523552
213.8147584172822,62.2988517166169,13.127254193477452,15.995279477339674
211.7645625349695,62.223588487377285,13.110464656985863,15.998988162238362
209.79116294161648,61.82478336388523,13.169220440066445,16.048695956276756
208.5541498157019,61.926136079852775,13.002235453797493,16.00687635009489
206.22503009083346,62.41208225156702,13.158033974121512,15.946151032232487
205.13477700084667,61.84521670123834,12.927460985775355,16.110560345532527
203.11360450082194,62.66207150548409,12.983190566437015,16.11582337707855
201.4978847758123,62.504005607258364,12.905907282004975,16.09213621906224
200.10098867905123,62.70522916927531,12.809713914156305,15.982502813347281
198.09769935672009,63.159949984343115,12.775483881145247,15.948773220298165
196.24918712001866,62.777720606089616,12.80787841832983,16.1488326747994
194.60024033485738,63.36688396990038,12.781367033742121,16.17237591177748
193.2532400809164,62.834680554053655,12.69587683231924,16.340804113881845
191.1522265473074,62.20328995964843,12.869375686036257,16.514361083370098
188.7649477598705,63.08498362970853,13.1055440549775,16.534832876970277
187.64713491569742,62.39142320599447,12.956369547629674,16.660068558230194
186.22150940963553,61.29922301058748,12.9197602615967,16.810702679360325
184.35153232093887,61.33384790836023,12.99494717367018,16.945733737086325
182.8503819905191,61.11148939556918,12.889498372382057,16.894544052043734
180.4184487248778,60.84585718607593,13.148846013283777,16.901452761477458
179.3019490689331,60.15170599501404,13.001487106026435,17.06751982160265
177.49176852691016,60.408487209501466,13.096331918481162,17.103371014053423
175.48890871922285,60.17589897739635,13.156261719860424,17.096283188407696
173.89859476476659,59.931300976805026,12.953849677448467,17.126075168088803
171.51351291717774,60.67351724613375,13.216572328772449,17.261086761282552
169.90023310002582,61.05238139775636,13.187703648867288,17.466687534804286
168.07689740718095,60.66834285707376,13.294459949718135,17.65440128294425
166.00715922436657,61.12680792466545,13.409520822335436,17.71699343560648
164.0035752901724,61.84773578083081,13.48177672439993,17.633764565774538
162.08242874506305,61.65459225558462,13.556822376187819,17.631014454201427
160.36707190055958,61.46618379856993,13.64738594732061,17.532356325172394
158.3376684859903,61.243237934591775,13.794574782150722,17.53550624185322
157.2722866896547,61.61593272727816,13.634697543828263,17.62425653999868
155.45771389804503,61.775343156166414,13.965687342440681,17.808410728856835
154.08680761889366,60.78307079189257,13.922792116090694,17.83648615999548
152.57519060918005,60.302282059171375,13.921308089329568,18.16305672083581
151.65606530431944,59.29284826767123,13.788780352989061,18.097859581774937
150.7371667315059,58.605501206309384,13.537659527958802,18.001889799354895
149.22151175259214,58.384159495537176,13.498780248191752,18.17442053287289
149.56735800027352,59.31994802647822,13.527456078539277,18.07968380016102
149.82897066890044,59.007251203212995,13.47539243461999,18.153460420362435
148.47491996182433,58.862597789550215,13.710417028398709,18.248090610038464
149.0011314280966,59.60735703753814,13.700477902464202,18.201607835841493
149.3661985908614,59.77606670444723,13.700699078109624,18.16828010458715
148.82067975310477,60.36312537697064,13.751077206770734,18.360141238925713
149.74869399036407,60.17972571443523,13.754584545583747,18.307865253766284
149.77137162954827,60.531159105353424,13.832729472791755,18.492759826376293
149.51538432465853,60.395959232470325,14.03604533370611,18.586747943419354
149.8152890450804,60.38423278850786,14.153041589349826,18.744730809381167
151.03983183667194,60.70583337304568,14.249570487139,18.633137983429922
150.16059268916445,59.900520809699586,14.54547799567786,18.70389392085972
151.60333880296315,60.801415969282004,14.444689976454491,18.870667039156725
150.9956133036504,60.61553789199478,14.57017801579043,18.93699102310169
151.52468193055066,60.23348256522554,14.562840131801906,18.99556382101499
151.18633726992832,59.297823910633085,14.56047084165364,19.039325950603974
152.05698056884722,59.219540549772525,14.5846156479296,19.183539699102354
151.72717447527094,59.368319968767565,14.675969191931841,19.193444030210173
151.46550167785077,59.61348635415582,14.71483717737619,19.385893074962542
152.47940646530517,58.75864445377064,14.708270697865306,19.32773470215654
152.5535332122219,59.13746323888669,14.763385167465135,19.388851268486786
152.61419756200027,59.427045863810434,14.811330008286006,19.22360820930549
151.64205403828004,58.8900444252027,14.930570278001255,19.177846281680868
152.22353378458016,59.65801012818883,14.804317352211623,19.25669792433838
153.0412126697508,59.740921744240666,14.774085605162874,19.310360064539623
152.70594473816686,60.320859874220275,14.830158079410934,19.456488448020657
153.4539173109321,60.586223303688925,14.806404386860503,19.276298114332835
153.985720296057,61.09256265093069,14.806450455184933,19.122927901065744
153.45302008417585,62.647106570787635,15.102871031516038,19.059759241268228
153.1514153430188,62.504138387975246,15.14449377619733,18.971646151965565
154.3890853678887,63.36884746665547,14.942051685213066,19.06518658320528
155.03877902075172,64.0522217453836,15.029628700623498,19.028531051910203
154.9540457669634,64.15533867899255,15.093847628685186,19.278990029321594
154.43331143361323,63.784875046865494,15.345522982835906,19.178924664047656
155.51462410070337,64.28141636124997,15.429424366795265,18.98688447283213
155.70573392496132,63.393935802994285,15.505349770473991,18.835720420543126
155.86021360054295,63.40624382768503,15.631884156769875,18.728788032145665
154.793449944203,62.85620252697423,15.802931401243008,18.9099284205088
155.34845594957181,62.51515448643053,15.754406707590622,18.737676080499398
154.7694344740859,61.8736934605942,15.78830653493578,18.699486572304213
154.16041465136175,61.81172892758758,16.07037867540591,18.78194736819444
153.51947096016616,60.58636078904995,16.320533737011523,18.99369357683403
152.9866282734559,60.30064017716731,16.315767254772624,19.25158718936273
153.12798130875845,59.375487577869855,16.431026317357624,19.634355104060248
152.0430693328674,58.69991097255462,16.485954448522058,20.013926498017447
151.8818846340719,58.083750614554376,16.449462071906904,20.12145845287902
150.73167715614906,59.015706918572434,16.840624145748784,20.531890527536376
150.03102270825042,58.2545492443025,16.856117182705155,20.54600284644367
149.7069522352401,57.17766748420165,16.86210128935503,20.658826558753535
148.59570406385515,57.535669452787836,17.13249914331724,20.952164934393963
147.35848943188861,57.40086276259387,17.362297355233107,20.95750163145136
147.2198623826077,58.16517214080513,17.37968396445707,21.04398766953109
146.44797736994823,57.88778198195498,17.46812171057062,21.194719902018694
146.18815552934876,58.519951696116976,17.31819279998794,21.107706080040828
146.2517266487771,58.61861867650746,17.180129952715095,21.043657656621956
145.93748334901133,58.698309719050364,17.145805153740472,21.132001192401972
145.6178178089465,58.93009733334556,17.121406983439062,21.291320370130254
146.712816245576,57.45387304616087,16.968673742000743,21.362899317500723
146.13205342092286,57.902714909063135,17.022617418231174,21.52148178031772
145.87386303753414,56.257753922792865,17.00965195736275,21.81205392032346
145.4909259854064,55.54149229323,16.92500074204194,21.817778001325724
144.85383375989832,55.19052181061918,17.066219151493172,22.017640910211906
143.16319856103098,54.829131581869575,17.43154411465753,22.121008826321663
141.81485802308995,54.93418718945446,17.791164977450617,22.143622888694942
141.51483688372102,54.40316562564641,17.66727385746485,22.07563705322207
139.95519516471253,55.52841631503598,17.881971934001122,22.14062043663469
139.56846899317458,55.447096439016676,17.667480687389656,22.305919469457727
138.05475018038484,55.64633751512853,17.729751267375896,22.446143321853626
136.34387364300042,55.605223917980226,17.853220526760804,22.52839530625095
134.48927109245335,56.012829503587966,18.17924477115023,22.83403410203835
132.31484430595228,56.03984804504677,18.35038828784747,22.857995448657555
130.7704959481454,57.072622351866244,18.373946425046327,22.85681102988861
128.8831755553868,55.84222483474132,18.382109864143224,23.25204667693141
126.68747215402473,56.97754845316306,18.604330074765308,23.263416194238328
125.71994295064985,56.02129924173147,18.292965713875894,23.233707280675734
123.60993831425486,55.45951716852875,18.39535356485191,23.227159732745243
121.44626086775729,56.0002399072076,18.507222885032114,23.370303484017594
120.02154216295051,55.6057382315553,18.486710476988193,23.344079922823727
118.15654497009712,54.36782607029366,18.581980484109188,23.42927519223116
116.73315370470377,53.22810636768962,18.567344290835827,23.316768996929603
114.77649891980036,53.75987333850266,18.58765254266473,23.436471177434864
113.8110082342048,51.88695768023854,18.492821049552248,23.67204668036447
112.98564608574546,50.814378765266916,18.36048479578124,23.737372194862772
111.04591644907137,51.060812981442176,18.558763591987073,23.78484949090962
110.36073458117994,50.28406736240516,18.439495794147202,23.733329981074107
107.8761942765464,50.67466755214758,18.675051604067352,23.52179676210028
106.89652318181925,50.89600994926379,18.664439302860057,23.532431487626088
105.65372946968928,49.67983433475016,18.567853856483985,23.72469234647512
103.90903787948234,50.003417445218915,18.700982936098303,23.66269651375935
103.26453041484001,50.43421116881345,18.76681292218382,23.56298189457703
101.37137761232455,50.9418756650608,18.899915516655643,23.54384172149075
101.19819839058604,50.142261492676404,18.831287290115426,23.619438970373313
100.30818780144047,50.955789494785506,18.825657380645648,23.709014736289074
99.78771050026454,50.401785667335155,18.852149631198504,23.783134766449177
99.8963630832036,51.70211207155254,18.937079055373957,23.91720528755847
99.00706847068325,50.915328934565714,18.878809888652864,23.950730591683495
98.99296769068775,51.249767291548366,18.9062489671104,23.88136132877562
98.57853964164737,49.84892827979863,18.93555149205961,24.114047452784753
97.64108150601494,50.2903277303967,19.03341857947894,24.321790152769644
98.09395045993179,49.67346408485348,18.984980595542012,24.41777802391894
96.34783313325556,48.62515862897088,19.13753052408673,24.718313233970576
96.58789122861329,49.480226211997575,19.28846730425752,24.73570103716309
94.43461338282984,48.97134612420446,19.541504223699178,24.9611983605574
94.15273030354876,49.507135706216474,19.6164467895985,25.22327002394121
93.5794926650857,48.092470282365426,19.570820230320138,25.36509133490014
91.59151275296509,49.575341935490115,19.78557605027361,25.610921152582655
91.16767738670585,49.444297942755,19.786673728001613,25.602674626057556
89.11180828697724,49.59142122811891,19.94674175762851,25.782226628346866
87.56401602595065,49.613185182841775,19.928636141818515,25.869181169028735
86.21025852671418,50.17262955100581,20.06798846061921,25.93466414252427
84.15971980503821,50.29819246807966,20.165766190836393,26.04158999585559
83.23408906921082,51.827911292637964,20.199692176079104,26.2410894671766
81.42315230694113,51.479330931257756,20.23846061333823,26.22314191452351
78.61403516180583,51.31113328241269,20.549847331282166,26.272922168335086
77.71671750660194,51.7801549177244,20.64236984776753,26.525052285239127
75.3984634410557,51.45471265042346,20.95830178791153,26.823372514773954
74.54830714889401,50.95268144096397,21.078344797115868,27.257726347953785
72.95296705691706,49.23149508394733,21.43277419905683,27.391181539556655
72.48502019893868,49.6068836231008,21.477049067166593,27.857765673026453
71.9141363168687,47.589625653576775,21.597274759010432,28.397825559294347
71.13415519826532,47.99730022005237,21.9525112538771,28.750818897465912
70.27411532977466,46.515150119399564,22.132572551565524,28.977323984254298
70.53866633399437,46.091115836644846,22.19090966294192,29.461630200873422
70.61217287069303,46.253678002884996,22.322852466371856,29.840810265499307
71.57630269913147,46.01171086633058,22.398207950409883,29.925723777356684
71.71563436994354,46.76226157323259,22.389267696334937,30.333926386341666
72.87058486739961,47.263795820002684,22.466274994193174,30.643450756838035
72.95593705326942,46.772718798376246,22.577016751537197,30.82875304590237
74.48808975109046,47.15911866790631,22.70884663841162,31.001883847403924
75.52793568254197,47.51457958514226,22.842171047099768,30.825329872295583
76.45910172277974,47.02310163383332,23.02409422327708,30.67514163466992
78.15209585467271,46.551858924868746,23.193544478015287,30.62110534124959
79.27930256512032,46.56142944922414,23.185870206213696,30.55541708083216
80.34278747724002,46.019630859851894,23.23853280728254,30.592946902513365
81.14510358235924,44.77752399044416,23.29796440834626,30.645200773851414
81.58529569137937,44.1903535625664,23.364583316450435,30.80348640328095
82.09491871257123,43.913831807561635,23.308599772445458,30.981496296270826
82.11863984952409,44.57316358392241,23.292619426579538,31.18500912847512
82.4550699960802,44.16738283308496,23.43046247065984,31.13127372987765
83.13482991166975,43.41434746074226,23.605435132156522,31.28561520076695
83.83655516400889,43.45432670448331,23.71415065073266,31.495900815762898
84.15246460413508,43.89438302160541,23.740852767050853,31.541871627067714
84.86254281535714,43.129742305037766,23.811156740419698,31.58678878903904
85.48031774050735,43.919791591433,23.93042022744536,31.82046837825115
86.08644286040126,44.57296867964228,24.081270039537415,31.839642823506164
86.12390971603055,44.36793598567922,24.211714160333923,32.10691163540919
86.93635799394164,45.278196702548044,24.435026627987376,32.25177277766031
86.2295906897379,44.66925313881028,24.51562828732868,32.58644733876012
86.71777364225265,45.294389814436485,24.61781605890443,32.92201170933234
86.82371617351197,44.00244485105313,24.76162421747801,33.24436909100933
87.04433681118397,44.53753967653431,24.85240899460899,33.608462934996304
87.95426930515436,43.902217458576224,24.966382016502514,34.009637072622226
87.82768777150983,43.71371359347301,25.175357843489003,34.3012495560845
88.71499416928793,42.68427217696226,25.294906629925904,34.57512753490373
88.7843888230244,42.9260882001556,25.411804857262062,34.64142135225988
89.42372571873602,41.844054033641235,25.703509011738774,34.85315468525046
89.9570011452223,42.08430728366498,25.916383422171066,35.04316014618625
90.54858575828779,40.8666312666786,26.140668567492433,35.15858949453583
89.77531287439407,40.94334160961056,26.2928344810776,35.06175933224269
90.5811791634852,40.240932714292796,26.431338175707232,35.29479820556559
91.33473238317572,39.598343955083664,26.624751178884488,35.30114948725901
91.41940086995287,38.69534370620363,26.67558228923635,35.330839779559476
92.0179982559706,39.17793876181051,26.730191272961104,35.53367528117684
92.76882222441112,38.68364283873527,26.821011001752336,35.39768614798009
93.64093508055986,39.78508705015369,26.900778257060463,35.594619244994924
94.77007883558068,38.516730597398976,27.059886100336076,35.858708849951995
95.89352357779251,39.63755581912532,27.201368560339915,36.25628269734709
97.97781297095764,39.4390258556285,27.423249311515757,35.912659664784144
99.14666547152771,41.26625251612856,27.75790496902123,35.99127862466781
101.21251466327031,40.7173122761034,28.078463741908116,35.65174302805798
103.45790049057175,41.995173066052864,28.299541299951713,36.01277140238268
105.76877758318435,42.45051530052607,28.589383412944315,36.242163332285756
108.52811035212244,43.08456838873835,29.008329931800276,36.02485795618469
111.30553533630025,42.77763787308503,29.31345148672957,35.97682967283985
115.02283792366626,43.68524725259759,29.825108671616697,36.07080192619723
118.49297825546695,44.243014384215414,30.179747975666675,35.90549152608643
120.7110034728214,43.98361180541934,30.577986614901874,35.88093656958096
124.08375925043435,43.102049510401415,30.631117218184265,35.87327678156506
127.00167965828571,42.90261014355433,30.916477440842158,35.78881841093871
128.92837882071478,42.85668051599795,30.802185294267694,35.579796846492364
130.9571851656462,41.473113520920336,30.740649903522893,35.45154700180874
132.71326077990383,42.080962900706155,30.930092550892667,35.141291493370055
133.92022744977922,41.05333018530075,30.929474030477817,34.79774272282589
135.89700391900377,40.04086118211305,31.037661013598544,34.2594471152334
138.00709538026473,39.575712490278605,31.036381155804413,33.67178240078065
139.34805556705462,39.40393371514338,30.54278499525261,33.0963528556951
140.52597505529664,39.95918987790586,30.408834084106665,32.95570603109712
141.1718665503,39.351535816244336,30.304745762869818,32.726016366944584
143.51249274547794,38.82481193851761,30.08806151063648,32.817274984462394
145.33028403207726,39.0496039201699,30.307121090224072,33.05233250160368
148.05871217194618,38.920858128921196,30.545222543640563,33.542526384053595
151.0460232551593,38.789386531756456,30.66772543062007,33.7571609786428
153.98092783666655,39.06782304329394,31.170087669583122,33.90529652194737
156.51253070138773,39.231498427429315,31.46044000364779,34.06747363482211
159.77432521850503,40.01974167789156,32.07335800371499,34.09282083503134
163.22376541036326,40.54729910506372,32.28464369284397,34.06912990704048
167.5126319740263,41.04197680167995,32.70349545779081,34.171735420790434
171.52371044780253,41.451524089144115,32.72148056956457,34.09718183526107
176.14831803776036,42.72254411016766,32.71632685968061,34.1412821874248
179.58315946393515,43.44934132437959,33.101981722479984,34.24007845361917
184.88945288217735,42.89541884574344,33.062400562265125,34.16114832258121
189.23499173617864,43.80895598386317,33.09930251429674,34.16282775613485
193.1312128133685,43.41126481378777,33.1628750884631,34.07705865852625
196.76566118268167,43.507260954701096,33.36945795265052,34.20136882521072
200.6779934992353,42.28165808151225,33.3027083395323,34.227078708627594
203.9988287200627,41.82133769149255,33.42211911659696,34.13119052462433
207.17816461243635,42.04279415982192,33.7653821463028,34.28436832197056
210.2743150861136,40.628438968346636,33.67876404883232,34.216846815196405
212.9152725543356,40.53425073349281,33.66372199523134,33.97665918344645
216.0895740324549,40.341709200743296,33.64754511015971,33.909259608202234
219.04214870513317,39.73795872151832,33.50740612170627,33.71894879621304
221.46948144916428,39.87891498922377,33.29925838724509,33.447875001307416
224.1365209224668,40.97063963971258,33.123632905148156,33.26675123515035
227.07934530392924,40.423858212395885,32.910985431590895,33.06819995118053
230.0914851852081,42.91983028909891,33.088265212642845,33.16084384861677
233.07836763415452,42.206006207261886,32.69473341182642,33.11719486740098
236.75541977109003,43.83407386969636,32.45408157249515,32.85673677527434
240.11639159104263,44.68073216306385,32.283531918338255,32.692700612657404
243.14184115523733,44.597128067087226,32.02292552981703,32.550061539128706
246.0378396397362,46.7904693155482,31.62143005999529,32.65931543594455
249.0188152893962,46.5798933712907,31.12739381881129,32.742153029644484
252.39949060130715,46.80464589485969,30.592561825970847,32.61965372648691
255.28588323494367,46.31339447044124,30.11097242814361,32.50795524895357
258.0420125724154,46.3365361269746,29.791882393336863,32.432481483117456
260.8465632395769,45.27627642343684,29.37316353963524,32.32353850501536
263.56258689154697,45.79561189641342,29.178426168403814,32.395354781733715
265.6930596840184,45.887041989980816,28.85979115513142,32.57303239181153
268.4861433607277,45.6011215835049,28.34542498732083,32.60443085723681
271.15821735536497,45.224769755223505,28.003800420287448,32.635354332868495
273.1834905672702,45.128822502983354,27.72093631039604,32.95095769643485
275.4808259178688,45.419000577041736,27.410960757666903,33.35034365809362
278.1733126528487,45.11146650652508,27.094171663470036,33.46648873584873
280.58713549401966,45.9132035814185,26.997398612201042,33.99926722773976
282.91340701116206,46.90896629018411,27.02050617453491,34.225136400586344
285.4645953090189,46.88041981316429,27.022092477075716,34.56569414401655
287.35834218491897,46.79519251222835,27.22531160636383,34.90803852784033
289.29747207319826,46.16128543519683,27.51895973156917,35.16778817346525
290.7022630279279,45.92279118998059,27.69112211150799,35.545563905654646
291.8953556480223,43.768666545073245,27.906487927227467,35.85163595700498
293.95078785120904,44.157017143746074,28.009448269846814,35.680143573803456
294.94588720864067,43.108443942302486,28.04517328392649,35.74602781734311
295.94199765870394,42.071222379106516,28.209088896556338,35.93083848027984
296.6021067872582,40.845903102533356,28.312961144094018,36.20921078853786
296.77235542916713,39.64979983205751,28.536404981377537,36.396407392203166
296.94788985796373,39.32516230884177,28.800649832566585,36.35871208550814
298.27273247819323,36.64922337743158,28.978717420705642,36.53048903051234
297.91582445582793,35.71088369987181,29.258338870814534,36.977686640865656
298.7885670035573,34.651560229902785,29.43130961451285,37.080266075920896
299.35198590762633,33.50980377691372,29.465001896706855,37.02429834339499
300.9145709284813,33.43182183190263,29.69464376181156,37.102827574412956
301.91184468777254,34.17506332548274,29.810526483860173,37.40757013981165
302.8523485309031,34.50449444502124,29.913890936576088,37.66599048206399
304.172956993065,35.81424577474285,30.008609700271123,38.35065270909537
305.9859187853904,37.163123031212805,30.220133758900225,38.13594448941412
307.8666163790661,39.24843351529113,30.27364230766336,38.67195565855606
309.776839904618,39.99722278854282,30.084124965040488,39.42348638024116
312.8046032694715,40.272099010859684,29.926345275128398,39.83244156624174
315.0607092090138,39.74021094948813,29.997357215776482,40.01935939497469
317.1189237902329,40.457131292928636,30.21898080297209,40.419986238344215
320.18604626509176,38.550866070742956,30.414774877607343,40.49300924596326
321.6164399178468,37.98928061869859,30.547400066756772,41.173232374926506
324.1918321686586,36.42642165139297,31.04518753321171,41.512055034421756
324.666101332265,34.58954632519442,31.585766828374407,42.29465831171206
325.71685665354875,32.83802582406615,31.831664242066083,42.94356928429025
326.3975578713191,30.90838070959812,32.39927958873662,43.56837531751708
326.60613233901773,30.33288378695802,32.76702982850645,44.732080158769435
325.88858231567605,28.19990371157878,33.44784513569553,45.26224910316805
324.93260470838743,28.245245737934216,34.074488055312706,46.026726419304076
324.6278940734903,26.218808482700393,34.428073911174124,46.62692272618896
322.8112485356099,26.858220697721677,35.0977967763332,47.454085606555935
321.4502980298263,25.395599443413886,35.513736655850835,48.01986704606446
318.8794055160099,27.96847569917569,36.367294602184785,48.609515688105304
316.4910519523107,26.41119066194466,37.01470304260193,49.30847091919884
314.70419471727666,28.35634752806927,37.659458858266355,49.76969775244034
311.692025383348,28.61402319670267,38.43290584063791,50.07543639815999
308.6156226712411,28.916631995738094,39.093385005238645,50.07293894149997
305.46038412789864,31.153438557870423,39.81509980859835,50.81484572232564
301.7761608724937,30.754831283319724,40.61710430662136,51.0886197911948
297.1511209344554,31.530976783319932,40.88941909938498,50.81020903449578
294.0139675043654,32.465384660304885,41.89356957605054,50.79644324829168
290.5785671731265,31.996197002018526,42.577373301730276,51.07742755314946
288.33838407632487,30.657877983045296,43.25314998536952,50.857732135056494
285.7991536372474,30.14521662421073,44.277995293456144,50.64226567769206
283.9035081528125,28.554553524293098,45.018208896450695,50.6502568021489
280.9572512308222,27.725358853638333,46.12525654627845,50.59228223659808
278.1867085123639,25.948020345572576,46.975543223734554,50.91242117442149
275.6941837530804,26.234945178922217,47.71838807616388,51.54026838043339
272.52528740877835,25.230398208694798,48.544057180020694,51.9158827257039
270.01807674829706,25.668395519823104,49.15655150665949,52.56308050914797
266.1439801676544,26.96089072925578,49.8999591302252,53.415718597896756
262.3026286537734,25.684728669089885,50.529799513791524,53.83505855685159
259.23524149947497,26.764014196082435,51.096057091126184,54.38795166950773
255.61274355002308,26.645701858396848,51.794456462930384,54.58494413995885
252.14659491546396,25.689956380677053,52.48628570684112,54.91578059348346
249.16663813734544,24.34276742803184,52.85295375679152,54.96264081765206
247.07392457655777,25.139722310013266,53.05318476478043,55.423261197427
244.5157053036309,24.06130772005607,53.3711346936908,55.75586948157418
242.61313562526595,23.17926936188662,53.93972967976948,55.87519464914599
239.08714833810097,22.597903340130856,54.87874963755281,56.32266380279546
236.56106378688244,22.003985028786282,55.71200137014731,56.47380804457946
234.7674880178513,22.94807111597097,56.253392515066956,56.90938517402783
231.12771524640146,23.126900551251182,57.09470706660309,56.96798243320907
228.05247129919982,22.570357492452203,57.69158272879811,57.17601272986511
226.0637129099614,24.003952527751053,58.07201808446918,57.2309212958946
222.7163462627414,24.517058602537077,58.882617563143754,57.181597385706254
220.95421415731508,24.962360600077524,59.00443717293746,57.26579445416296
219.46770409725144,24.759067220342494,59.46842861989276,57.33531369897504
217.9042130157788,26.537580553461655,59.82595081999318,57.56269536365408
217.28158130097938,24.635944932582955,60.12832640693685,57.557371186481426
216.61122087505686,24.373747277699668,60.43613488523907,57.40651811177229
216.57472608432474,23.964149228108226,60.46730740137499,57.3496381086984
217.00502746413875,22.599002098803744,60.325252641605786,57.49147001455468
217.66016402910495,22.398655054986257,60.11342182772872,57.53952362238657
218.42162453101838,20.409293671889117,60.47684287254688,57.7822394134069
217.60779055305872,20.61204515781816,60.22072951456998,58.58523682683324
218.98436868031683,17.545445029733308,59.521760319456206,59.21502626681031
218.89879087477584,16.447043811524026,58.83423574188236,59.81336230689709
219.79919663053352,14.751483288208817,58.20878121450552,60.06699427309843
220.32854510505942,13.04170331816,57.476789095384945,60.02641899171474
220.55835821097827,11.778521705561452,56.55044087198107,59.76379267299704
222.93079421793374,11.524775190071061,55.18770305721264,59.52734022458482
223.56545749994012,9.8637521317861,54.28531588886598,59.55434048849361
224.18002567851852,9.904927201024204,53.332205423013214,59.24531060768113
225.53310378277772,9.445934368973887,52.33151167024433,58.88663904808028
224.18536864959674,9.437313796730052,51.51903663745769,59.04198399059976
223.7504865474557,10.568945640756993,50.97614393847286,59.12135521885142
221.23253931137566,10.74064917092996,50.66874331328187,59.11707552027993
217.9596925407794,11.237964570698754,50.44690402900441,59.32191309499466
213.74300860903182,12.477420932044794,50.556500415753966,59.12860508764987
209.13001052962053,13.02348913902405,50.577329757865115,58.92018388603648
204.41323794819465,15.206001624427003,50.64098184668126,58.66140824765856
198.3122198732548,16.15214351853608,50.64214843631926,58.20929200571268
192.1494370530288,18.023206284739583,50.78960300041626,57.525266458428355
182.65618789452913,20.7561133767025,50.25545808316272,57.170343616665605
175.81786946197664,22.309286148712488,50.378874199366315,56.81219205190894
163.95081798596289,24.81598126642157,49.977933053493416,57.02812281945098
152.88383525074076,26.775990966265347,49.31359873450896,56.635526801568844
140.8175260776139,27.214880230495517,49.48593570869234,56.332407501433394
128.87444529991316,28.363206397315693,50.022012959284254,56.33290411074043
117.23731044544004,28.95019580260687,50.09523858558889,56.54668868116241
107.16236400551938,28.828384604321283,49.778773280615795,56.83175200050051
96.92705586702412,27.724623865152076,49.59294310069712,56.960571505877496
88.45588530241128,27.37120053798848,49.13754291217378,56.74883989310722
79.21521442884307,27.121597194579916,49.28301582386098,56.26265889700961
73.05692899217814,25.436461101383898,50.302204342454495,56.114155858715975
65.95483667797694,25.512991773999115,51.31592685843016,55.814329728434195
60.17743112933913,25.429016195052736,51.622898028032424,55.51649997249715
55.666462751203255,24.42023634747543,51.65754249457029,55.30049386030923
51.72186707607247,24.539117155005428,51.73836087043611,55.181081775052036
47.5948762185038,24.28284224207104,52.06402027035739,55.13835872370447
44.48223989347802,23.578561146539805,51.99447356539797,54.84897758495585
42.75125084161975,24.16190138484557,51.555482163804434,54.59108078258443
40.048177055667836,24.6595482832066,51.622248994588894,54.76754396866571
40.33537297919128,22.637485247976393,51.162411440995704,54.676570628115385
38.85347231056078,23.39274976062515,51.00263375298813,54.87311266872058
38.63117402438479,21.100844195324854,50.474926338790745,54.69154198627186
37.660767380597946,20.91764755121088,50.4054563946292,54.52764663781539
37.37077135969047,18.95106295830572,49.94684632272039,54.40170089061179
37.9989870649008,16.81683059766086,49.27170575340234,54.29753739992641
37.071018060573635,16.10846810297078,48.80292004150612,54.11218991196588
37.503429883608206,13.903810879702775,48.42623820037053,53.87462897703216
35.7061187438167,12.616429056713717,48.11145119536187,54.10000163942873
35.68912635072279,10.984610869822355,47.94389013210722,53.90075501760599
35.10120951582627,10.862907259299611,47.92635882406365,53.90107312899228
33.26188995503961,9.948136347816245,47.829259706348644,54.16980545889413
32.95823709713144,8.243496483961923,47.58996179019171,54.059755877139274
31.363272606232222,8.05685608517543,47.59937023747476,54.28142582342442
27.683958801542154,7.788070893432078,47.88401036287662,54.492835209758795
25.688680415133202,8.649397385451188,47.658396824720406,54.80605396987646
23.168870078032576,8.930349116514968,47.788838765095974,55.1348513844617
19.090828516826097,9.583235790380993,48.317333615414206,55.14248223919089
14.603612357187039,8.719355125182808,48.84909225152582,55.12315930960038
8.703593698704523,9.617425068146563,49.07180756226526,55.41482612533303
3.0702695253661254,7.604245963264404,48.75723051373942,55.14485817466644
