198.5,249.5,95,325
196.414661525728,241.88048284911346,95.92917013358732,326.2396103210602
195.4276859637538,242.24454961221642,97.43320658277682,328.7228575149928
195.51980441452966,241.8336821980539,98.34203696962386,331.298289500224
196.39612612433044,242.8829763305416,98.99970048056427,333.31029407735065
197.86535903561912,240.95405913668318,99.48889869950607,335.38421342219027
199.01263429470103,243.7086472274679,100.43312605724253,338.42628579103587
201.07917487939267,246.99685582485122,101.01062428315342,340.7695568210617
204.47299209932788,245.53775059583558,102.35934142867123,343.466752347295
205.12255715920014,242.46148851696466,103.725424655408,346.93996427588036
204.60351353054642,240.05728616422527,104.98538984526394,349.9954339294411
207.24937518086858,237.43263185083532,104.53722294873344,350.97887198508454
210.73849717209478,241.18991443013513,103.85886137823779,350.05371093262505
212.89062166420186,244.17346715369706,104.0846717316396,351.3762802444123
214.85850189706764,247.24764645046704,104.79988601642688,351.18165843294634
215.1483937055553,249.93659032552006,105.45726737366421,353.43807377579685
215.19377750473964,245.29555944585485,106.19753240907694,354.17041000259553
219.51552350721505,240.6119705266268,106.86908385352794,356.68420191575865
224.4075177556055,240.65293122934165,106.21274180297507,357.6333224901187
221.69302674820085,232.57891855188566,107.00032014270504,357.6355062465199
219.11697962404074,226.55889638636285,108.87763936279653,359.28084480516566
212.58610107136744,217.34986474667375,108.80741747949564,361.92307018628946
209.5608410958305,212.96005801257968,109.78013477248847,360.94266435210943
206.45858948129904,212.19359038699255,109.7914450427196,361.5986574455383
201.42492168126896,210.66529048026587,109.73945405128808,363.4384980541272
200.71250955793548,206.4585531433274,109.78325465255402,363.65426650546993
200.2345459636192,203.51731964666968,110.12859543638612,364.17237793466796
200.407056518009,199.93127311925997,110.92707954325142,363.8194232104041
207.4733845668246,199.91582899744384,110.38132511035413,365.41165941546217
213.2099662998948,209.11896733696392,110.09105158256821,367.2353803713097
215.87179508400195,217.80308375207625,110.1349658451034,369.3120976448448
212.18658829863284,227.24404884846035,110.67923519739682,366.2077496206557
211.9347990099219,225.3873726142412,110.51299513506342,368.16857592503914
213.4375238635492,227.8243944278578,110.06275935603153,371.12479734297193
214.52656515797003,227.88948021240907,110.27496059020314,371.47721263452615
211.50988803666138,231.98339117124002,111.30495456136657,372.07763782532373
211.351360377358,229.38790713536537,110.91569406452456,372.32145852768826
209.33742521930793,224.54380028222525,112.79516192815582,377.7533555721338
205.25560373904267,216.2417875443775,114.16568974967876,380.47745531998504
204.58404788606333,212.2610303673369,114.35625016226436,379.89622789855355
204.2303556674512,207.59586662298545,113.70973571662275,378.425591985462
204.63151911265453,205.48585398251993,114.26770722137293,377.967445631719
202.65501284598844,192.415247423071,115.82141131163563,381.3010530072086
200.9073956594224,185.02795854547185,115.93381434969994,381.0210233710495
206.2443850988727,180.672244245336,116.35095046866314,376.02717929676066
213.35343244204273,185.74695530735127,116.82178438644902,374.51565657153384
219.9742274711255,185.2976252732064,115.6046064834349,373.84946011058776
222.45655606088195,175.3363732144321,114.86292980318959,373.56528011558754
229.9657148021028,180.79634929583645,115.51866837390943,372.980898288167
235.31581887247623,192.39792956934292,115.8280723165977,370.48862374274097
234.5633551136196,201.5116428427872,116.28817714143986,366.11115370830356
233.03260803201118,194.81236522897134,117.05880254550138,365.22788577767113
229.74304178389514,196.22922863019895,117.8257993453224,366.4712120452843
228.90310776924673,190.87531888604755,118.90479825545188,367.2339584058405
234.94199497453715,192.3879592330412,118.75651393428753,368.7036833194582
239.15402991844226,192.32049443622248,118.26423010681054,367.28422653576104
236.6668185406451,191.7112718626405,117.97481743225961,367.3233503938625
236.31866281721614,198.8645771689025,118.2853673797126,363.97356122298885
237.05513800590361,201.68280993132333,117.49531629862139,361.1218072974972
224.44209553893927,185.72553737882953,118.63591958887335,363.4046156471137
206.19298193850028,170.44828204797957,120.27630148335479,365.388323620215
191.1607849595191,158.4774903171695,120.76945787723027,365.4699732286857
182.84300891891462,148.4125692420941,120.45688030450853,364.20911027019395
177.64564006632335,136.32865317831266,118.89629097569453,362.17851710478806
178.5445645515923,137.20079907196288,118.50950508022225,364.3720335927104
179.6269107823162,148.40766460915592,118.70615957884219,361.6776075567765
180.582596226819,151.9091913146908,118.80252584956558,360.46765736378535
181.42306316050082,158.58100432810954,119.37519830162944,359.75514725033895
186.27190857346994,159.69484671446432,120.63782508738555,360.27583717817566
190.87295907155004,165.61668570664904,121.15155870884007,359.85729766731697
196.17819518228615,168.29767112023384,121.66310434778046,359.59528430627284
203.20329162441544,164.58115311970658,121.70955777242082,358.8469095178376
210.38026719820658,166.0966915861949,119.92516762947722,356.52809950685804
214.73453988101477,169.9845329214322,119.50510016150488,355.11941980040325
216.47829113157474,195.36755072757632,120.34548710282877,353.5802137169236
216.4683373590173,204.99038527774508,118.69927948318681,349.13741059864174
214.95592183163745,206.12525437978474,118.17222540992529,347.1893653083331
213.4515224547447,204.07882996503605,117.06742438648914,348.9916386335275
212.61174258701902,196.62829525629473,116.42041313423911,351.96015571336363
211.6165121396424,184.8976563900493,115.3784445722815,351.11083697979007
209.2675303988982,178.04072274123422,114.70154729022008,349.00016318550126
209.520354939927,173.72445893607306,113.17554834797119,347.0294221724715
211.02421039136064,169.43108473742078,112.43738371547437,344.0180660928474
214.9850635308705,168.30939020109724,111.18983171807085,340.10595570718147
216.7479079370858,169.24045707888484,110.07255536215266,336.461031648376
222.76211066376925,180.73021512049831,110.84711316562172,338.0647007610719
230.21768633009984,189.80566555028767,110.836685290297,337.72943176794826
241.0944807120398,200.3232139866219,110.77925970390729,338.0491704055337
256.1289060307891,206.49540703345443,110.26040639612062,337.99001113376806
268.4963092655634,210.10502376650885,108.66233965740695,337.6502337109026
287.5702146095383,214.89949182406778,107.25365326755283,333.96259421138535
307.0494059046722,213.68288705832077,107.31647276468738,333.5016921095786
320.49797142664727,212.2112278942334,106.64465109268555,335.2412103555466
333.9309122950602,212.17922926874286,106.92374883278839,338.787963505957
346.72149280851784,203.7847378544841,106.90050826180567,339.2582226558857
354.37803739050935,199.35967647175454,107.67081982414102,342.6207417569466
354.58571653284594,182.5955539236155,108.44297596379192,345.5695934663838
352.4246876502308,171.3312715168137,108.23099900001831,345.47136346492397
356.8391287370639,166.9574298462464,107.62223630267046,344.451798652372
354.8551641680153,161.79116001042888,107.61628586503832,344.38985189669995
360.21996636432726,159.14694151712567,108.17011920129623,344.35352034006297
365.79851193723675,161.0844853683641,108.55500498418819,343.04960320605227
364.12278661497834,153.36944706579106,109.75526606304643,344.2233617188522
363.12578702363675,154.5476763773003,111.81366836243265,344.30979230939573
365.8294717662993,160.6852592482522,114.08509326111015,345.5192809940666
370.1267918277461,168.34051620660594,113.42504490838871,344.499920985135
373.6430575349416,171.89196360100115,111.8773467345068,343.43903602681945
377.28788340304516,185.7811709280819,108.70354926160525,344.0089833416521
383.0722107342656,189.56974863679295,104.83698581620541,346.91516532657374
382.65680685001576,198.73889139704156,104.86749775493223,345.33231574968005
383.53170173723345,205.79363307523133,104.28310347877257,344.8224169727683
382.35465881413404,194.93640598778546,102.6735193096363,349.81323833516
380.1128435995089,198.95864422031187,102.87706751308701,354.60160469695046
376.2267475198437,196.676298787062,104.67839013124926,359.53984702157055
375.16399802909723,203.67886580257732,105.67896457222238,364.1941730582889
369.8156852628019,192.36603110971657,107.07192399000596,364.4005023103434
365.56937238733167,173.41920679594935,108.67613392750042,368.2794872415888
362.36816338298036,161.02340673983946,109.57528178697207,369.2216172152588
357.46494377034287,158.91133392100906,110.03964089597508,368.87049506117154
352.72020371281775,163.3498777675227,111.86537417722397,371.01701462217255
344.4493727606025,171.35643742145467,115.82331205974288,371.7898984271016
333.87729439242105,185.43226174700843,120.4594922641234,371.15101184569625
326.58742730772707,190.83170866377222,122.59050550150452,371.50647782967354
318.79782497799056,196.03680612378793,124.79206466842382,370.5407285196885
309.38285054773803,207.22069009824725,126.51022001086238,370.4551547083431
301.6695557807629,209.78467998214188,127.58600330854559,372.59808997198695
296.4822193610504,217.1961760217829,128.14561457875672,371.3157759169969
291.7472520386599,222.30925827494553,128.2019807268336,370.0659736390652
291.2482711478522,230.03892245837116,127.60117165159166,367.6097351769991
289.8626034320948,238.25131453549426,126.17996500699576,365.5501148258535
291.1587490812338,238.7935451245307,125.41490845374334,366.0331777232887
288.6886494580799,239.19023828670325,124.66335765046011,364.7154160198581
293.29015580048724,237.1411430191066,122.24188488263756,362.23302107531504
299.2231160367384,237.72848530726588,119.45974851352881,359.75771212842153
301.5648570771426,231.76406806362428,115.68146321864725,363.75276689921304
296.8142529098501,228.899013923717,116.0190925661107,366.25567419407275
299.19703807079657,221.2163021111036,115.2039125831154,363.82103563973413
294.81433183477463,215.61936508513153,115.37008189109685,364.8108853767979
294.9542561328003,201.9740007182329,111.64621564634851,367.1469842125239
292.0970349860588,199.26799915027487,110.68891788474728,363.07665893352294
291.25197505917976,194.11683188222645,109.28960478371724,359.1064686359406
291.0565979983339,191.3295259423573,107.0572457500439,354.9567257717214
294.8162240560019,192.60707719208176,104.19217416144139,350.5993180507148
296.8583542402116,195.18300105676843,101.65713328211956,347.1542495629034
305.69853635202094,196.02201512784666,95.82490405300766,347.9163614296733
310.48782536002517,201.37335924935354,91.69768006379361,349.04137380158875
313.8780172865137,204.90405125579633,88.78764704852412,349.42590834873124
316.22016124401216,208.48509987870773,86.9715651576971,349.89753293136914
317.50372512829955,210.63065823558998,86.29604073976171,348.09858297518826
321.86700269726765,216.05939499112546,86.01670735780688,344.102108094641
323.7677477117096,222.10150510695394,85.65248487080838,342.01763323194155
324.82081707150905,224.2257652370315,86.04115410981245,341.27687707281484
323.95705847004007,226.71597457098136,87.10480932277542,339.1983944591449
323.6518558056286,223.15172250487302,87.6848077220458,337.24256421788743
323.55191528946443,221.5072626237917,88.26863234191575,335.558794351449
321.2430455049389,218.25954045127997,88.4082115296496,332.33566226519804
318.73411102847064,214.8842552716693,88.67933108149357,329.41484876669233
314.6532953122937,211.06108105881498,88.46328936473861,325.2612999984923
310.03320820625856,204.72963716354522,87.64791490890121,320.4866591788023
306.5809387008958,199.50720153168913,86.50872699854511,316.7086004879857
308.6164089615294,197.52929392929587,84.42616106815174,313.0972255224841
310.35164218365776,198.04179042120154,82.25728768915678,310.9665903391565
309.1238630963417,199.45151497371128,80.64491611906836,309.77051712677616
306.768104055012,197.15479738918776,79.79937682105161,308.5860849786235
303.77963319884213,196.0161379274988,78.53241298911034,306.61232672686106
303.8899423791542,194.75079925955373,77.57459418950982,303.45956480799043
304.3277181992712,197.41832856874478,77.22328703656154,300.1750094435451
306.3494332161513,206.95186388981608,77.22432635933814,298.30407336866324
305.22602560693,214.24517701206597,77.77049577337547,296.75528892103847
302.9862267204235,222.31976328532707,79.61004098939698,295.4449272952316
302.16809508779994,226.03148373885045,82.2554917145898,294.06999837014894
301.438625382574,230.79510746984533,84.89444120537915,290.6482544672717
301.03909181166694,233.13187021024055,87.44248827330264,287.20416586087094
302.7857540599075,237.13102540212432,89.85459218639792,284.26944838787
303.60781687032187,242.7579428582187,91.74987715669461,282.4565467032203
306.2032747703127,245.70660755637903,93.0586070667044,281.70460543327295
309.38107005126255,244.23582202435568,93.65509198621953,278.3018862408194
313.0449959630307,243.02334087180427,92.81760566790174,277.0477828415765
317.9565267149669,244.43750816839906,91.57623685964698,275.80311421537453
320.4464011398802,244.03132170032737,89.82445241106554,273.9310184053326
324.0340876431013,240.33579591972585,87.69276388719777,273.96819051478394
323.68271434954016,232.7661198500228,86.88837067234101,273.3954569303131
326.06673189081647,227.1369399386074,84.77137232913772,271.43667560171565
326.6675716826375,225.0379453539165,83.3162556138524,267.75352978422
327.4667323765897,223.89719879389793,81.97210893526812,265.68722551045835
330.7691788187737,225.77605363126636,80.38604491976604,263.03989863105534
332.2022104198038,224.42571026897053,79.1348687168361,261.07328799236575
334.3657112269596,223.99606119285943,77.42161756028817,259.98891444124934
336.44663391937297,221.97494164313764,76.13061367860477,257.6196707297188
340.56821805129994,228.10281563214556,74.13125702211163,253.59190431908578
341.84810998813646,237.65762432473554,73.39357974824632,251.89828730011672
343.9212249280886,243.01085710253454,72.570606837794,251.52574031599087
344.29689970177293,245.05316899446126,71.47010460621358,251.19396658783205
343.72031568854845,247.4902012103228,71.13168296724967,250.91308424305356
341.3873236003455,248.4694022784118,70.81405746729443,250.31610965242308
337.6632483737444,252.21268153903048,70.67442172283427,249.83076849645056
334.6052628556141,256.33916721926045,71.25917566085877,249.30904932944156
334.8954967909744,259.7002028697918,69.17267651534272,254.60463435467287
332.90135327552355,260.0210577597825,68.51021577021287,257.3051312912289
329.50603612366865,260.14086678940043,67.62122599326473,257.1077347893419
324.90269762344093,260.3891332815638,66.56600972132023,256.6469702356953
320.73051562613375,257.2982677381239,66.09091666179646,256.3532040767865
317.144240257403,251.1333609929469,65.80979785122324,256.27964289520446
314.10301932117716,243.60277406338338,65.64883581208436,257.40848090075485
312.10064939060726,239.1253204359783,66.02221991074246,257.5899306284044
310.61870488218926,233.61124198947223,65.55078568920567,251.17130254827197
308.8840769361801,235.04405179450293,64.36485731227258,246.83516685258587
310.59121879889364,235.1859749632895,62.687459849739156,241.61825700793264
314.8860816493473,239.1445298394504,61.06501978191902,239.84091919393484
318.65127365728557,238.24323522940182,59.06607650090574,237.93333194613646
321.69834171636916,237.36179553742645,58.2350953662591,235.80373572507625
324.28501171364604,235.98042463161772,59.05720920623902,234.18847060157407
327.3071138987966,242.06055637370483,60.23780780682414,235.46500235208003
329.56613224408005,246.79596323742354,61.42580959129382,236.19999535682035
329.73599741978364,243.72457048795627,63.178949475329745,234.99174096928027
333.3317895679677,248.25938662377328,63.36114113797662,236.46700196241676
335.6765104131111,249.5446527938838,64.49914638525082,236.57661250168178
337.092565621006,255.9015051112179,66.90798893805844,237.5937371059052
336.4339331518485,261.3375316614978,68.19977925539038,239.2363448406116
337.2024855386174,260.94200257643877,70.21270757435136,240.43413345396874
338.79055833096663,262.8527568925282,69.73569610105739,237.2966209627468
342.983780083483,262.2590668670949,69.0544489766398,239.9684883087642
346.68325634572767,261.74564150469183,68.65390143185626,240.6511937951708
348.17912287109436,260.85582543167305,67.2899738525432,243.84845375264027
346.61515930059204,252.06761853860286,66.52678008290327,246.16075888094372
344.4844807114614,247.5936197608017,65.45576364208496,248.95415629311344
346.02876224085946,240.7584404860679,65.27246806032443,246.57419326360147
349.53611668707805,236.44479367342456,64.9674440166726,248.08136588669097
354.399354387237,240.98838380236714,64.91466799532198,245.30563324919765
356.7870345971105,230.33657658408592,64.69160278355234,247.6602749837337
360.3870250995077,223.66576643512576,65.12398843601497,247.7963784664685
363.5903871025219,219.5791280914631,65.66442372030028,248.53156196836898
366.3175375377178,215.0424974223538,66.16155269381113,247.5498525653156
370.24484585991223,220.5835414566771,66.1636159658041,245.35937178121492
372.6342503545678,225.11232470394083,67.33908639925289,243.18667104749065
374.60311808322786,231.18141595428045,67.11242219475565,244.2602214111913
375.9026391457068,232.32926920760346,66.54105379111122,243.39842503599976
373.9022901103431,229.2631453033029,65.89969730403851,247.29172592992802
374.45531662053196,229.56441176670242,65.17815775121099,249.64323496098422
371.5015148419124,234.19316805087846,65.70906186081821,251.16904758794462
370.100206911528,239.44105302188547,66.39499328478891,251.94810560308395
369.7892012281876,247.11255921774318,65.47403232519099,254.7060625259437
364.8443328029538,244.657080749863,65.63409102166696,258.8633631339796
361.6325612897647,240.48085352510813,65.70610778766925,264.8445295223474
358.5813256220307,237.73400703941314,66.04848543417238,267.4340143104488
353.2840726548048,236.33583059058995,67.84507972464222,269.5603342300373
347.50994425956617,232.65854100428237,68.95431349723611,270.6280567513463
341.87234152198613,227.40679285688657,70.35472210502562,271.23083340349876
334.84848492442734,218.89520423912887,72.69540786484052,272.0767607305669
331.0375226987233,215.12590664146103,75.02382950863138,270.7625565103142
326.1591651570933,208.8955708772374,75.95006687735285,269.97883087537036
323.7308557493987,208.03517656625965,75.15414119429842,268.64986392405314
306.3081061013253,213.69730560575584,74.74616911593355,266.4029087778
307.19279346494176,215.9743888184613,75.03710856716734,262.6775597199428
306.4705061353005,220.10031016990968,74.04449436269554,260.9632250279103
306.3771419590502,214.43855779024992,74.00172556560949,257.14430329644614
305.03227499550013,209.17904559775016,75.20708294298893,251.97900818529087
307.69705010666786,200.7321796126543,74.81409668931187,244.54066694381262
314.7533896370195,206.3621273561414,74.47858208783714,237.32764073479257
321.9807265289287,211.9170371893594,73.86159770373791,230.79828113992028
327.34124008328627,221.5337776612244,72.49717421745936,228.02283089687387
334.3603604805603,227.8811710733233,71.1651092270495,226.02575315623324
342.24151199038164,235.4135962815673,69.35110656904011,222.74399523852452
349.6388383569758,240.00646187064666,66.59147847879613,221.01509742294513
358.1091912889383,242.2573984983962,64.43154291669,218.30034200630558
365.5287198441599,244.382114776214,61.98250617673014,215.59152572455002
371.55338981371085,252.76534366650543,59.76799842909551,215.6738953060277
376.7540029306913,255.74277359323173,58.18464614990762,216.3099001109308
382.12371768823084,261.155621764712,56.920731046754774,217.92701382656395
385.497031576649,260.55376564343453,56.53073264156151,217.53623411050083
387.6156445810803,263.0008613545404,55.932924757851566,219.7699866809038
384.84881618333986,257.91683631317807,57.64719602476798,221.78969272371148
383.1274034824446,253.68293615405537,59.417797858595776,223.51757194896982
380.95022858294544,250.56285186899987,62.57345283242176,223.16362621549195
378.5585242452432,249.0734734210594,65.58349565260929,222.73279477442833
377.9096150681159,249.0089088802775,67.5592115793812,223.83639798805314
375.8675327299336,248.10519523900595,69.6176668651055,223.4842121381194
373.75622165718426,248.4181119520943,71.85266210039454,223.89713639378934
371.9129579814164,249.1181029047376,73.93283664583898,224.2138594531405
369.16949517098783,249.03705112419,76.48322905403438,226.0622367082741
367.1720791670555,247.93898626127591,78.16335712055388,227.4386305494358
365.72583498336564,246.90248074306427,79.12082170329603,228.45823582414033
363.76250577890994,246.01532391092564,79.95402026761823,229.62357234942147
357.52715188419666,244.61494931925714,80.09188713755026,230.73538255742432
351.1840575054151,242.69987483808882,80.81585284213475,232.8396003521584
344.86028803404395,239.95167154876387,81.29448175832684,233.98195915553976
338.8997898408403,236.74040376005277,81.49076386555925,235.11035677825004
333.28248493825413,236.8260060124598,80.58795683113202,234.54948738505402
326.37305193905263,236.17521344587163,78.94574227838758,235.48611661613074
318.2283996367448,234.10908406259145,78.76983882941428,235.53274115112373
311.1343171621469,233.2229101658168,78.73568322196962,234.7333902790541
303.34009814783616,231.73595923201628,78.9017179150197,235.98290462014302
297.12894657182426,231.1962348194994,78.77101203384046,239.1883104573533
290.3274513312422,231.79697842975608,78.51715475194307,241.7635788082053
283.39075640225104,230.33329230798512,77.81284113397315,244.5584472144002
269.01115223259825,229.22241977889934,76.73486456727294,245.19152869453828
264.9820517835913,231.41113230379898,75.77085725148058,246.80408911074244
258.4930302894569,230.84102127361697,75.27538663653894,248.67764928870594
250.1800252919662,234.59090472446263,75.46494376591984,248.45169563469528
236.5078117274219,234.8919262079944,74.61120118675645,247.61666562139
231.7590371760841,235.43331086450056,73.94318670605803,247.4908616952452
226.7548920974803,241.0949929992711,72.45298748338277,246.47776773515233
220.20004173545425,245.67628659758154,71.37377104740077,247.08642935597533
206.3204924339576,247.56698437240217,71.27557366040381,247.47713625765851
201.8083505440166,242.64087868186027,70.48232871561541,247.87866499866664
194.57981362430104,235.48781444760132,70.80396649700207,247.85591411080026
193.21854891050725,232.78414831172975,69.2267508417344,247.18602308160956
189.02121426782583,232.65185012718132,68.86430667037123,246.97070079197306
182.92711765095328,230.61064877674812,68.87274087854256,247.22290139017832
179.18749085569792,225.58191296489355,70.20851464498713,249.28832522717482
174.45404090697446,221.78849696465568,72.00296161579833,249.5095094348344
172.66966028070507,220.76367056805842,73.27987110938018,247.26268252603307
173.19064273240053,219.5047649647601,75.59987567696703,244.84673261278718
175.0437662859929,223.8087663403465,77.78837964171228,242.3198403390619
178.24452261829845,223.75029136663704,80.65033953416904,241.66504681008996
184.78783048224693,226.90154483657835,81.50786996258304,241.60064421362168
192.18434353992518,231.44869854651168,81.707608320188,240.47591982827038
200.12562865494334,232.69332953361638,82.2596045879544,240.81654095266327
207.79675898939436,234.48388041921658,82.218859498276,240.9248100520531
223.16433362167845,239.57736308176987,83.01722044183772,239.74525286903634
229.67303229608666,242.86276443287883,81.36831903418337,242.11092496692828
243.88825889678233,243.0645177751627,80.64338074062897,244.9705360725827
250.67999110581755,241.76963384830054,78.4717443636352,248.5775705574334
264.92241585776605,246.05474942448512,78.91040255016786,249.4428147544905
268.44277412317444,241.9834983488783,75.99599922888473,251.25507188769885
272.9971047902696,244.4459390169997,72.15169307734219,254.22182883041722
276.3217638612017,245.351291404557,70.25751047167184,253.89137274495405
280.1710179418278,254.51378268620252,68.7434400621896,255.16295542824508
281.42215054611506,253.5744987112497,67.05899838285863,256.6954630723169
283.17227292321616,251.097581440418,66.37869276516157,260.5699665735979
285.11656393374585,244.901986747213,66.56725012169618,260.3033877104962
288.1947025950172,244.12180992671992,66.52817317375676,263.28503484856793
290.2607862112784,245.63596190938858,66.81495030006003,267.3161905695099
292.0296456972849,243.79657443759658,67.93171560005021,270.60350059424206
291.2281533841918,242.635504915086,69.53936454300982,273.4693406323243
288.3753141844437,240.5718994054809,72.65113487098802,275.2455398984522
286.42206593214803,241.5506342812518,74.62232732990222,274.76098233925507
285.6369155452421,242.39508339340756,77.11908652208336,273.67269347706895
286.31089257521177,238.7515012094807,77.15270339739331,276.74978198966755
282.5093780936195,232.29222667857684,77.98751384327446,279.02776804030583
280.6274785988644,235.9052912466229,76.70061169142714,280.75540095865705
279.3866886349051,233.64194539110397,76.03088856644348,284.4441305191212
277.88472312621025,233.1325200867537,75.57431815141445,288.2668968668812
273.90746488290335,237.13839140453692,75.36838179531587,294.0815206558753
275.4864395758651,243.6603534507534,73.91295075331776,296.3004997769433
275.6161433097852,251.1148664848511,73.21928279792122,297.16139501154333
276.7982962895432,253.79645930680985,72.39583486872436,299.2792851313282
279.81881130449227,254.40123882203144,72.58608659618096,300.73512326809083
281.0230679031554,254.5423247896339,73.34677787235017,304.0336524456331
259.0752604240246,250.49182935622235,76.08415918803375,299.2099664173146
279.716864059914,257.3030403085552,77.79392905858889,301.72249896516365
284.0112342863513,255.76611198308925,78.48539242498917,302.5598594059972
283.689761956359,248.89160375992728,79.59289312335345,298.94256764004086
303.5260813975005,257.91180491903754,81.92755938633415,298.1116360707217
301.19532854645803,231.08953555844,82.27144481101423,291.93268464909454
304.5575662464019,240.39646606977982,83.0093879673399,285.21758537568246
310.31249078278444,232.0216517002082,83.57718705741662,279.10133124129055
317.04582525575404,244.49620852440594,83.57701076437041,271.6850049158931
323.70311316065363,240.78363537804927,84.41776370518167,260.42808143016407
338.86882524014214,248.5415988968996,83.31610066986181,254.96534843848394
342.5187938681543,241.41338673223925,81.15386540205766,246.47466240098336
349.11320781909774,231.40076073644502,79.69459549119864,234.55538390551123
355.95183389073713,235.47576353836757,75.66220075453607,227.09091748766696
362.1455706984973,232.32881546633564,73.11923054172576,216.69767984266832
367.2322066623347,229.71542067351007,69.91464281052312,207.30874581839515
370.0182102546119,228.58604346148053,67.73410653508732,199.79123509810609
371.1243309460056,228.04723846722698,66.42585780519298,196.5012384467511
370.0758421403779,220.56557727965742,65.48013226474552,198.98681004369203
367.94885932401877,217.75502398320108,65.80362647717575,200.0880768729633
364.5713437889966,213.0034147109587,66.91693629859337,201.39661138882258
360.90432922450236,207.44255201881774,68.27438242358403,201.3668284418057
356.23731997824433,205.11754535487552,68.92511520290432,199.45036351727921
346.2857819015173,210.31515812515576,68.30191572159275,198.14558158786377
342.5894974012979,216.50949726519218,69.11736823262113,200.87919391905805
329.84018416662957,226.69794075207193,70.27769971904759,201.72132969615305
325.08345738991073,229.58413688989637,71.57385667214355,199.23182750190978
311.82571145981575,240.7330969646771,73.0261218325044,196.83443339910124
297.5245974484715,243.9928960463831,72.81253297592033,196.6777955742818
281.8071506757704,243.75842872544902,73.25251532747497,197.5289572197243
267.4178956074071,246.44889475194944,73.84001022067132,197.86441196176742
252.15519890767206,249.44566802144104,74.36909433974586,199.7877493682493
238.02921373819814,250.60796271012373,75.78853370335189,204.11978573856456
224.72729993584957,249.0514701748171,75.25427308173066,210.0386623230023
222.1282243343782,245.43564860341849,74.91199087784362,217.47918510053748
208.2916812781814,237.8483320271538,73.94533127795697,221.80948651173387
205.30877759039086,229.1366403632339,73.13869440533854,224.86519882669523
199.10823139039312,225.25967843136593,71.50049542349808,230.5619675581375
194.2347993912089,222.18466141154494,68.82208648027715,234.42659095515558
190.0320818912954,224.01526598881892,66.63011890747231,236.1377830380954
185.6596138083722,223.20686778221742,64.73351549964929,237.7071671042499
182.7060361152027,223.687460789627,63.45177947516065,237.58612405474747
180.44265494432963,225.8644964583895,63.07006880207525,237.9359163379805
174.75589365970615,223.5968059761838,63.48677469804341,239.19854215636536
169.4385586696064,225.1531347217067,63.57038209431954,240.6967063892575
163.96347544228175,226.76407746664015,64.01500484016759,241.62418823184913
160.58330828108575,229.83780229412278,64.56269363185892,242.64226687430818
159.18917059355744,231.5743943212831,65.43727677096885,245.04898279862522
157.15710474736514,233.75912731794324,67.56729508006032,246.17439462055157
160.1282185218187,235.67163493264619,69.92275315432217,244.88203701443666
163.12724416677383,244.1021768664003,72.33497255532987,242.13422390651095
166.89779579240468,250.31555333641168,73.92645482958083,241.66789062133438
167.02655149059342,256.07287556603626,74.0166970771929,242.52925228848903
167.69640451109672,253.67064221814448,76.03191881443036,243.16323491826307
169.50993402289222,251.35420824755124,77.90531278613965,244.42190251536385
169.9773492648366,242.91649622735315,80.33856220299249,245.32915638974444
170.47718382908278,235.89103920995566,81.23362495373439,246.46317932651692
175.10634839884585,234.1048470934555,80.4185417019646,246.19641003130374
177.44916759410145,232.78678877026692,80.70099479933793,249.04931704087343
180.51232738906592,227.38826899871245,81.67235959280133,249.93668670788378
182.2909275065793,219.11857626023433,83.45806249498159,248.1716688797863
179.31627124357396,205.67179975800184,84.92063204766467,247.64708338022297
180.77318028448198,198.46033158925115,83.91962786774985,246.8178024249387
182.66608441030476,195.43113535105564,82.77767566468829,244.11086077199622
185.3288460624546,194.24117606464367,81.31029878945051,242.17887968280235
186.50003495110332,201.01504004030693,81.50192856143893,241.04495483206176
184.55707507419368,208.71779969604228,82.65614050390262,238.6338097957986
184.17928300551313,214.37288110697526,81.87313528293393,239.58511109289014
182.77645527392218,217.63043956652265,81.38171595134655,240.48491498068012
181.92886358157358,218.06493743174047,80.14494399851932,241.85717501043735
182.47974277717879,216.6268716013414,79.28155134689288,244.0404601345991
183.14422222050868,218.32761747714298,77.94501244954705,243.73784342877235
181.96331917204986,220.9687166655775,77.06871515672469,243.9319319400259
182.31340458099453,222.1679946379459,75.80100780595646,245.06544925464272
180.8760905511802,223.45151598202997,74.89662604655439,246.0603927744366
178.9547260579065,223.82705709768263,73.64382881468745,246.91160558421558
176.53297431139555,221.495053641684,72.76155134381167,247.4392580498017
172.8166564862388,218.11143764875322,73.14009458689863,248.65131330073896
168.65272543921657,210.59367662475725,73.88186945407537,251.6611786485966
163.84453735326207,203.6894643732354,74.32318916846484,255.46298560555874
160.30008636409528,197.71542222183027,74.30419148096593,257.1022997286205
158.59324063133982,192.62095737011634,73.66237290237892,254.37261218351318
159.19776637339143,194.14353903820205,73.460250935068,254.18506360297226
159.17005593148576,189.6402294172857,74.16762456240964,254.95159056727812
157.14971999767917,181.71997262395604,75.29733933201562,256.48104134113225
155.6592072930374,178.8355256064458,75.99041184136624,255.59721873949505
157.02987872854504,178.84889890362285,76.84395074334597,256.95068290239647
158.51087529861314,185.23653101531977,77.82828862737969,258.52153093028437
159.10383728102966,195.229937727603,79.1909448322244,258.9489879067189
158.69307331453712,199.23667021684005,79.73072244382129,260.0350531482765
159.80384719155484,205.2395278340784,79.42737732841195,261.79971221189555
160.61965182697463,206.93761888160878,78.6324802391405,263.93588018015873
161.79624581547654,209.80729008725257,78.68898121172164,265.3707878947562
163.11371624300807,214.89979081404547,78.76533429243432,265.3585369141928
163.47735535359203,216.17083528577422,78.94056027697013,264.31039583431414
162.6545256988454,220.45080302189734,79.45026079568431,264.47128365003175
162.5257794935,223.727343894701,78.87141766655725,265.75244186414125
160.84270469560985,226.03742462684977,77.88497813193594,267.58106141333246
159.10705312151967,224.48706575246052,77.26548242528845,267.62631155652014
158.73215107522302,222.9917028820916,76.65991551949918,268.72810089684447
158.0878722892613,219.26526052153986,76.46328341513782,270.38819282085933
158.9612134495628,217.03569583964696,76.1426508038549,271.21109600742955
158.5952319768926,214.52343448486866,76.18430350940342,274.4137064283204
155.41501412218946,207.39453365881687,76.89306447134265,275.34421373075355
153.19632007116095,202.21820158542906,77.42313064346801,276.5337356732445
154.82593693518743,191.33941071218382,78.32661330411744,277.0474628970299
153.31566554922034,180.63877910203797,79.24389102897827,278.3932299015013
152.3288503503815,170.2777393525039,79.89867102859235,278.7824675274005
151.57783032708815,162.0117679496066,80.58755274187746,280.8625918670086
153.1865254424311,158.19453188296887,81.54855968984145,281.7994002162569
153.97295579992897,157.92798130952005,82.1288066179732,283.1115834230148
155.83040023747478,165.46443106603377,83.93954249492624,283.03184225044146
156.05363498058836,173.11926951839985,85.02112283532105,282.66916108087776
156.40562746806864,177.7811655712667,86.63428440004863,282.2227264580542
157.48565334033466,181.21498194436384,87.70758984660239,282.4429209175179
155.36367054007295,185.2340133281118,88.75526376202147,281.28292230560055
155.02570633194853,189.892933886805,89.25482100619976,280.9852304191712
154.08537982836287,198.4731317970083,89.74899010567148,279.6510064737646
151.3759659364012,200.2722741315668,89.38817292346938,280.0567224684049
147.89311153932164,203.9013761443441,88.93784701914217,281.13478305314084
142.95459158041285,205.66972603582948,88.83632362824392,281.0532653456706
139.90387108514827,204.28805319182686,88.46734521188223,281.23644588589445
137.84846534911674,200.67563201959453,88.17407057096918,281.1136810945864
135.5156952831407,194.63198562035348,88.0979725193275,281.415810013674
132.10666485166314,193.19804383974548,86.21943723665277,280.6457274188841
132.7623521069421,193.20839525883932,84.40827524645582,278.7007409570011
132.0604853532554,196.4471300783298,83.00433076959152,278.6817154365199
128.47634217500254,195.47418921908783,80.9667112117906,279.37671119156386
128.10065339011928,197.99200062507327,78.8578516599751,280.15536269065865
127.91824730940309,199.79480284472788,77.12789887351623,280.7804544526739
125.71851957262149,197.98721535813542,76.21595631775203,282.34106924138007
124.72538655409988,194.71531190741896,74.68370223798924,284.4321898329985
126.2487681597959,196.46814351103882,73.54748854804342,286.1269751387898
130.10952850162175,199.1051326435619,73.08585365235557,287.84958939541116
133.69571724991158,202.68472211324027,71.83089320518391,288.93799575268525
133.30506066397453,207.00182616982477,71.39619258788105,289.2646183279928
131.82106924328605,207.87516139899498,70.93546139231645,288.16651775156845
133.57872643855535,206.1793712712096,71.22777253392813,285.8265845069256
135.55877764866915,206.03517981624077,73.21120687212343,286.4586976877258
136.40112021751457,209.2286430215389,74.8928120653194,286.7837978731989
137.67887703611711,208.69825917128105,78.03248456626736,286.62982029058776
138.680319248909,210.94820539080771,80.21090936385865,286.9459616917139
137.7670650037503,212.25291963744814,82.60826488863037,286.5421544409562
135.40040994477891,209.97203446970357,84.84076724442717,285.6891122115955
135.2782272026542,213.51716231430353,87.64939988718494,285.3119760292315
133.26489088305354,209.72760589847175,88.46310417692945,284.6240762647647
134.18478850852847,216.1641765721078,89.71706226383967,284.9144614525268
132.44364193759657,211.82111202115843,89.77957610501377,284.0641764080022
134.29773927494696,216.89563232613935,90.02577124087516,284.846796450201
133.5015031393675,214.4422152611595,89.9691224659678,285.0156869308687
137.44492392677046,219.10407524661827,90.22914864323705,285.6249923200586
136.98143324467645,215.43663896602732,89.6876583611162,285.29471805354274
140.72150845713395,218.43698271623597,89.11185011073121,284.22328985335736
142.8421998475201,217.30911804636213,88.47682967279339,284.8525698465627
145.60077297524262,217.62949655761952,88.20570611861177,285.5890524089707
146.98790716014938,217.33895627122013,87.07246078861607,286.137113215558
149.12449954086094,218.74596650233073,86.57691017102226,286.1195467061261
151.34490480797558,219.53683972386173,85.99675709032996,286.9992050634791
154.14755691596372,219.09791262586185,85.19107207219915,286.3166932249711
156.60959104724543,220.52125098671453,84.1003046385695,284.9235506295475
157.83145922910415,221.02870146528463,83.4443702558243,284.95540081395546
159.08430977904817,220.5857916903656,82.74381036649231,283.9161671249248
161.01387514869887,223.8431492128507,81.83395965076573,283.67080260867164
162.57272224807068,224.83564042299975,81.21600819837528,283.05651029571914
164.4361845031318,226.91037133554008,80.95150224446641,282.50560951914616
165.88184662620122,228.75521309023924,80.85063786961967,281.88080232772575
167.84946548203024,228.67039815401063,80.65055049518088,281.2948561260596
169.73439740460867,229.23689771753166,80.7627598140102,281.44682024917773
172.62867586504944,230.47851038520776,80.7755258301404,280.8920701745601
173.6901089589951,231.50565125544898,80.56294881060697,279.02051329736844
176.29027495741556,229.8884862306293,80.1017835503688,277.8120747732468
177.6465104659915,228.75388872445026,80.17978766329809,279.17972014828723
179.6027996329127,228.0959363882348,79.42810801491098,278.51957349015174
181.387895416463,228.02962128360605,78.79379496305393,279.2869656289213
184.85644071001394,225.30120761267426,77.81678595325309,276.7803883153283
189.05803312574193,226.50414320505305,76.4418418024917,275.3814687010816
192.57128789427367,226.78515435009808,75.90143818431252,275.6434628032225
196.23713000744,225.7411135015474,75.58378584503428,274.84858155820046
200.7994498232837,225.615656875791,74.92619390469206,273.0352479167842
203.47077223461258,223.0803995120582,74.78481727814031,271.9889938072747
208.02495449271163,222.49390150901365,74.41635239725713,269.6189488225343
209.32663845658578,221.8859367430936,74.54343247709244,268.12213268787053
212.20154409769566,221.66691963015853,73.87054885676844,267.15424998449566
214.756805652271,221.07990540686012,73.10496021111872,267.16724754253505
215.48785771932046,220.27090594892226,72.73740215665542,267.28304013287976
217.37590973205687,220.59954223445007,72.26137819214148,266.6052694630186
215.62265648621388,220.526692120598,72.5452823164263,268.47002319757394
215.82237797981307,217.6323785180323,72.59001606272174,267.8805085226699
214.99261371307014,216.46284011573115,71.75008819056795,266.68065371907215
213.8022823687127,216.5478389285932,71.74798200988282,266.84044811605315
212.16861199271483,216.0188514611784,71.84239204441033,267.36985287571184
209.56067249394448,214.3875083872106,71.45192252739412,266.3410160439111
206.3627529969961,212.66767932490725,71.42123974318415,265.49118776028416
200.8931496839793,213.12937996650226,71.73226014332667,263.97562351036595
197.08351233716462,214.86532428970102,71.46193599052052,262.29056767341666
193.11504721953088,213.62053956880155,72.05677371174988,261.68491702625687
188.34614975206387,213.44513991756435,72.22872582747007,261.50167319547245
184.4498503871715,215.3857533984722,72.83672372717666,261.40751221647537
180.68504227917285,215.97118890660062,73.37931134438855,260.03086935165913
175.9295487981779,216.64286743051554,74.08787578287988,258.4277106180192
170.50966423571197,215.08777825859752,75.49596518216481,257.12303109747535
164.76544501577644,213.59522905927628,77.08475686300267,255.79034184887055
159.38284817263363,213.86733733216354,79.07498240201045,252.64431198675078
153.3638963671139,216.11098296279621,81.64948517229064,249.8276082651583
147.09057782548516,216.57579495580367,83.4483300115906,247.65340687130646
136.3133253607877,219.98098508299802,83.12236847980384,245.6878776339161
133.85977501201944,221.6175471426355,83.85950057229886,243.8829218925174
128.315850225862,223.69571372766706,85.59087049983836,242.89181255935304
117.0893539536328,223.8999093562689,83.67701695970206,242.51912264407645
115.85175556136785,227.18150631084737,83.57468860537696,242.28764431872077
111.834491895475,228.4257309041878,84.77527781536702,241.2951210353602
107.21356726390252,228.8425394134425,85.31050018642215,240.4955055833205
103.59766762849713,229.47111688211152,84.23425502363915,240.49391450115365
101.18532302768364,226.07469029034536,83.46742010112065,241.42103406118133
97.38186837319024,229.72669902730942,83.0141992907837,241.70093658923685
97.2081940182696,229.70340391003253,81.25031548147521,242.4489529126006
96.98674683618222,229.25477880834185,79.87862106047847,241.92988493780507
95.28232743850168,226.3066284347503,78.96176148013761,241.44752500612464
93.4617190560184,225.05595037262222,78.41685248979414,240.87654803292293
93.99791568187999,227.54441411579307,77.25839886309576,239.84715153145976
92.56148101788537,224.20541562773792,76.4493786570884,240.1706887449968
93.24514706074736,223.48767275751214,75.49397802649978,241.045734719995
91.9334723813744,225.22781580288222,74.8662742903818,241.66585479914625
92.17644270934869,222.40494023786138,74.96899417262978,240.61318111305633
91.52602178849136,224.64906673256428,75.123822039201,239.46251404970644
92.54758149617216,224.8345154135901,74.74507459115509,237.9382523869269
95.00758959976886,231.92423708101896,74.74004261018847,234.17984767969375
96.54289405228255,230.93207997293513,73.7584789913397,232.4808706990383
98.2800582863337,231.83598458777328,73.18542425065439,230.65192746722778
101.35118767028224,231.97774486022786,72.0287177937009,228.92105105588644
104.20883816164007,233.54269138037708,71.4093817195851,227.70860272155113
106.85457807147391,230.4849875990008,70.27422437916547,226.31084147250562
107.47864280601866,231.5655516618616,69.48314886944563,225.69579775077568
107.85594077405622,230.26806208341188,68.60178738418762,224.43609708475338
109.84938925061834,230.5107642116774,67.55028877128859,223.92594663187782
111.25691194723807,229.72236935805708,66.88787561452986,223.98795689060927
111.15926420532449,231.29048414340588,66.19428416979868,224.27488358135574
109.5313383360834,233.0468863326447,66.24199148193505,224.31449266647064
106.98947459936659,230.2955840451538,67.18962724623167,225.4820528574498
104.31958876871768,228.66850088140046,67.6936187637917,225.72173311050878
101.74930263720101,229.09767159669084,67.83039969458017,225.49185256402228
98.24382961635263,226.19235170645686,68.27142805744394,224.88694306623097
96.87112937460162,226.3874748601238,68.88677120604605,223.76214985910156
95.59186190270663,228.05799422673516,69.28619965683983,222.27059330456692
93.92578051145807,226.97065297519217,69.58444262808814,220.3838820698599
91.18866624861293,222.25541907486516,70.76893965124546,219.9108311937561
87.97448791380599,219.26465189180175,71.87302464193479,218.61529694492322
86.50073154213501,216.82293849594961,71.53930121355431,216.25836204610624
86.39773852329094,216.5681655660776,70.63361508823283,215.1821802141999
87.3487885857394,219.01021377856046,69.98871353549472,213.6365890573311
87.6469128824931,221.86353081293453,69.16310580695563,212.99867437563742
87.55356361261835,221.62871922641062,67.87295324101511,212.98243141928688
88.32092125210741,223.89770058931268,67.20667626550762,213.31754656289803
89.73865482330685,224.9519241769651,66.47729799983298,213.93880853600018
92.0197609431576,224.51731758279848,66.52362009622155,213.86335402738058
94.07386513763154,229.67810935589168,66.65633177410717,213.73926784905308
96.89867611613278,231.58695360190467,66.80278992956197,214.116843219637
99.90954736810394,236.0595600452291,67.21505936180739,213.7173571091112
103.37711155220018,243.426219273083,67.39967195659709,212.27135592940434
106.51852501984064,247.39763536644924,66.47323311335721,209.7699819679221
107.88691635886012,247.69716236538898,65.14089667955804,209.1804680231271
109.13428965693055,246.0893987645566,63.818690271252876,207.78606852419983
108.72929411291392,245.31429304281536,62.60649531840785,206.568684438126
110.98884463668134,243.93466178405907,61.0439966058492,203.81785755820817
115.36300534326386,245.5026265057425,58.082456980556444,203.41353030676635
118.9888400145189,248.43282405308122,54.87494275889598,201.74873143019806
119.92254196856591,253.16215113016057,52.583292927044425,202.22238928775812
120.91658410016782,253.46277440661044,50.77369769324809,204.48196112093626
120.81099656408536,250.18088925585545,50.59165076123785,204.31109463884636
118.09380508908089,245.33359396743208,51.52365238647872,203.4293950850779
116.38791882779088,243.1070893262102,52.534998759690424,202.87317041595304
114.77117420523727,238.7198915597424,54.06905169784424,203.56304751627144
105.53224854590599,235.33641784833605,53.28886735671675,203.90092828106413
110.12421972591937,232.4363514278118,53.38102229435846,203.13494574277917
112.49954985446305,231.02686873846397,54.26665211066586,199.64584236918594
111.75134322714804,230.04054954279803,55.55637281868982,196.4693589991958
102.20448769786695,229.75439316225447,55.954145766900446,195.67156863947912
101.94597684112617,228.3888656821611,58.337346469792394,193.2903179584915
92.75344150546834,227.75201430369646,58.959201122431296,192.72598739690122
93.50428937812875,220.88324314575004,59.382341059025784,191.47035325252796
92.61420001186195,217.37153046796226,59.97534034533895,188.4911550500591
90.67875250858651,213.45211062685627,59.91123970064473,184.5052505077227
90.48675207498742,213.9692191037808,58.97840003840108,181.16057441691078
89.89655525535508,218.62617958718695,57.81650232253269,180.87283276375814
88.22556371001386,217.07325594211795,57.111281395575986,179.2108368074362
86.72555899832014,216.20157480130862,56.10185564211406,175.93204475784756
78.09625263744127,223.8566047829703,54.7656826735642,173.0039914397269
79.04684005478765,226.6691171669966,54.371184155132696,169.1043553178
77.5504385088285,227.6246445718129,54.603739062846884,165.82623555531708
70.26342062641268,236.13709756564845,53.37294809122835,168.77615065834428
68.00614299990141,228.65158670719757,53.350752073956684,171.4391279416523
61.0497018904173,229.18501647855064,52.75828608735851,168.3121108614858
63.05641419587107,232.5834641684413,51.554774396449154,170.3110490693509
64.31611678302824,236.82882923185025,50.24999744173932,171.32717490719372
65.11842555361642,241.22801465769317,50.08394169770499,170.1782839215357
65.49259186918218,243.1531064105396,48.89423655280241,167.9998625246456
64.57995231569124,245.4382661472181,48.35737238166231,167.71281674818803
62.510930495125464,243.91993717463956,48.583766318814384,167.45938723187356
62.73898437665844,243.32641996246866,48.59265399956938,167.0805202575566
61.88059055984689,245.69354586451465,49.99493015524526,164.64313248621
59.83256679713703,237.1739286209588,53.13920159338089,158.69463122503066
58.342098449359646,236.98997966753245,56.39901632209681,152.75034193705918
69.71940148860082,238.3455764011547,55.43736373482539,148.89975394810145
70.49906258332405,236.98294970326384,54.68785277985313,146.64640588819464
73.93280746187267,233.42088120410838,52.995623089741976,144.4750488069157
76.99874305553718,231.36894537219214,51.03709651453454,144.30593644288564
78.97964036038786,222.35847696818763,50.40504791275247,141.77562851517686
89.26094723865955,229.89899708516384,50.47492431429015,140.29977760464976
93.06967905710921,232.8763470991597,49.78325098729684,137.96608478071386
97.74342415305755,241.85096114526561,49.0351565473533,137.29785491848244
99.70314373239877,243.6370097509996,48.536204792540474,135.67580210055394
100.89882122602867,242.53242352540272,47.98296919290731,134.82500870282496
101.66961561938427,239.33148120319322,47.492448950583935,135.94907800529447
103.30736745678655,234.72443488453848,47.692990645881316,137.06344682668598
103.21775764024713,234.13813254161195,48.75403775260061,138.72790859419075
104.21257970092546,231.03654099781218,49.96794063212896,137.9233488000154
107.09127328161303,237.6620294314815,51.207531753682275,138.57857424896093
108.42040822728165,239.86189716450008,52.398926312036785,137.74256425442036
109.97187462170332,244.01197867299777,53.170461134506326,139.43425495141423
109.61001997627724,245.88569397588813,52.71898593706199,141.64545490746212
109.74589470320032,243.7403748979499,51.6031341005559,147.920431585296
108.38255146218484,236.22262381603173,50.60667080612812,155.31583994572654
108.92248365031074,234.85422658867492,50.004105226053255,161.10781948001477
109.27886189074184,235.0450904243818,49.44325274702307,165.93078321866568
109.04864589178739,231.88246911771242,49.389349291421674,171.0087533405494
107.17957278232957,232.64847758052574,49.58355162834877,174.41966568280606
105.83202793032243,225.42449785060185,49.26704608318704,178.7960738197168
104.03170361097482,220.88869879172313,49.74630366391412,181.80595299673936
101.37137025582913,217.8808599689143,50.191576029875634,183.6325976108934
97.51814443709428,216.15809325366482,50.37890458995279,185.5245866392699
93.73813743529256,229.02996287810242,50.735354426533526,192.30302604029706
89.62483265400864,232.4448526300318,51.88230261977762,198.13364406604035
86.7268676034141,234.13865985633595,53.16790061342275,202.57998633187685
83.33405726871875,240.36662444299733,54.37457373871555,208.931960448349
81.2556424444623,252.26807196066042,55.650165880361996,215.47137345745642
62.89039911235837,245.93821652648887,57.73609459168901,226.07129586029964
60.23012915335442,246.39797779661424,59.8773246647262,233.0999711616932
57.225763648283774,245.07629755284336,63.81915446789728,235.58750262193988
53.05155637212229,248.00529114336837,66.89704499525686,240.03711450857782
50.8375992306409,249.97677210816147,68.89425969135137,243.6720973345458
49.15184253514069,251.99587692369772,70.36153330860148,246.10026305442545
48.8259974065044,250.1166767749739,73.70321432476993,248.2677753284966
46.74879507757472,250.20664028127766,76.6654505084319,251.3391126496141
45.3887381453856,244.24894015651356,80.05381845024468,255.8614784409819
46.152255789816316,238.3750205387157,82.85006826422749,259.1083687706328
49.95905494468196,235.61670647234695,83.4649045171793,262.1180458096966
56.890900617508706,237.28751233983772,84.12089319471917,264.35768045075264
63.549345095943515,237.6074627746632,84.64859823961957,267.0578879757245
70.48306055436842,236.63257676389821,85.64487581886351,270.8014279263316
74.62577577393219,232.34666764641318,86.06730728006556,274.1791839283305
79.48543870944377,228.2687375258237,86.37021251103215,274.62788751133684
85.05073020461163,228.18001356243437,86.23389221600893,274.7229464708399
89.80906073641806,229.3193891129368,87.00143945012556,274.6580523053361
96.66994744704226,224.13944897418213,86.71362312879171,275.4406420478723
101.73871224587874,221.04138636240182,86.59988198326718,274.3538001808262
110.80648872183892,220.4815548724396,86.5184786590324,272.9658189842675
116.85502481585144,220.66825475900131,85.79822608160305,271.8410526554533
121.15177376784771,222.62538613547332,84.80051093441591,270.25581445580826
125.30405425877306,225.4674920051951,84.34578201051809,269.52553357116204
127.94949615763394,225.72052196255027,84.69308514440644,269.61260650995973
129.84423439970124,228.63323140982237,86.064121107629,268.8905325327129
132.37184604072687,232.62673041073498,87.18376307139687,268.6923705332375
133.7465943195118,234.07860641536843,87.99460858726759,269.8650383542929
134.92615783214916,233.4685220386917,87.85817500529117,272.3708201676439
135.49776068904535,230.23775631932364,88.67427660446418,273.47827331353335
135.746577311784,232.63576614183137,90.07166157893472,274.29419023773175
138.3701951714606,233.47275701048358,90.72408692372942,277.0028445706788
139.94414571982173,233.81320873618412,91.73419535612092,278.3462776957395
143.7416995250113,232.63340152427605,91.96293599326988,279.7821007110168
147.65399439974874,232.8286404436275,92.47213225453721,281.9079874467463
150.36383752606213,232.5988834609617,93.22734176530763,282.95380601708507
153.7463739688904,232.53852501871376,94.07592063212303,283.614845026539
157.077193418147,231.8304836824823,95.06225813207783,285.10825333366023
160.8965459946395,232.83395064761143,93.75669430599714,286.1158023784081
163.94310031608634,234.47492737813187,93.68182897593915,286.65447016942716
168.51223084310766,234.00629345275706,92.07417514540724,287.73588812827575
167.7683955335346,238.0651722597148,91.4124047607539,285.95314962599355
166.39727172199954,237.4890935006057,92.1949773102004,285.5088898363581
167.7918341376435,235.13625043455338,91.9375817002565,288.69972773619344
165.98154199374488,232.40476428836723,92.16413350972115,288.2002008868726
165.6679287667106,231.3337023977876,91.67500251807293,287.1249844370901
165.28706869742842,229.8960456780566,91.43212117806057,286.36935910816527
164.73721150816257,226.39658073077246,92.03873452600415,285.57032442982705
166.67515585634064,223.5994304488152,92.11104867808245,288.72953898185494
169.61865598067854,221.86580462050597,91.89901142684317,291.4647763400344
172.07531591786397,219.4263033955005,91.24202824146766,293.1645833859926
174.7665987208527,218.2492670573917,91.04958571669752,293.9955574742204
175.64113214372153,216.74259514674108,91.19226253093296,296.29250776515283
177.4974561357779,216.3679480241533,91.28926067642837,298.3111917589017
177.6440018383525,216.70160088729614,90.7311128101834,299.36742633870733
177.69031534571886,219.05928297343067,91.17009437699365,300.2276732809402
177.32668075325114,217.97220045934156,91.20730240994769,301.00413966829507
176.01104616200445,220.64551052533665,91.45031456576872,300.64515133409543
173.7939581317687,221.03527291407642,92.16053976335571,301.0672148296643
173.84647312552255,222.54796590225496,92.72345098850214,301.42096064728304
171.20537249375275,221.18947795212188,93.32867271026313,302.39580197647376
169.57388533814535,221.97777674009285,93.73069130629851,303.18181664799886
167.44651044603586,222.7093320931833,93.67688787167592,304.24907426991246
167.48999668386583,222.65290181160327,93.5662532274834,306.1717422528494
167.7038605847575,220.71766598214597,93.92065513065228,309.0799442479533
167.5719468721114,220.43309495805065,94.24590758990126,311.5932689304976
168.0881980973412,220.2441860866927,93.8634759855224,314.8933696074023
167.8756196971588,219.70987957389377,93.9070811625428,316.65306540859297
168.31042968728028,218.35226938697394,94.05389549416662,318.43884391317374
168.931961603276,221.91251548360677,94.41048013782218,318.24116036706386
171.35882442318808,220.21506787716396,94.4799603505065,318.50178872661695
170.3638504436567,220.6850693429683,95.21990664063922,321.8622475641123
171.40293875000071,219.32964509647582,95.61849327639479,322.43190195194893
172.13756496488503,220.799651848149,95.19071471213519,323.79926721752344
173.76677164722412,217.82045859217976,94.60616738101109,326.11688162519863
174.61683877247344,219.30401498157454,94.72266051374459,328.30147077359413
178.37215948097943,217.3676495831705,95.117007385612,329.11223848904234
180.37408233544423,216.5250292893062,95.32143842533962,329.4069413379709
181.46375228942455,217.7773798961344,94.4179877948372,331.9965346723492
182.0382259827741,219.2725569520231,93.65743467450507,334.8642347216435
182.58573921978405,217.23362015132284,93.06460409520335,338.16385894007135
183.5220613258943,215.10587813445017,93.74528648973329,338.9676370411995
183.9704542190739,215.84183609913433,93.95009801248665,341.47538496070814
184.30117144649938,214.70434422722738,94.55197244034898,343.3277330300454
183.1849794914218,215.06212585657886,95.49742412050838,347.0284576703598
182.77321480629746,213.01854874669354,96.03669744970718,350.8862865658335
179.42786895223,208.72707186211392,96.69797021252958,354.6898547682813
176.7864189631145,207.87028761633383,98.36749047388743,358.9480084878078
174.2603766847338,207.3131982560564,100.01548915609129,363.18167187137226
170.64495986408963,208.4520610923388,101.82689683302416,365.74208239494396
168.84470513071602,204.4081585630483,101.40505789584077,367.8458076157259
168.2297227074308,200.81163485463972,101.75613592352539,368.98346467457185
166.42119220306222,194.67574498631367,102.88596853870783,367.4681159627376
167.26836684931462,191.59650637180908,103.00155231257118,367.18434103262814
171.34063829515455,192.46284320368414,103.59323645641376,368.3466880922209
173.92258664970973,200.63736543273106,105.71143374907345,367.35593526010365
178.55222772576718,205.6550705146263,106.54137736600151,367.68138019885225
182.33431361530154,209.12701247509094,106.48475439598428,367.65685596191344
186.04447565589882,212.00485349810188,106.66209514785857,366.64443620684614
190.4562421887253,217.0618609831975,107.10353190795021,365.9276160990206
194.71601579005932,218.53872132271434,106.62372526772117,365.2007115973551
197.77909273436728,219.89943559300292,106.25418463365239,364.7190162759247
200.91892357836267,213.6216725117667,106.97727000452998,363.2286773794982
206.235766719794,210.07881009765455,106.77089085057361,361.1692091077469
209.29167403542755,209.85281899888827,105.61744833539535,360.2274595919845
209.6983208484799,203.3470585808811,106.70649011464035,360.41281141402175
208.79619924235843,191.82797042940138,108.36210428735734,359.7920292819226
208.50147298887643,184.8299679100204,108.3479733392356,360.42891395172705
207.5579396902005,178.63795630383612,108.3224214187118,358.56207218149063
206.62005172309836,173.9548565852382,107.3849658847154,357.62588247378903
205.8341869558401,167.2160132091574,106.8375729140439,355.3914186522201
203.87727550361566,162.82528768352842,106.37186872651279,353.7447262021964
203.99307041996718,162.4578225437502,105.00058122287317,353.5066598892311
204.44036846658886,164.16777636338108,104.64513459280651,350.8070866606368
205.2441964954378,166.64176209632794,103.77219113581668,348.80530197567265
206.5876466055692,168.84684638040022,104.47992826182153,346.46843066971985
204.92999810627458,176.22607865881236,107.89133687094261,343.2450870769459
207.47620673678352,191.35673493819482,107.90501969232217,341.8057654849778
204.58222535546358,198.62767489439364,108.66058423108512,341.1647644788302
203.70933191608933,210.32776996500067,108.68662475859155,339.40444593490616
199.78691763556083,215.66471703713395,108.27122325525649,336.5318113083093
195.75142909304685,215.68404922240225,108.23770910645877,337.2683608350009
190.3992367340863,213.0211032110164,109.15346715354246,337.6278832288664
183.96844658071717,209.06474540593908,108.88328590937735,337.5221261675122
178.57503946698145,207.80105251592528,109.7182587824787,338.0479131125484
174.0013737428686,201.1417238582194,110.1182738702308,336.84161658579706
166.9214273204454,201.10198308567425,109.06500429289704,333.2070228039678
166.5342095419013,190.53547426431064,107.85357664121446,333.46412873404853
163.41847581163844,187.54037677248132,107.16488905336978,333.0352787462411
158.73432609328688,180.815003889395,105.77690854469935,331.35977615273356
160.24541689726277,184.42578478687648,104.37013678782179,325.4199148496758
162.38729879107336,185.42147605521822,103.4401938009819,321.03251070845437
167.13032484963614,184.56436811430464,102.50942713765272,318.2041879473982
169.20915742938197,180.61215581287945,102.52976528931828,315.7264924178023
169.89432640481263,177.7972965125624,102.05312579236015,313.1382697342567
170.9475882788045,176.98076645212748,101.28506153610618,311.9726817361538
173.934194623423,181.995019512696,100.67250653882473,312.4640816590231
174.32545320953864,185.69237691111962,100.0509842241431,311.19540636718074
173.050534774178,189.81407540806515,100.03342826878404,310.02033393917714
171.67848626606772,192.39831962189203,99.86830315899753,309.51602817448725
167.456388072196,197.0206127930034,101.68330099556299,307.55527724333626
165.65167063165907,201.39571633538114,104.71927988727606,305.69539665851977
167.25343793954355,204.40129102130646,107.08221255666336,304.21671655928264
171.0671788450774,207.58516528228517,108.52740263585446,302.36413050528176
174.38755479735266,212.89734486034925,107.76961295817158,301.5290703603841
177.09494771357654,212.0361581160756,107.18081780260371,302.06503509076794
179.54016529387692,211.56156006977196,107.40683152124491,301.87103650792966
181.09790889029347,214.50684894224966,106.85602728892204,300.79291298660706
180.24044614600305,212.73428693183584,107.7651007815579,301.2717595034674
178.69892385220052,210.6184561047508,108.55613291608375,302.0826755464467
178.7186185448046,210.07066621986002,108.68184927607192,300.9849460091299
180.455647895366,207.33159262341286,108.28022261611733,302.66299144497464
184.11301977400012,199.29832198532824,107.83372159948024,304.91228723774543
185.2531467329802,187.7809369440949,109.21507780801537,307.5584007040012
185.4625620364081,177.5151235790187,110.05666573543849,309.8753439014387
186.74951042101844,173.8179450597359,111.18670101310805,309.3109726265583
190.67288502741505,175.39821790338436,112.53784875771231,307.4068095238332
194.70604235255752,172.88299604589866,113.68160376379942,308.2477667352035
196.54335597365977,180.336571116877,116.40921012221139,308.5602868889622
197.70943513591178,184.39566850102364,117.83349267562183,305.5998298526025
197.17841509893142,186.46396028017392,119.69106211512207,303.18850834016223
196.6012922899817,186.26318585585793,121.21558302184178,303.8697943931075
195.18051004772133,191.1496252571354,124.07801187384754,303.85127960422443
205.9666216796484,196.48187395581942,124.33326892615554,303.6895030396811
200.04509659385954,197.9863522320875,123.938917135453,306.4819771893544
194.18277373082245,206.37388749319496,125.59188565358039,306.2254918722176
189.21582365188038,212.56290054687122,127.0414260702536,303.7232964151947
184.0005175165968,215.79931802782284,127.85342032934616,302.1307552994218
181.4042141729722,217.0237022401187,127.62246687407828,301.33962220598397
177.7816446093916,219.52937666363727,127.82694180522503,300.4915204674063
176.46047115514284,218.75053016965944,127.69649708965332,301.0854201776215
178.74276851539486,216.0801506493463,126.68674937117876,301.5900218963178
177.03604734878164,217.09879095929284,126.47087394393765,300.7022148243602
181.87480367572962,216.96971583479555,124.99356900030779,301.00704203319725
182.79800296360773,218.92754615267515,123.85644221314868,299.8631461526871
185.40127678362802,219.18645250284632,123.20223651112693,300.7581485463389
189.24976967496303,215.71908930483377,120.14651182922594,301.0547294955866
190.69754318951857,214.0916783044368,118.31845370888257,302.55781735884545
193.53253616357563,210.6974415256039,115.63541553565548,304.4700725975721
193.40806552359385,216.4696161715846,115.59404121736961,304.45562290277866
195.41044850797843,216.7466149605075,113.32063735301637,303.9380757929366
192.67208083963183,216.60365407652662,113.76107870625009,305.18372180835394
190.50442292183368,216.21715715061953,113.35634279547801,308.76783402450224
190.03809138883338,217.0609748118667,112.36509285946445,308.696046170384
186.3360142042442,217.18963074845897,113.27482765390522,310.58117533151653
183.01116876962095,215.3228190072189,114.19285291188461,312.85741661184824
178.99654398973524,213.71011290958745,115.31005174762655,313.2732613556341
174.27347740920806,212.73121906587198,116.80318245583055,314.723827344304
171.9152717977111,209.50991227346975,117.3254022229834,317.8554064881142
169.4963326182054,209.32945621937682,117.8136335368593,319.90082525103946
168.63390877529463,206.18130472864925,117.22256373076797,321.2606243453181
165.56064763508044,205.2133238063437,117.26345609023687,321.3283497673904
163.07828411295344,206.05385591929124,117.08061395495602,322.21671517749695
158.53102624428797,204.9355625866557,118.81471423360773,323.21529191311106
155.3295272642769,203.20754195959495,120.5225766002156,326.1865733894482
153.78990615884533,199.37752100805952,120.65123439945762,327.4084863443074
150.02674353915222,202.14698046414588,122.97960784517315,326.8279948613339
144.6752978517574,199.3293221840048,124.66154031951118,326.2999784824681
140.76173016817285,201.8108738858345,129.0405655830731,326.02057087196056
139.27795587489987,202.18065841931065,132.5139199600434,326.3603724228748
135.77436340545714,201.88209116972433,136.74587782907412,325.4343076022079
131.9550538374691,195.18881842639723,140.89993337595413,328.54760823107404
128.68009563048508,198.7820517944468,144.05788630801908,328.4636452715252
127.32227246712756,196.65752266462388,145.53814650154015,327.57841092863197
126.36943718595623,195.2218497142308,145.83015648992347,328.4628730699195
126.20787132438717,198.31677529019726,145.37877043847968,328.1525046641109
123.4101119064103,199.30914793833645,145.86794886610824,328.2617077320903
122.30719612104096,199.79573302765138,146.93637671026914,329.1864269291471
118.0461233627838,199.59758616551838,150.0840066933362,330.3825225394948
118.40766540474044,199.74935590183517,151.14280000791382,330.49968787867266
120.22924048409931,202.01828529261678,151.62414821650566,331.944162280398
118.25410763811604,201.11408795189402,152.69503582810415,331.70425788767056
118.10744393162801,200.84369156052054,153.72357228887455,331.3903868811452
117.71077381733798,199.6673691369623,154.97481706490754,331.5974969744623
118.59343981616485,201.40595409903193,154.83940054309915,332.48974424087476
120.02625714569432,199.35124171970568,153.52004459917387,333.5166668728335
120.25926005237436,203.99927257324765,154.27941670310352,333.90349891880135
122.55229104531006,200.6478736176045,152.9262801322712,334.03625612726785
119.73348440336866,198.44685161762135,153.01268205903727,334.5122101251742
121.1091702265911,200.43232860279142,153.8028791686959,337.27926465397957
124.67907708515813,201.43931968936647,153.3048033894891,336.56993791353057
124.92063836865961,201.43099355728097,152.7838751385753,335.6318982907997
123.64079175622076,202.37253543210906,153.03473428752525,335.2716958105985
121.16560423354142,198.87788536058582,155.5291750467664,335.5151449137585
122.47647997488679,199.97978638650477,156.4880488597147,334.6326205995381
120.89609591113461,200.4608248953018,157.27552454108258,335.6717139787488
119.0245852034744,204.42910102895195,158.18543848493692,335.84278290438067
121.06167431528215,206.33010447337878,157.2459703347925,334.0557622921536
123.72468807789815,206.31614450254844,154.11333913944026,333.30380212736515
123.51660827867326,212.26950408845917,152.9152391372507,330.93348184317796
117.0705344348077,211.25615173626787,152.96032089938367,330.0593372052144
115.30665902348261,211.1640362981463,152.85231713676774,329.2655707784485
117.48373190976045,208.3908309568357,151.21806601181032,328.48954941990144
116.46705698797463,206.53394095078434,150.09016192624378,330.716942775243
115.9267912472996,208.32204933230102,149.41834522300826,330.9551331224239
116.19086979812948,207.8312493106061,148.072683238536,332.4953182135356
114.39799463276796,207.55036091016788,148.61728705245912,332.5832636588403
114.31158630761877,204.8853450600388,148.0763311674334,333.20460805364803
112.30617556290937,204.9734239224756,147.97055691176553,333.35978623098845
111.79952313819165,208.54449590558636,148.90067946355398,332.28647704641367
113.63790410667843,207.42512548287374,148.48717574534567,332.84683954825675
111.94601897722507,207.7247519793993,148.48406346068856,332.5819704899419
113.2949621878991,207.68032555891193,147.08725190182065,330.3900072527306
114.6084586718026,206.7560637743008,146.33424613188964,329.1491362525559
114.16967162744626,206.38551381036928,146.49923834766224,330.04675842463394
117.35665797842586,205.246388425926,145.95864157648919,330.56266566763395
119.65110657949567,206.75541711265936,144.3709073801784,330.3498117319724
115.9679722777615,207.36561778655832,145.17651752875173,332.2423516492807
119.43250119224419,209.96530111456786,145.46229295936888,333.0700493166869
115.77741773018967,213.1533446319475,145.83382071950697,334.3072096764894
119.38954932572496,218.57227764355602,146.32053126806042,334.5887675195443
119.78853942991148,214.09594723262214,144.88244789835238,335.35595013096287
124.88088215049333,219.87022809091087,145.42542740469844,336.0780812397028
127.43901446708473,225.62987365674425,145.79419389944533,335.21659459717176
125.70044903123623,228.44003979979027,146.34597434351477,336.0662301531818
128.30432348436182,231.5935428628749,144.88656342134868,333.48296627364033
132.41242510857393,229.75236914206258,141.91129168384978,333.2202219908692
137.05375222183193,226.51445762277172,139.39409413381694,334.70689450531154
133.89329091914084,230.6361332686937,140.67387046081774,334.38317660198686
133.61760071278587,228.01199784025198,140.0445455646135,334.73730101645697
130.70206290784415,223.00275240262073,140.33473572604112,337.66745780816234
132.16553312714422,213.09620586196004,139.2680427802312,338.9965058607972
131.69548856213268,205.77793522254237,140.26324150799684,340.82649329899533
129.52031320355206,195.6508375901089,140.5232458887933,343.46890458253904
127.55490268569444,185.17398119895327,141.1852130216918,345.60851709934735
126.80246735160961,184.51034976143208,141.11277026670473,342.3949212288148
128.88178976102665,181.88703233498615,140.171723647715,339.37806445115245
133.54613695249492,180.16817632733617,138.40315747675356,337.6440578690403
135.94974484067288,175.29362925470096,138.4099880833017,337.0469663301066
138.6941183317161,172.17531959396263,136.20783573050295,335.9874144632288
140.81155017862787,172.08518713772028,134.8787511599857,334.8625888291055
141.5617344778583,174.57752104181117,133.94267898591374,331.2172814964639
141.99950464890986,177.76967839519588,132.83781401986823,330.1395511479098
144.3308914402382,182.54465972604336,131.32775588177637,326.44055637027856
147.1559969772595,182.7215773046922,129.52642486030032,324.0463395429827
145.09691316605677,184.04800382828603,130.33819146837774,319.08518933850746
147.90393138367455,185.70958343024085,128.00218876651016,313.72301412622073
151.96504251937588,196.0424802606684,126.99344372517947,306.59246063870546
151.7056694205102,208.8560286575394,126.98183333693142,299.654580458733
158.57250594939939,222.3439352953969,125.49083606040301,293.07790467996625
159.7734674445885,232.31921090900732,125.35662757045205,287.24366547972295
158.93191562710547,242.06094468189968,124.84388178677798,281.3772786224148
160.44294391163118,250.13405903917004,124.63436121893201,275.83614481754205
162.6741711663874,258.42072774941715,124.73141884778622,270.20597603718454
164.37880109732382,268.83589002354466,124.79487317162814,264.7498704296644
164.33105987739305,273.3204402942355,124.52804129783956,260.26022106778714
164.72438980027482,275.5978481558122,124.42170564889147,254.53021394219843
165.2709135005194,274.22600715618256,124.12006487987202,250.76280232497209
165.0171297249772,274.28305881258063,123.36993818657169,248.19454714335578
164.9239741416896,277.06703736849516,123.1494002072576,246.37731601610008
165.62987772679259,277.5756760215221,122.84959970132778,245.00003744404353
165.5948513616956,276.50703331552126,122.57600155404599,246.07966299161953
164.3772783375381,271.15267317651944,123.20841203526808,248.21517255337562
162.55992254698364,269.4340613063155,124.2557577506696,250.54021403422382
163.1265425767225,265.69763189217406,124.49470649772573,253.29457987773498
164.2216767587846,265.2325457276164,123.94304873502665,257.5747864437583
163.74503112529902,257.2752163430057,123.47835956948744,263.84082651485966
164.04157648304846,258.2096449326706,123.67330335268016,267.9050929240918
163.95731858380287,259.2947673888652,122.65079210592134,271.6271004569236
164.37117064292153,257.55804888868226,122.27573218681698,277.65128056031676
164.5816600744492,255.58054127797422,121.8868887395839,284.4643628174079
164.52945483018487,257.0489182650981,121.34942831222278,290.5856046393637
164.68931484777838,253.84578871056038,120.02998067026242,296.2469771713098
162.91235112695603,250.02099429985907,119.26646044955359,300.45267637479253
162.34592152657734,248.70904744356267,118.84049773373076,304.57814090819375
161.31858078968202,244.1035539769245,117.67674868841742,309.13476039457066
160.7580415474961,244.80707981983917,117.9818727856013,312.9729641790172
158.23933980902476,245.06521217092669,117.67914879443487,317.93721543372084
155.415076605889,238.48241035135027,119.02406582952105,323.0654312249733
151.1415361384368,233.9422555381945,119.58335188832683,325.2263702000397
150.05848317713875,229.6842333883168,121.00496337275153,329.2350240006801
145.36986427879629,230.46757742034765,122.34280297607714,329.73175813968237
146.01367359047077,233.90020919800506,123.68241785797716,329.11305372743396
145.32589370459362,236.46640056274362,124.89537223977882,328.9949455951248
145.3610942800923,233.32813931611844,127.71875084342017,327.01166717742547
145.50962850265287,233.16499004400936,131.4777818131244,324.52193116620845
141.3971724320511,235.9694433493789,134.95693399033874,322.2004445898779
140.04973636585572,238.16203604222193,139.19904399580682,319.3635883191058
139.1715089730306,237.25287173130528,145.21489199663657,317.38672541452615
134.35475471639168,241.0676496421798,148.1874646311607,316.8392060879859
131.2076479106203,238.69272818654193,153.00308727743248,317.01192964882824
128.79614271253686,233.96028759148555,156.8450368706628,317.2498315832647
125.02142854342131,229.69284301902383,160.4782729157268,317.4115021918112
121.80308246143088,229.33545939835543,163.11961214391664,316.9708261224104
119.05629515015718,233.2069436671543,165.62611239131144,317.0878710697675
115.5960755636416,235.39273169929263,167.7920564204522,317.3502342716957
111.89991519689494,239.07781779119964,168.28779884202538,318.3560062254549
112.8386122526602,241.05980744669952,172.95486836498583,314.41140877100094
109.51707395197067,249.4018684014479,177.71679817776777,310.05677084740506
109.09233729328892,249.61058460212178,178.94403807452085,308.50471026936816
107.57524637454628,250.4922723024572,180.32840995545553,307.89291162612835
105.46996630335263,248.99444239857957,182.34242521220744,308.14442341790766
103.70934137507815,248.48321920221198,183.10335488214142,308.59743886333905
97.89226370932586,247.83864619697076,185.85020686129005,308.6799721676371
98.96900596430717,244.76506643840898,187.96530564905692,307.77657788608514
99.35005322695761,244.18838139805845,189.03249924879418,309.0730547998865
96.67309110188897,252.49985181202283,193.52364262992435,308.41317721200903
93.26034188814612,249.58253751986263,197.98528879491312,310.0851151568336
90.4400264522908,246.0236336749448,199.70932539973228,312.4451484936419
92.54379511916773,244.9187465621401,200.62526838595522,313.48834418798606
92.70081488231057,246.94332165525276,200.1804813923901,314.93826941451096
92.21759625063174,247.92638615464944,199.39322006833015,316.8682492814555
90.42861139928851,250.3022329767787,197.39183643849708,319.53320021040867
92.60357465179689,251.49740452402347,194.0366133455363,321.7052321845837
95.36664760056243,251.5023183385639,188.26439959622337,323.53143146247
98.83545326347259,248.89435800073807,181.2836894816946,324.4944620281058
98.23653349507671,246.99413071447427,174.87362887581668,326.5975973314531
97.89953965684408,248.48107243923133,167.87165124313887,326.8442610811882
98.42032367686743,250.06884288475905,164.0838499782234,329.20282596787325
102.49526414690892,250.4101451174251,158.85825993360245,331.35900023674833
104.03235763975886,252.01044548442147,154.00764687101355,332.0777098341002
104.54249616085059,247.36747624875636,150.15731483043226,333.93735874701974
104.48059674301552,246.4038185515452,146.7499158797712,333.46233587506936
106.52324149833183,241.7445836380619,146.02246952976787,335.4823576162511
109.94574366667058,238.90528932729188,146.41226028662675,337.0593527433758
111.06311476845767,233.63284605078348,143.78969503779882,339.85320312924785
111.16382201920653,231.50756137304367,142.9314228669476,339.7979987496811
109.4372110475777,231.8605557783399,143.8351681866701,340.0442300213717
107.45315257441099,229.1218346967157,144.36098433649474,341.9435557676889
108.02146331976367,226.00796317005668,144.23382079161306,343.6030410123216
108.81896715523665,226.17862517527615,144.52090166265165,343.0246219737207
110.18501837978448,226.85458758537754,144.80468289771432,342.7364540962669
111.04302499744959,229.8559426063535,147.60750091543585,340.3388670973753
115.02093286252511,229.86913306302947,150.4947895477726,340.5228990439401
115.95956668494962,234.54051284426373,152.70739664733887,339.3311509484515
119.04780540474734,235.40128818136566,155.62536920469168,339.5984631463714
123.46772696299205,240.9965705989905,157.79686718317296,337.4246505541637
123.33142489471258,247.27039221746264,160.01101847511214,336.1368177649123
124.82920084780807,243.9337868436001,161.0590499620181,336.46145864264224
128.3419057599838,241.5645277869996,162.90020679568664,335.8873699443198
129.35806613806537,239.64098756829995,162.08269998720112,333.97051815363074
131.8701685206513,240.5976940160966,163.34720295518358,332.87719495587527
130.54596630854763,239.83769048944657,164.54468357892245,331.3896760883074
130.87396335847015,234.6839757922393,163.35804893657024,332.3281842028147
130.46225310436606,236.86192519144868,164.54009023740576,331.2400492574691
130.5880266562085,233.8060370504987,164.8178551483006,330.614098850984
131.25488693261553,227.87710957905557,165.1029268909425,329.213124677049
128.9902017408213,224.86411185435065,164.76359581655367,329.84289228984994
129.1022966817598,221.6592506666216,164.91383727656319,329.34095351723676
110.11240369991984,227.6855822049252,163.94152820850485,329.60480731685027
112.9971570270439,221.84993282454903,164.79768340423232,328.7053157867701
114.01956311070627,218.78394574247417,164.71017511855277,328.9775511241681
113.98701195365587,215.9891085296212,165.00249288663593,329.5916744214866
114.10363619509158,218.05541309457072,164.26988437883546,328.90852365225953
92.63287958202581,231.1944472701231,165.26133962156857,328.6662981966626
97.00787204483976,229.9790001503051,164.48524547734326,327.7614604531138
99.25384807744209,228.1089550959137,163.85353863995232,327.5900124378121
97.50549691665466,227.24096988846904,164.54527188918524,325.8075321157019
96.30714356232659,231.12861489272865,163.46710743924154,324.33681945779915
92.22668769397683,233.76742606324996,162.93169005911977,323.0556198843957
90.96306096112596,236.79053140950822,162.50176922367405,322.41373849180593
86.20686574940292,237.59932171678565,162.74575182546485,320.721332374319
83.51459231294311,237.42668760696156,162.44924696727486,318.8603277534673
83.77654715050927,236.60305439912665,162.53018770355763,317.83302646970475
82.69161522860544,237.96798953965293,162.65970063336383,315.7506272589418
81.00725580813598,238.27502655905778,162.6223377978196,315.206612325886
80.80153499499733,241.17999268938496,161.78057901230034,313.69182891471894
80.55955304076325,245.1444782506441,160.63745890396856,310.7467721675058
62.97968536081771,254.31435733109942,160.3951099132737,308.979104155521
68.57310693517032,251.2756471529393,160.19812825291078,306.9083073106083
71.70865154640047,248.66487802120685,160.6245139869629,306.4232272650522
54.70296473031223,256.5051829597885,160.35778474438354,305.54313447010327
62.202279434410684,257.4518795534466,162.33059851245616,304.7904018071554
62.82322306245271,259.25165075345717,164.50473641811527,305.5224624573662
58.03731674647855,259.4078239529799,164.98591375038097,306.02941355082476
52.49140845533594,256.1725471508366,164.58528915529803,306.706638393057
46.676368715727335,253.53023092164028,164.39540517931505,307.013184379892
41.90015109837347,253.00975960788492,162.95419093129573,308.07975615901523
37.36729012009667,250.74099474477464,161.4483310473342,309.0233065265627
33.721240641146466,246.85422202000683,160.5454131442727,310.588195188226
27.3191009667933,243.33309124721032,161.50630679656788,308.5176151276789
24.743029027359597,240.36209904109796,158.83914048714183,307.6576614829578
25.975796602628535,240.5080177829162,155.57966681903346,306.5792614373325
27.30363083005291,236.36400292969836,151.55590773460708,306.92205875241075
30.21366454573635,230.31246953738832,144.79783145838775,307.0176773406197
31.775030027743327,227.49241080759774,139.06404750441408,308.39747365991155
35.07247325277663,225.28511799920187,131.98165502235742,310.6713014775547
38.59787560031171,225.22515205425412,126.30428451326901,314.6864517397952
43.33993723899151,216.39459447718332,121.28765095530028,319.5831320794837
46.961772384356195,213.04312749684235,115.761805600484,319.2101216164901
52.530364626579434,211.2828216291668,111.20794602524772,319.5334710647013
59.351948307183235,211.07706713961744,108.00641188852742,316.696636337669
63.54200335784615,220.85861832904698,107.22816755563422,315.7037491840297
65.33291784404688,217.83640092901334,106.05064189553441,317.6765911763272
67.93195366738198,227.62488936608463,107.81833095671941,320.111273924377
74.71928596598177,225.2316350021842,108.57254380855548,322.7331729815388
80.9888500164901,227.05427284286034,111.30738440413305,324.2934455866245
84.96596370420085,224.9231901502268,114.33676908925844,324.1262148193953
85.88812533842896,232.16766097588726,115.71523916148519,322.6409972662799
87.23002970057036,237.67543206894288,118.69956178867336,320.9097644673757
92.7990669463488,241.52356834653256,120.86013517767066,318.83544921428984
100.77707545906591,243.8984199202715,125.7162385898585,317.6455965211424
106.71914911828121,248.39185925049762,129.77370446875457,316.648773898593
115.24194418645243,254.67819501829575,132.37955972120608,316.1893988717858
125.20394857919278,262.4642432009474,134.12174012945096,315.3698440485357
133.6967004813959,265.37140036266055,133.98584379269607,314.71217597678793
142.71110479279466,265.14796937927133,130.23284159690053,313.589556928361
152.48788811229315,263.7691782488238,126.22917215181226,311.89129335643133
164.39897284021248,260.01775204137107,120.14917493718454,311.26082210190316
173.03492046536812,257.4039370085449,114.22917025083808,311.9020774078814
178.9812530315229,256.14360839421926,108.35932273022283,313.3902571384782
181.6358121842601,254.0768403465803,102.97535423804285,317.27353142035395
184.8248345408569,250.5038096848337,98.52475529415925,318.26655996415354
185.82240173220725,249.94281499408294,95.53983571706159,320.13949366204224
