99.5,237.5,27,82
101.1987217349693,237.29051554121455,27.22664863211219,81.4399038960709
102.68970114287661,240.95131152428382,27.568185442747133,80.96775250457834
105.25814134937791,242.30358191154397,28.15626392638152,79.83025455766426
108.14689633171812,242.38790604567512,28.429523767609275,78.58010063315959
109.46569863206994,243.16431190990332,29.307845766408192,77.32319139531906
110.21908694939444,243.8982921988274,29.869468799499103,76.97398043600117
111.11524071732819,244.782491630875,31.518557500051273,76.73463752493177
111.04461087401067,243.67246555424998,32.527398554178966,76.80453484915651
112.58075921575349,240.75971542964618,33.5399025909082,77.8894135315917
114.03304581745093,239.32188280359767,33.433221719590335,78.00605726307406
114.54824828515257,239.2157667115595,33.09410483817648,77.8921593550064
112.8410211396594,236.05339991784282,33.033683679028506,77.62295030022786
116.84089848215861,234.00867190084412,32.063703183025474,77.56899612838417
118.75968760982497,231.17375084177343,31.36162559717212,77.99900298422696
119.63331635887185,230.07090742136694,30.789089340075662,77.4441524390994
119.61130758765525,230.0587691330162,30.296610422071105,76.75434546344034
121.01610467079428,229.51191840749505,30.427662427362847,76.17127920761166
121.7420475656937,228.093528690934,30.80909308291466,75.6811376545582
122.71295190826433,228.59776994121003,31.41697464435545,75.37899576498711
123.83536961966558,227.8906680824329,32.36605888021381,75.75199979839826
124.44744011012853,227.10734587010626,33.001136615909346,76.69921028359467
126.03867055466529,226.72074183528102,33.86530229467639,76.94998370139349
127.67113664215717,226.25206922351813,34.37194557058986,77.4044296167146
127.80774610690139,226.99609013160693,34.68415714399294,78.09821916040028
127.7919747742283,226.34313233750873,34.684930317770906,77.8884847146459
129.8732433847183,226.19236913713098,34.073996175633035,77.56812188181223
132.55395687423015,226.69587896854637,33.167547185806164,76.91567618405406
131.02988463507228,225.4803777981712,33.22033772697283,76.71807292063268
135.45919918205988,224.17318443613613,31.90409945636192,77.45899005356202
138.61630152971327,224.17738132420814,31.025591839759972,78.20732456892955
141.12916985946018,224.1360313498543,30.431207318785425,78.97186946735951
144.03061274168525,223.92372024036874,29.836220647963238,78.76244751595101
145.90773760983484,223.82699477918408,29.971399527234077,78.40867141328826
146.58557811602887,223.9795301217877,30.848894746230325,77.45116751150924
143.97283827239727,224.3925660596138,32.093065258002156,76.47038054486694
141.52837336750298,224.37402539341906,32.87733646412258,76.15824896255116
138.210545329787,224.88869868279141,33.01890198245613,75.86108369446015
136.86947148585853,225.4618686191036,33.14392004880733,76.20589372417956
135.08148097688306,225.30298575762257,33.03874872300828,75.67460886568638
134.4497066305004,224.88516885380798,31.969689669649295,75.66711154834223
133.423368650453,226.11075963857803,30.374294817518795,75.34383749337431
132.29126518760975,224.98584111796782,29.39102850330661,75.49644600752558
130.7611071163294,224.14004505046915,29.347212947258896,75.882455619177
128.1429912589798,224.54467000310106,29.139512605531053,75.93583959786628
126.96346373498193,226.3300111951786,28.283903194298333,75.32725628902857
126.9199305500103,227.29451885930203,28.45420230231921,75.30807844514146
126.72211363071183,227.56785954212216,29.021288007542886,75.43322213080884
127.05473252212423,227.18776611641033,30.066884489473345,75.9334119720015
125.05434638131356,226.45241851558112,31.25330092087495,76.83395256636398
122.61500965660129,228.23257013338178,32.214471967040225,76.891580935148
122.74054687104366,229.42875758195322,32.89497379013911,77.29838010836338
124.22240208275281,228.3582253230776,33.17416278459802,78.09857186152728
124.60979802169597,229.67739373047488,33.32619887387861,77.8755082362774
124.19738031794904,230.0997581220118,33.22994802963676,77.76796016304239
125.45790553295876,228.7700019892689,32.39182187024721,78.06644208833346
127.78595261514995,226.46584759476616,31.32927767267696,78.48189790340098
131.4958510009683,225.70332393916794,29.808414311684828,79.00644382032556
132.0620135395049,227.2087388304908,28.755520783326205,78.81189416425147
133.3009657494784,230.08281955515497,28.517336469504144,78.49058160332038
134.6453015848655,230.2716224487692,28.294430513375303,78.7245626848549
135.25496256256358,228.5421319507462,28.017532497684037,78.35221862673217
136.4805504941769,228.51281559270893,28.668820118267853,77.84445701373568
138.52404798018668,225.80526163185644,30.043569454719954,76.43190103697265
138.75369143538347,227.40408093558008,30.489206400584763,75.86447092180441
141.16998892704166,227.9833390299063,31.243643735383625,75.49118477370226
142.60306558819218,228.3316446421028,31.42456091631745,75.2311604061513
143.64932947357065,228.4054144597648,31.395785319937964,75.7240952690992
145.94478936943918,228.50204682495,31.39531247720602,75.61783958123019
148.8037485896973,228.25066122884976,30.927797440925588,74.90884643779839
150.43226162843035,229.86931517615338,29.771192076884162,74.52227611490747
149.24033218251142,230.54470390050062,29.704878305987044,73.68464178840921
151.99266987504657,232.96605592867414,28.74643609810181,72.98982400830728
155.7199320795659,233.51085514485453,28.35728177191838,72.93185275413865
157.6672739187314,233.24007279678875,28.50930715425629,73.00283997186136
157.72488788174206,232.17008372646902,28.55338033039639,72.71512236131063
156.69669686494385,230.66848398436565,29.03081267412771,72.9064920401432
155.2308816256908,228.33356041739444,29.592861214843868,73.17166559773068
155.77942430453774,227.30730127538266,29.851283469378433,73.65640839385445
156.97367073381605,227.17871489924465,30.603643062146283,74.27966908944595
156.7683865951097,227.25718047834948,30.55814860543196,74.14828537791934
158.2135946007189,226.91014553589088,30.307078955373832,74.57181413134013
161.26143472611432,227.89603146346974,29.395926101738716,74.75371211031941
164.768545010113,229.23160756833147,28.001025449512834,74.88315661461567
167.33437956016698,230.04813361142328,26.86013217299803,74.53522835350532
168.81697694105728,230.8303331780507,26.63693036165686,75.03697058720914
170.6912664421452,231.6670685487511,26.42521730911178,74.92213007385087
171.4255801093772,230.71106296514733,26.729072846657036,75.9129879340974
170.24545160050067,228.89556066255534,27.52134170713775,76.36850835883095
169.5508011110211,227.35795173078787,28.141859295574903,76.2933007882533
171.10224421610778,227.48975412817714,28.883564226148614,76.38367596845987
172.6665788449475,227.72445132389922,29.149723049600148,76.5304730237969
175.19691159774982,226.9182053548302,29.018429377796796,76.65095234196266
177.7548604696439,226.06077770234813,27.948367129003767,76.2064150516357
180.93203009340994,228.964279395984,26.87407052978709,75.73673962151732
183.79830607743256,230.82685714734077,26.220662562748966,74.68690998931768
185.44107457162477,231.02889676617409,25.69317911554802,73.74061099361728
187.17188960161803,229.5985551077853,25.63809636352959,73.27458909303341
189.7674164305814,230.20511549167267,26.025742294378514,73.59822710573808
192.11157950670037,229.17140928914398,26.87469145647161,73.95059930388632
192.9548317316879,227.5899938255716,27.998826387905236,74.14555713456495
197.28823037547338,227.52202067486542,28.480507608329923,73.33051454723679
196.22471419829543,228.27939161233724,28.849561523354755,73.33226801931616
196.76668250025395,229.0477240453999,28.554801443123175,73.09065258213067
193.81921097359447,229.43727141181603,28.864846024609832,72.40924735123964
196.52223501000745,229.86462513261816,28.05145313366863,71.92356817987996
194.38169906736644,231.21398962955334,27.707539324065387,71.09607551031993
192.60987602225867,232.17538153402703,27.590902087178296,70.42351700692977
195.28016321649707,231.46288570680017,26.84572421740877,70.08892494975935
195.87248601144663,232.4688183955941,26.477741713923994,69.98179001135757
194.3711546080447,232.6723245474683,26.24004974434542,70.18910287335777
194.19757379746375,232.99976468356766,26.261975432441865,69.72466650436687
192.97267303534005,234.10960574589072,26.481699213158976,69.61843419165615
192.32277846515447,235.48101645462538,26.647879297057408,69.40172652273725
192.9647473280431,236.88780546742066,26.421193620726214,68.75919403890998
192.35998984425345,239.10065712401615,25.302498711291395,68.14665901299625
190.51223166368297,241.11705975358478,24.768507149306142,67.12033206349034
191.9759827289088,243.97733961596765,23.70607059350042,65.87425201401754
192.47144356145074,243.9008109593757,22.825699004186017,65.3471106577679
193.45256929718934,244.28564784126593,22.505750880296375,65.28957667927716
193.71195411761428,243.33734157542267,22.704939630159245,66.04656294639156
194.52744338635148,243.40158818930672,23.2606879012328,66.58223873212367
195.07811236255264,241.94499092901998,24.19472983545765,67.27832953298582
198.03080365085168,241.90523027867457,24.450886336618396,67.58511167659599
197.29888383544744,243.11272727538244,24.87294907190382,67.9067259500107
197.42984931127882,243.4816009916123,25.18740904231063,67.97801286508513
203.34199481128041,244.6096976991114,24.816188682871374,67.16500156087339
209.03488472728046,243.48656680886728,24.567613974772666,66.87789236968194
207.23631610340072,240.79511895755607,24.86898176948341,66.26886140222992
205.59181565003712,239.93674742076848,24.50185760754605,66.04368896372011
205.87131919921737,239.9203882481905,24.054413409430744,65.42006009370044
206.0436010270188,239.61044593317573,23.46292758867246,64.67854733813279
206.1873444093545,237.95821608904674,23.065017095177453,64.1752370125815
205.28241682641146,236.45871623919055,23.387247735039637,64.07159679873493
209.16433136683963,236.35690618830398,23.335771883706002,64.59342836658209
210.0903093003659,236.0338943234999,23.163351882437137,64.82601857420426
212.294860596016,237.3135697168659,22.60163183660815,63.848964516560066
214.25744646638776,237.89829955559446,21.70470363758217,63.460486260573575
215.40706764449337,238.16269466265098,21.23885616643411,62.9718150387892
216.68287848427354,238.6522243272807,20.823696698482628,62.501270054221976
217.2064058683369,237.90276274426384,20.80776330353249,62.605451565859624
219.06109948856687,234.8971130889978,21.20554855223881,63.9852086705812
223.62604992294945,233.70074124394068,21.64475569281206,64.87029435593465
223.91734395876614,231.57767311329604,21.882729924244927,65.56659851158736
228.2129045039958,231.7637720570193,21.61414244126852,65.11514126579435
230.2069387063113,234.8785544544687,21.7410304155743,65.14362071375446
232.0609509842143,235.51518307882867,21.43530764809838,65.11513029643257
234.77264394242803,236.68557034723233,21.366327134808095,64.38440929890133
237.61935382862868,238.6978270547413,21.939301977580158,63.52238982805149
239.91580026826153,239.72710264920752,21.88346172969262,63.251995267727736
241.2316329237579,238.90045789279208,21.891396934065472,63.17449809938344
242.75071692780634,238.44974307521494,22.152346014286486,63.84275579468783
244.31127875176912,239.50763154582657,22.87092878725934,62.877675846338704
249.80509008932856,239.25009363152938,23.221924390643885,62.30244718102898
254.64180611168268,237.6481851307906,23.281046781665616,62.46120640891642
254.65413779665832,238.08833979844417,23.014795027801313,61.98759619460772
256.2053563099745,238.18285715672528,22.498945668634192,61.38664984145451
257.9168843608908,240.1681541597656,22.126332739256462,61.195078767426494
260.1784109876835,241.26943516794933,22.011474027602134,60.708146686323644
262.81079794783693,240.27148578144525,21.451090633113147,60.296944066585816
264.4357004766595,241.39690369223095,21.166260694105034,59.623420237659694
265.8559640286498,239.54942965547872,20.998496699331625,60.24233090424273
267.13039174259063,239.0506650558298,21.39760093293373,61.14295210044877
268.00644602187555,238.0504900498572,21.754383146229753,61.098587661557836
272.3691664886729,237.59105989960165,21.388277158313873,60.91770173480451
273.08040703415617,236.60118262868536,21.60402233802285,60.80932627938362
274.4827611816904,238.30410317053807,21.59191229048249,60.22936333898879
275.8810460918902,238.6991673486811,20.998326803121266,59.79771370765924
276.9895035753331,239.330504417272,20.599890539734286,59.007726963904304
277.7093174761587,238.14391086181294,20.339870010231298,58.99076233570194
277.45228811661036,239.6055492924787,20.383594169648916,59.07106509091703
277.78184653584594,237.7427464290754,20.51774249507619,59.96832122742218
277.6124767928982,237.06166249141341,21.210821610383356,61.163103792811484
277.47308298906967,235.67712290594264,21.781654245058007,61.72551935520206
279.5872655188181,235.35679597317656,22.476212750471955,62.49085576639614
280.57103575201313,235.09903439926535,23.460885809854048,62.689968581300406
281.57601686998515,234.64132437718246,23.900497567592858,62.86596421798404
283.35352996946204,235.2485514862925,24.24711798271375,62.460241436493305
285.8263751172476,237.05795554412313,24.191428507302636,62.078241620850406
286.14621729237496,238.43968578363317,23.6535187899787,61.68132896478261
287.27150961241045,238.66272347883287,22.723190383122947,61.0059736241221
289.41982501584096,239.16735336828063,22.43043435500948,60.83756634423472
290.25369045944694,241.4877193306292,22.32872371811797,60.77676520185574
290.0692254450519,241.98644032720563,22.465033284132815,61.427576768769114
289.57115571540584,241.303029242034,22.73840020476299,62.20444039056652
290.0846019534026,241.11500710917107,23.023119500353015,63.0252647378029
290.8068784839091,242.79480547291664,23.37763655919791,62.858238935070695
292.6127150657229,243.19999647575133,23.602931579087738,63.010402443508035
293.22284277705535,243.16515881965304,23.058198841473818,62.32552050377437
293.67688360853674,242.88775028130266,22.526816953968414,61.28133843782835
293.92392779335233,242.44167782758456,22.286669941472987,60.72694358562866
291.66379908075885,241.18423290871263,22.15976683656963,60.42376086592314
290.9307731917341,241.21739267436638,22.536476616518776,60.421958132277425
289.9631722670164,239.78880431101737,23.167225092998983,60.959556449780536
287.8252398288646,239.03588492913116,23.692309863711714,61.41304767269753
287.2416466045886,237.86303210837522,23.975272493484642,62.03966046829267
287.0209588598218,239.4055324336552,24.314864193323956,61.84604418090716
287.1257029554272,241.65620110451434,24.904031988899103,61.32376081334047
287.92284944506434,240.2762679511808,25.083982006794308,61.4301208410158
287.91394473874095,240.525231280003,24.397485770637388,61.97952527811326
289.7167184654981,237.90847269028694,23.021296990218715,62.721889694178664
290.56810977619307,233.75996310501478,21.946938178834014,64.96544016049937
290.35866954789043,235.87020035235375,21.645631865476904,66.54383193779411
291.27770956020754,231.60194722795296,21.705892781318155,69.60058469233294
291.7311668787635,228.24714252479606,22.61837750104837,72.24704178541435
295.440141316845,231.05656771093933,22.827169080512807,71.75268691941444
293.999294025022,231.99953255455017,24.23535816717998,70.67866845751169
297.9478182635006,233.6076127257387,24.622661992774056,69.15762284692323
296.79012629205675,234.63090502913744,24.805614190132587,67.63150677316487
296.3798718421003,236.26444058087415,24.768061895625678,65.56151020220028
295.8423247528096,237.3069077401244,25.12255183331274,63.459222859366115
296.1320555681201,237.0863800307664,25.382679738881695,61.93001074382609
297.34344752690754,237.50853133111707,25.828322859499572,61.04485423670191
298.12125917578305,237.63861536310296,26.649287667904048,60.701303454465084
297.4404638677006,237.72252278158783,27.88073777088716,60.221024141863595
297.64488853296496,236.77254355815046,28.390063660848043,60.3108459129037
298.8935748353046,235.24855668950224,28.583516756928624,60.075522588279966
298.756355927424,236.4162768116965,28.7594817614081,59.87178548224291
299.23582255914783,236.38309824650813,28.188332323357926,59.992111850573046
301.04008036861103,235.08572727668405,26.872200136819806,60.52317981713771
303.87878629926536,235.9361496873221,24.933382807524133,61.034911146755775
304.7660498176629,236.54190065171747,23.130205458975837,60.50414474643411
304.49927187227166,235.8502375286591,21.716563912472022,60.41302827213764
305.8119575055002,235.58235990823368,20.886378569591365,60.57418176142252
306.3484154518768,236.01017215410306,20.924072446659224,61.13976541291805
306.12713756564386,234.71817472543643,21.336863887247922,61.82434012807756
305.4712230619848,233.4330974167877,22.120462883102796,62.30838343823085
304.7290235364464,231.08423278926097,22.755821366304808,62.594505427811896
306.1892189358656,232.16686564485656,23.51280588408627,62.22572788247611
307.4474234925411,231.29241108367344,23.4245824721055,62.47210607241591
307.3258224694861,232.81326222677714,22.686034864399193,62.45297081997619
307.23073192075367,233.14164127878814,22.092579570701194,63.120091481060385
305.17783462753226,234.75679616320517,21.751317863656453,63.10739922397561
303.6322178174044,237.05173637015548,21.67697860221363,62.091980985444266
303.9475290447974,236.09331522018408,21.78145874132633,61.96053088693431
302.5684438732422,235.19329101559615,22.254941803781875,62.56199700450706
301.7999309917526,234.27097205264707,22.458671386989593,62.378105763229925
300.22171628377,232.9018532452048,22.618634643134296,61.83119237332324
298.7413494439736,230.8444423851509,22.94841381871397,61.955529378922975
298.14835569096186,232.07461280561307,23.261809233177182,61.26935023443264
299.3767654460206,231.60631241671695,22.87989082703301,61.392864383310986
301.43896419826007,233.12105490962108,22.038503328505072,61.34772602569183
303.2464490699953,231.48940614168671,20.97729268308754,61.13557900627795
303.8605132085593,231.26844313948754,20.054941568273,60.85680319697852
304.3281244990113,229.82836423308763,19.419134098910718,60.76132858065539
306.46732483398245,227.16356059482115,18.955737777723357,62.76365509737694
310.5466984573648,229.62486081762071,19.191178458204686,63.09057543043383
310.83585616374614,230.00805913500812,19.80583773206462,62.95036826595015
309.83919268032207,228.6336890501168,20.107009814574422,63.254002167803705
309.26632757560435,229.360817239372,20.640151022354335,62.3575286777058
312.0412953115627,229.32593878883716,20.760940896049206,61.5744049816609
311.3819418969303,230.09597642735014,21.001982753962377,61.50338893353206
312.48375198524377,229.68308417538432,21.08956607617575,61.154453150140675
314.3234451960212,230.84836817001346,20.867554942630427,60.4771008076262
317.2809857317748,231.12939472144845,20.92574094952299,60.52105283695456
317.8951343238287,232.25702808029882,20.59593777061843,60.12298233106864
317.21630675913104,231.53210721099612,20.320499185299703,60.25052017849215
316.9804683790539,230.15670842566294,20.170036670379993,61.38172806276475
317.19219131043116,230.4625021084932,20.32180811423934,61.36219154749561
317.98250720197626,230.27603670266612,20.9940952898131,60.50718406473909
319.22815350428715,229.90959110995988,21.70651085703583,59.70498098898216
319.25384123868275,229.32575281155846,21.714790890683158,59.54073767726139
319.26990724299793,229.38127661167155,20.78534790983905,59.077436818806916
321.8853651874829,231.54783796054406,20.2241388423108,58.67713253384265
324.27337599540675,232.186467740435,19.52865454564638,57.56450277616859
325.9139628657366,231.59484982249245,19.118858749932944,57.021150124428544
327.507573579266,230.01025278942726,19.089278018446034,57.858904218635146
329.0745767812897,228.35626913772663,19.322894705142765,59.11258051213345
330.18973173349724,227.0010088941004,19.764274311073077,60.25287945607378
333.1703501819334,226.33317444934363,19.744237193711392,60.83469812395343
332.5793980832964,226.00810687281148,19.74155951518424,61.32590117231098
332.9154716929328,225.5223804961577,20.34183770904309,61.6249310993284
333.12686230888,227.41878288567145,20.16952404578472,60.94558233111941
332.55467192974874,228.34187084193334,19.954717439468965,60.129162487778956
332.11691229417545,229.04284877269154,19.222859658308323,59.15474293502799
332.68234451119645,228.96156630834045,18.989732846527396,58.98871481825705
331.8444421449882,228.7556225346556,19.02955721128345,59.19428079832976
329.06410198687433,228.24587945668654,19.059017091414926,59.83146651777115
329.513630163927,225.75535447781255,19.203925719342294,60.46679380019569
329.6101903759349,225.25343088822234,19.334680722572685,60.2014319520857
328.28111584896004,225.67918349081305,19.57728049826307,60.03410122495835
329.17445671891096,225.61997334254426,19.46904385914553,60.16297977575132
327.9039060269876,225.88504482900564,19.342017944637167,60.70612119041705
327.99096937000553,224.91753549988232,18.860969299677986,62.013911827041994
329.12511117376926,227.09875753312838,18.68533920510528,62.10236879204396
329.31144490451913,227.56138043111895,19.15085329887671,61.921804175586345
328.39188098677073,225.74093852588706,19.372949560124166,62.122962825451324
326.7168996197772,224.46149986569668,19.649862987241658,62.48466678882223
324.9493838384364,223.4925706664226,20.617016542034506,63.0163272818299
323.5929268234445,224.05832144146746,21.925454644665514,63.53481068752788
326.52242560450196,225.5643516578576,22.30562048129319,63.046788092729756
324.9971472399735,224.8565772256424,22.5586513276291,62.957531869116906
325.106466000993,224.00997707484197,21.82188719864893,63.72780789055115
326.73472070172346,223.25779519211014,20.969505156578332,63.60170126092662
328.37187180614114,222.9086478566168,20.340515018589503,63.235285910894326
329.8577407224181,225.53148762385888,20.655317932724426,61.54490685057703
329.8711501391659,226.80848382948045,20.711778261874212,60.514498089922895
331.22957852225,228.32865032017406,20.829538395196316,59.666093495223905
331.5155166313914,226.97256120969385,21.016627788371313,60.17659510905234
331.7589361167484,226.09374850978548,21.080153073562546,59.77001901083745
332.9893151318161,226.92221667973843,20.641218449646495,58.59674321985697
331.7339505110973,225.92446212221898,20.91887850964192,58.49459203178003
332.0136010825472,226.2861969413236,20.713656166228223,58.48351365085689
333.71744641085485,227.14077603641465,20.208243456085142,58.334604074032306
335.41375129180346,227.781089386762,19.58604351665189,58.056797030663375
337.47078313055613,226.61739732947348,18.940476400196964,58.161626938392246
341.75925146479074,223.5918305713281,18.15197614453904,58.561884409455985
342.1641600629133,224.03640778392258,17.614526276699266,58.33982779119751
342.1299260652525,223.9001173526409,17.62067774629334,58.27908183720206
343.38654302659205,221.22368481138727,17.99616672019024,59.570224641114336
346.88895660188535,218.94176792464063,18.13996112874672,59.841350971370325
346.3598601190892,219.12870403686355,18.852385434032016,59.84905158952245
346.0519392862627,219.14696189989948,19.389478769211077,60.06599481039389
346.40808371770356,216.70454163613707,19.35582675525596,60.90180026559203
348.5658327368603,216.96821141321135,19.327327465721893,60.69468815561537
350.729465663326,217.38488147945907,19.265412431424494,59.76574560761787
350.7779772388161,218.2642576755755,18.990779479151847,58.47914190203241
349.7212678963094,217.98391136319307,18.834930605113644,58.14582755925271
349.8630476629164,217.96158555424586,18.521820368657217,58.650941300302726
348.30359612141,216.91446832041,18.338722929056573,59.04159431560474
348.11750833067373,216.50188566119738,18.304212115122315,59.065180218231816
346.86653615899576,216.72020475039182,18.213714184384685,58.917093936653515
345.44079891722953,217.17793628424724,18.304047367715743,58.99166783335916
344.1983467954048,217.75526421019188,18.265296673621005,58.93797342823193
343.29044510786724,218.48698872007225,18.05351692644269,58.625898986947135
344.0813544640802,219.9230487643155,17.77084236284333,58.87212320540646
345.66826731348647,219.39298966733105,17.438930125716055,59.44100659021514
342.74569191595447,218.62635623974558,17.3204216342811,60.799894707578794
340.45320194662037,219.75228883532827,17.478305206066963,61.04983815975447
340.3327559476209,219.49327703656226,17.69699978801365,61.42324785054535
340.449002744393,218.7340800749627,18.108956143733977,62.87501978473274
340.4496329327038,215.0160825204078,18.791656026072985,64.7192876370676
339.9078186926789,212.11550051715716,19.453338010351438,67.00771174679457
338.54344124496384,210.26605798858304,19.52106237485197,68.30980439213863
337.9923782717859,213.3280135254721,19.819915537451614,69.62756564349482
337.4377748144411,209.328336432407,19.86842036664618,70.98803766943823
336.56587173595454,213.01275652555958,19.591424979429938,72.27334177024245
335.7900247247822,211.38661527951518,19.340684318928517,73.27396606111358
357.9593963112334,226.36674416464447,20.357688368926596,72.20945070723684
356.32782859087837,235.38164871994485,21.4141602010856,69.91491209681922
355.693382764954,234.54227586813397,21.87374803280116,68.2854099957992
354.89456763879605,237.9605905227886,22.226510483450713,66.63847699844061
353.5163045650834,238.50432293710674,22.66742646051165,65.2159094626568
351.9683346139834,238.83987959472546,23.01134147371926,63.69423440940514
351.91581124977284,238.43324622396688,22.99343067450296,63.17613997633886
351.7233126393141,241.55936779171202,23.03933015715448,62.681519559659606
351.64784982579727,240.551577027389,22.879292689953708,62.62424251629944
351.3241587393193,245.38243528864936,23.044057931709578,61.48640790601014
352.5334759193238,245.30220194056795,23.29339971267658,60.593645270202714
353.6620979572638,247.9370872963583,23.58499902058549,59.687162007505066
353.6481444264682,250.48585391303408,23.839564322137434,59.06450184010203
349.9632684569128,253.89441254464944,23.824501045183844,57.79885008819333
351.3458306923018,252.6646663714743,23.67816553200163,56.9659723535957
351.7905335835818,250.11313706557158,23.569298308401528,56.62973758084917
348.3888536871969,254.70356505704834,23.395869103521278,55.45060679473402
348.9847466518895,257.74401655206486,23.52571079101835,54.788678204267605
348.96446731049434,256.311499080898,23.476362431126475,54.07423249856056
347.56795652568775,255.36733908598268,23.080569837531662,53.315409362857146
347.41126010598595,254.6322428118154,22.571868296079714,52.77433734858492
346.808210660977,253.83894282231157,22.051518530969187,51.69681450769207
345.28594216040176,256.54500237271753,21.881136680267197,51.19837214561917
345.7284443505757,255.70025441066463,21.598342046756905,50.52259125621787
346.1282898794872,256.102372485837,21.17023093402131,49.95079192673785
345.02274713310135,255.77913039494447,20.80178356508349,49.513639705439054
343.9312016152689,257.92848309355446,20.832264060358444,49.40087600438608
344.1304900431861,256.99693857630285,20.60554225186909,48.89847603284683
343.7214913189706,256.52347131503467,20.00700289228623,48.36823317386769
340.07967526380656,256.72140095325386,19.69555939531449,48.16371072291929
339.56698570421054,257.0070009256731,19.303853462970036,47.86409770287213
335.8315632669825,259.4768369011691,19.316172679772194,47.79369798393573
336.3343957768575,258.73646282095365,19.180402164569415,47.52321864631226
336.6973222144884,261.87597758696205,19.08371398504735,47.31984409781595
336.29818312894315,261.5702581595909,18.88185220443187,46.996453181039556
335.096266377475,260.8071071827568,18.181012083329453,47.18661962807781
331.1395563435555,260.68363065309717,18.12506464704863,46.91847423482898
331.44671132207117,260.8528162277158,18.048629031028327,46.630359449639286
331.30438148873543,261.1972424311132,18.101467011670387,46.38471433659336
328.1388727391075,261.21483415148174,17.884884718445765,46.262737175134035
327.0964753446038,260.53846431142614,17.547956856925193,46.28590060135418
323.3832707088406,259.4134616931494,17.589371621615683,46.2031681536579
323.3054302977469,258.8249873606986,17.56412041372131,46.33816015542781
322.06648407692796,258.2865794406132,17.41269175703154,46.37964164691995
318.6723788406449,259.49192926213124,17.53456044798147,46.34311612192586
318.36604806825096,259.75717058968814,17.592227290430152,46.26250303992828
317.3316785421453,261.37238387756906,17.605291312886873,46.43873630570395
313.858597511854,260.83890313824753,17.722321293391353,46.26319843284554
313.22466035105657,262.76279542546536,18.008527202300755,46.02857995223622
313.08242853152564,262.29092972704507,17.91500756928697,45.89845284954979
312.62255963008,263.61065645215837,18.07544090831495,45.91416387953252
311.92765781273295,262.51621945245085,18.035312783174746,45.93611817069561
311.62691317938675,263.4845677831462,18.16964727877753,46.1515487752351
311.43517346575635,259.2509430658273,18.045543683920755,47.254826976504994
310.6645892491466,259.01749710022716,17.977753753607157,48.16245406900977
309.4979221244106,259.5833717202328,18.182116187969946,48.57352754761888
308.2781060273202,261.83500568858733,18.599891358911645,48.110331575173674
307.8891836338979,263.4689281408457,18.7578834836697,47.93191390339919
308.25307173606524,264.18106827891893,18.62424941829302,47.9791904099752
308.8219040062747,261.3435034824685,18.44721684446504,47.988761664710744
309.0785021519103,259.58694682169227,18.254568372331377,48.368471208187124
309.34099489595815,260.30134272000544,18.53199914924655,48.46262100091622
309.3821776845956,259.5945678814618,18.63062978135465,48.264994783266225
308.89829453878247,261.78598616726026,18.767267594930622,47.75177972694342
308.69472225738957,260.4914774384943,18.449586239042,47.99657559252581
308.21836271252096,259.8692439074731,18.312180006437252,48.66935793643614
307.7951058835096,259.06338899942835,18.518991046337835,49.13628497092472
303.74529678780254,258.92483274122867,18.57505207069881,49.82304840914575
302.95288126795214,260.2420243591071,19.198718755121646,49.32521726880206
303.0125358263598,261.7013594493189,19.187403710445572,49.08740641569477
303.05440857405756,260.63552647784394,19.067612816486875,48.608610169924006
302.1049740294594,261.72244006073106,19.291218500836997,48.47313644729547
301.4074825139655,263.2289505583115,19.453435738024467,48.334369678819186
300.48925659025434,265.16612046777453,19.50650171260586,48.171624918334224
300.2220565461201,265.06660059541844,19.179683169606818,47.98949599954471
300.2624587531386,264.7281506210342,18.999969958663318,47.40202228822556
297.1906652406102,264.8981123268698,18.652121455918596,47.17891883941359
296.35539444619326,266.77076940443334,18.734026646437137,46.97737142127075
295.46331437792804,265.8862343508234,18.57067987836549,46.64390818803657
291.9365272654022,263.8980213862135,18.61970126223064,46.51198240979786
288.8861586260731,263.0283886921321,18.437293113185003,46.19241086100982
288.1920364796736,262.26169025083584,17.95739348985383,46.085983353191104
284.13372775973073,260.87526472583085,17.773612103140486,46.206222193881004
279.4307719624623,257.7275730397596,17.706538430038265,47.17676788139218
274.43670479710613,256.1158841138355,17.61730688550646,46.75729199636293
270.22405074749776,255.4696235781464,17.654467630597175,46.26062372905699
269.28729203335547,254.0700261169849,17.27819295988276,46.24585333079285
265.67087575839867,252.89002095568375,17.106947979889107,46.18250402090309
262.4768763729394,254.7581038798496,16.915410789656548,45.98215865673273
262.20454097875995,254.70367557238248,17.05913189124982,45.65029662084912
261.33631915311736,256.15627066871116,17.13729528912461,45.90911719136009
260.6512324363806,259.8209125658423,17.202527306811383,45.63049400729675
259.8313387525589,259.6691764817188,17.302892639237434,45.70069588803006
259.1682860300804,260.628352950683,17.499916834957343,46.14471129536231
255.80122700743425,262.06774713766094,17.830026014893292,46.06533159564651
255.74599838173705,261.78748756169864,17.892704302245015,45.93688739393728
255.41079131405127,263.01680092582535,17.992860714285126,46.216070800571515
255.0366092192824,262.34148610562454,18.041300911665843,46.09735415610682
254.25279744010828,262.1010906579845,17.72635253436043,46.5059787426262
250.33519065166584,263.90386306902906,17.772310492196272,46.555716179524595
250.29257155579342,266.0454810332921,18.034869298398252,46.514197112723295
250.57062142907472,267.6652014412601,18.068900357804846,46.881525143299214
247.66573952512437,267.9120503262851,17.763722091883576,47.108741200668454
246.807392089719,268.3705655253428,17.728006431650254,47.4469393219928
245.63023979465453,268.92711803224785,17.890769111607693,47.80227376798334
244.94431489448223,270.3205381855312,18.227972520083718,47.55678454135746
245.10113378647415,269.65165833735847,18.13722538136546,47.186192387193266
244.14450975143308,268.20092900923197,18.041278600525942,46.945831566365015
240.63686250807692,269.5391960184523,18.31996601250073,47.02657575188852
240.84414128457814,269.3632757751039,18.522060292555675,46.87217688397493
240.45219102270298,269.58622069671964,18.579160493773397,46.82111884716473
239.88364404711797,270.82291101751633,18.872372837887717,46.741866766591244
239.3593702809681,272.07079631164817,18.984383581246988,46.66513208988764
238.91335391178717,273.88164436347614,19.12487196326279,46.66507619161494
238.18714955329926,274.8246584628965,19.21187297493158,46.89577629859095
237.08819769946555,276.6595458680358,19.200338120205814,46.90003560696458
233.64542686046815,275.7572135251438,18.754065509107562,46.93158823410911
232.7237619859817,278.5494829942502,18.84459169400883,46.69649416207682
232.6146253228075,278.8626862162308,18.53353047522173,46.35905407582346
231.5108029196888,278.7402686004378,17.92508708184362,46.56308289843797
227.5246823395527,278.3865873648309,17.771448000721836,46.49506028788371
226.27963405669246,280.4407990985549,17.949943166066912,46.421531286835865
222.95484045615777,280.01012357981875,18.08416238236459,45.781722656339404
222.33276081206884,278.86851414355897,17.83590147400924,45.76909053665617
218.40832912499405,277.8168106054059,17.50790117780971,46.05058246327357
214.57908033856427,278.3990940589923,17.55747913015533,45.7204033949413
213.68340849599295,277.5366944105792,17.51874790894878,45.37148199817934
210.7595455869937,277.8815393040936,17.294715933520784,45.82719607314997
207.17147090306023,278.757972840141,17.072326235073046,45.835609060869565
202.463444394297,278.4632419235005,16.948810351537475,46.015396756319916
198.9959663638118,278.997044833125,17.1772530076617,46.15294750178338
198.30357869697335,276.82778333488363,16.938785367057267,46.198400181951484
194.38172934931316,276.0120791876898,16.923707016174035,46.27760386742189
193.46408299484997,275.4085079776212,16.868026872393493,46.33319122621874
189.86620392255404,274.408610179322,16.631788671465372,46.492779603693336
189.22232705559125,277.16968980114405,16.961342248702238,46.18623038736246
188.15001427466908,278.6605093671749,17.182459881698332,46.12166331302473
187.25569177386143,280.75482139952953,17.647719763875422,45.88227206501169
186.7694063988728,281.6816713501393,17.842260118344885,46.21457346460391
186.92226804065967,281.9761861632097,17.773390330011335,46.42091078134557
187.13350727689587,284.2553798637064,18.01417046969486,46.382110897136805
187.16299471788915,284.604990630534,18.170764443113196,45.955212405636
186.68795647725474,284.87326636977383,18.188776212334417,45.99742286239037
187.01689575982084,285.08049405912476,18.023177534401636,46.25597205131168
187.21396248220785,284.89294550595963,17.93154797346625,46.6492166075824
187.59246033736335,284.9389558019834,18.085713268652235,46.92866768878505
187.71865688462486,286.9970165432893,18.15034261694688,46.953011942562384
190.84310730212567,286.69577663468965,18.160113542504327,46.59649671553032
190.21838329141517,285.6181104859182,17.948331047491667,46.466399535381605
186.48488426414704,285.6589120619223,17.765808704841596,46.765255691997595
185.28342586019266,285.29943139652937,17.903715394265877,46.64729509247033
182.00003421388212,284.3410430351631,17.482117777920923,47.225142996500196
177.95064229090622,282.4462676063285,17.519451619295094,47.18786608965833
173.22231667479633,279.5509457392888,17.4361133800793,47.79479734128534
168.06491513702542,277.4344869119485,17.35223958336772,48.23835924111364
162.40577099961152,276.78057189033103,17.278881473002645,48.0132721424342
158.6158133973386,277.36097755850886,17.385587296444932,47.53270227164708
155.514499107923,278.4917780375073,17.437806653627,47.478774624883684
151.73220454431757,279.3109736317018,17.42596689060956,47.645764496141226
146.83595114910574,282.50888797362956,17.326990374148465,47.99198169164981
143.4330604099926,282.65772989217595,17.227451684833227,47.94601497496603
139.36747894211402,284.00204835653625,17.257525143051357,47.7144855901908
135.70242121049878,287.2979669336183,17.134277664539873,47.15553875585088
132.08624507302198,287.7799794744647,17.10161099952155,47.186224656003944
128.55368694444184,289.0404315860635,17.022764873411568,47.14634541335138
125.22500997929023,289.87586942209,16.816188101505293,47.06076494164627
123.58751726023151,292.3523945870183,16.81899298237179,47.07459254910653
120.30277651256867,293.1919555460632,17.326836599279492,46.92718006361867
119.95168845156427,295.3115773680446,17.603492778050988,46.63148033063607
119.03945584289167,295.08552719034844,17.64000271127754,46.35124970811171
115.76398084221988,295.4582262356024,17.697542602147468,46.32802554681823
114.8303092670548,295.18062963143126,17.447112458028776,46.52429827037928
113.48241604854184,295.03290997967025,17.510926105290316,46.382150372305965
110.61140297895133,295.3138897128976,17.171752121638065,46.470535754484146
109.59315094239182,297.41440874729386,17.477132151292423,46.17150049712343
108.5087113149157,296.21587730521736,17.528721386255658,45.94102326973474
104.59750995709774,296.77634078887183,17.513180547967007,46.1138960603832
104.36077955712277,299.72788455930186,17.445875704797142,45.88527226845511
103.65713957235023,301.5983055956734,17.630633177165098,45.840866839312426
103.70272517402354,301.2573459494414,17.661045115204978,45.102202883637986
103.97360255749882,301.9592847997977,17.542667564116698,45.35438933564312
103.97515177701875,304.76380771116675,17.48330463891299,45.397133178127056
103.97326287008906,304.91124392907057,17.472286945467992,45.39212483538477
103.24270824893019,302.95539912861915,17.279579010966906,45.85006978640047
99.79035609399754,302.5010440749241,17.534102027344638,45.94719625559931
99.37771445540672,304.47201892131704,17.546779267863233,45.86402861580725
99.03044734779057,302.90285004829116,17.557296242094395,45.88762289071334
98.30356456205804,302.00092177445134,17.54564752789965,45.67838286742435
94.58574983095319,301.14078383140634,17.477626801663323,45.17429447281375
94.52212345664546,300.0463674552398,17.381249658406382,45.31571173022789
93.68272470429629,295.8765516985877,17.42162550840348,45.456459233217196
92.45264025901128,294.6172837484025,17.231988137910882,45.889375683972176
89.18987457872362,290.9069403351457,17.171887174267464,46.02382384013668
85.42678698051093,291.09997323810677,17.03085322228585,46.17674477671092
82.01994526621496,290.8355919033239,17.23773704836923,46.84076774512488
82.37088741285264,290.9227412333031,17.31085547306569,46.86011289353128
81.40426549860891,290.0321740908585,17.199526232934375,46.53543129096931
76.89417656492016,289.3879895074219,17.01355690640319,46.83321894539138
73.06792898218227,292.1307242466793,16.876632420847475,46.75097870347946
69.29838527978164,293.9621661284971,16.823348361873094,47.71526740993656
63.8898931184252,297.1525809506497,16.705280766556182,47.896775640997554
58.81725646418649,296.65636683340466,16.836111631185947,47.57628974241576
53.485886526823094,296.03550012448966,16.85805007616421,47.50088734939365
48.98382458491335,297.09916334059557,16.942218706382626,47.259933841032904
43.992738354422265,295.88455427271106,17.02580775519438,47.0954906685133
39.405212042680816,297.6548933981665,17.46437775843801,47.06383274612417
39.01205707893283,297.1545866169398,17.580199686017913,46.70843253370574
39.003891063865225,297.173714230626,17.543683332368833,46.91035122732237
37.78569313561894,296.49477703453147,17.382862344302673,47.45312256546479
34.46061679295752,297.3982622419753,17.727141158775922,47.874678742831755
34.463244093494566,298.8610073130201,17.876992401841875,48.13311208363711
35.01790530745341,298.61599221626943,18.164983449533015,47.95492557181612
34.60362520581109,297.50786246002866,18.324881700798915,48.22393245311029
34.62832243871,297.38910423163253,18.334280943683147,48.213668527269256
34.21045461429849,300.50353689003936,18.520874386790997,47.77983428116484
34.19275480511118,300.11090793586914,18.455969766667415,47.47197733660009
37.306123408072445,299.60594830161807,18.51603389894068,47.05312940081751
37.47361585787381,299.0433549249296,18.382539848594465,46.76431385488567
40.55436950692412,298.277341295454,18.110076358477244,46.5593083427263
41.1029436632752,298.27326511469965,18.02005544998803,46.79264168777838
41.714383322975124,298.56247429232263,18.156463511760357,46.64999387396201
42.94060327050259,298.05825203634066,17.849430578146464,46.92890620370925
47.61365584562062,298.51520323028376,17.719302142998302,46.90846951358847
47.608160411786066,300.94019826874717,17.77786000569209,46.48953593614281
47.57513299487332,300.8058091696541,17.638320031654345,46.16183930799312
51.072036182434545,300.27365996681345,17.427799751197433,46.455830113176184
51.50980951700951,300.29031257497905,17.535281970749892,46.51045813171543
50.883782868886385,301.26994382475954,17.730285634923693,46.84484625929065
51.493921350874466,300.4207107115043,17.568104602954367,47.17804878531598
54.72591693133885,300.38751154448397,17.85691199930709,47.090678892852196
54.64033156136506,302.62699670064353,18.166606004974078,46.70991843847374
54.38348298312204,302.7062780860114,18.22378102453347,46.24812642517479
55.16635161628464,302.65104084963417,18.077638046080583,46.46098726823054
55.85981972538619,304.4815199288892,18.192526564472644,46.31905395865838
59.42513278908158,304.2454896254462,18.05520421286921,46.27625244539284
58.948355176491674,303.67090997780394,18.028576492320727,46.09218124522456
58.86884737131906,302.59017617689983,17.853796763796844,46.04665169088963
58.61506835840467,300.965974442825,17.732372484098907,46.28023482174372
61.67083795711107,300.1581076408114,17.715412506504226,46.16543399145239
60.91662831722573,300.1748103262734,17.728236211895936,46.34745539336122
61.184432909186796,302.0518833277819,17.669790730223333,46.25400017479858
64.30169159276514,301.54473183741914,17.667374326659168,45.9233764406269
65.07508862196028,300.8697694499259,17.454169345264756,45.58240077062899
68.06538774850357,300.059942228937,17.497331410934276,45.508994576086415
68.65484978130311,300.0106933472433,17.453408051054176,45.68552431897502
72.03147768294035,300.1955955672253,17.326671927802902,45.41608656082521
73.09185428571139,300.32586780921974,17.14490526210151,45.412757099877076
76.6692265333201,299.6252260066357,17.187721077247858,45.620414301236536
76.94706974500929,301.57634496075775,17.33718597337328,45.67128541894768
80.0801070300675,300.988115986854,17.250618181973884,46.291588221586935
80.54516048586842,300.9891984673663,17.440153408853163,45.96658432828658
80.11875809779822,301.551496424094,17.568828925407246,46.13221928507796
80.82642919043256,301.1379893979819,17.448112499263324,46.48287864889621
81.30419820192661,301.4345436647891,17.63946988490559,46.50059243526634
81.64055108013463,300.604885025779,17.72164986161715,46.59643410446069
81.67768424451012,302.7326685499203,17.815936050757088,46.37270308904571
82.25753201897473,301.61665650003397,17.722006001896553,46.45237795519101
82.67757407315108,300.83591340235756,17.94785321373427,46.68051075031334
81.82342592366999,299.5716099259117,18.082889205384433,46.27744632220845
82.02558848964728,299.3552492902349,17.97578329025344,46.41733760317499
82.3808666359702,298.8230523410473,17.939905442469975,46.51486006113959
83.00257708704045,298.1689715001384,17.96529290519763,46.657858702796304
83.46613053880466,298.07476277176175,18.042047190557746,46.76969061341371
83.6128266473074,297.66610628866044,18.03124917750124,46.850422552108455
83.61268015965653,297.0651815514196,17.981242929290573,47.00783139949218
84.03726578055415,296.36977733066334,17.80691970757209,47.21401767246368
85.07483661178134,296.81959904304506,17.990744491040566,47.13315478912028
85.88249482652982,296.9555123425057,18.148978929577964,46.44755900465592
86.5815047803436,296.88066744832156,18.274356110001268,46.259215683120814
87.8860459108896,296.47176512140277,18.361069384950486,46.901228566738666
88.48853888363463,298.19469589010225,18.476566885581665,47.22056144538583
88.79392634758904,297.4641421846423,18.58110181599499,46.88470397250133
88.33277770131849,298.9114708306035,18.77541229594453,47.06344264806255
88.1434844481771,298.19394789965986,18.697840670866313,47.001570189293936
87.64148951771169,298.08040199165094,18.649562384328554,46.62320249403174
87.75004081208643,298.2874624963286,18.41833682797081,46.39966520547965
87.49269066290763,298.5240060832115,18.204167747761666,46.29739947789427
86.79741015314862,298.9348586532255,17.990754067305634,46.29518262483823
86.32781076620982,298.9736794007686,17.966605644604254,46.04542513327205
86.03065070127121,300.6039484038502,17.942472152617157,46.067455105014076
84.92241006298688,300.95029449911175,17.849622965776383,46.12607964069882
83.88059339429961,302.71376434145765,17.927267466862485,46.30444648600573
83.71716985213467,304.72252729131964,18.006072370058114,46.30984739368536
83.75388265788766,303.8015721796211,17.885643351520855,46.15060820111263
82.75847679077813,303.37905451219825,17.894378679261038,46.489918152199735
82.70106526678006,305.6444734837028,17.945077359126,46.671787251884666
82.7575593678259,305.0233353416613,18.063777492572218,46.67659338597382
82.35984004449512,304.91251894880634,18.185132012284512,46.47143456335011
85.53885540895575,303.96257874431757,18.01362853556049,46.309664934562235
84.72868720735848,302.2522195823649,18.151518983478546,46.47365937769975
85.03937233092167,302.72571718533464,18.08251421820567,45.99683133179436
86.13036233267187,303.36128465524945,18.080464186400214,46.07623202314465
86.69572253802393,303.84280039895776,18.087996749252596,46.521542539550325
87.45579533628636,303.5730368452263,18.19298204452766,46.393464783369566
88.20608054289389,303.99105098876146,18.373045772280925,46.54239043621391
91.25526798815683,306.25607675338205,18.49763802958219,46.696763784139534
90.64847752336776,305.36100675493583,18.636791235275755,46.422016018962225
90.24301683159786,307.0482347312369,18.729663748252065,46.57161912359586
89.59628280850004,305.79031772441147,18.744572705740715,46.44542885860598
89.24502610714484,305.6080707713073,18.55414373946689,46.183078656709554
88.06697842241087,307.41409611677005,18.45030845059437,46.58409091973311
88.20163602289972,306.7616773134997,18.58710472842221,46.49620591961478
87.82339702741098,305.90166297348935,18.38819107396818,46.422030126140086
87.01262039699975,308.3831429286654,18.19664840755219,46.541001806821875
86.85161398287626,308.39556285072547,18.053439413537337,46.123113259031236
87.26407712860865,310.5133842357937,18.07417881535566,45.84598112617817
87.46405919949189,310.90327795059187,17.933502209733447,45.91298001679125
87.18221204389928,310.8839309004872,17.796839560622008,45.806463970096665
87.44021604469324,312.96232785965174,17.725150151582465,45.642370866968335
87.13848313895903,312.8884359008285,17.77192074019627,45.38227596848703
87.37598070589328,314.5980472255327,17.854005815582973,45.716571185213354
88.06755081275176,313.95577754302195,18.03356623110033,45.71916448719308
88.90883170678664,313.1924454886986,18.283472022872182,45.847404089652436
89.4042682340422,312.9387949607465,18.477780943725737,46.10360564847667
90.20956791721424,312.50282054504106,18.534412421879363,45.75722791128408
90.62961361348663,311.83436581357665,18.421518020778233,45.74161213999045
90.66293792446083,313.74564725910204,18.376056614873267,45.818208203560076
90.91684036295166,312.49553602012696,18.425540086566407,45.57949044255754
91.01102411308955,312.42335277002496,18.32728103306748,45.464883076060445
91.21689509446738,311.56434218248035,18.38006947869425,45.66435254388195
91.09258652438311,310.82310358265175,18.293378126679094,45.6556511117566
90.72706329146047,311.792846408158,18.353019515543778,46.10418692986028
90.89298935377933,310.4808124427174,18.519581132494668,46.282045430046885
90.90967987274676,308.30853740753645,18.444935106077804,46.40254783958123
90.79706604806626,307.1949463894112,18.251969206521053,46.934737095146296
90.84489762600339,306.78710460347133,18.318700678575496,47.05792591700306
90.41695139840907,306.3419820419053,18.2805210779475,47.02335604103166
90.6306132697061,306.3701019487442,18.118970810523553,46.64240842124339
90.16754830454914,305.1363750347873,18.315898231911106,46.56192819382889
