340.5,358.5,18,55
338.4239397456723,357.7761560514276,17.80824796150566,55.1239302486767
337.62201179046906,357.6306272507762,18.251887302011724,55.11944820263885
336.85620654964265,360.33892239963757,18.736055943492733,54.70545857477697
334.91135933412085,359.31497977388165,19.350419115762474,55.4830344972558
333.1390584330592,358.72890426281634,20.06520648383438,55.53066283338179
330.9164470792109,359.7458284632269,21.037732648791057,55.017170610844374
328.7024399003599,359.2426088665853,22.04805172260326,54.91425018212598
324.0359197617361,358.1075160366065,22.952359127841568,54.442322728680224
321.5754877757357,357.30686057062337,23.4799807406809,54.42280443606006
319.5552985317423,358.418500796949,23.437582205352385,53.96025174658469
317.5057654839381,360.2313450044357,22.92370751269173,53.43992479325074
316.13116542970783,361.2287677037749,22.157913238294018,53.18869192241957
314.26707783645736,361.74540816303494,21.30046134578491,53.08647650368211
312.16288065077487,363.6696930658755,20.44618024107571,52.42418766380604
312.01272045746373,364.14812348434,19.465936200322123,52.5887876222796
310.07184583983553,365.3465080041429,18.69864330606199,51.92765302881787
308.22981880605454,365.1775332436226,18.20983770489232,51.94261436755218
306.32383238513194,367.48406489157566,18.14145113549788,51.864340157034235
304.6386398759661,367.3400683142816,18.375284296834877,52.55132453877225
304.7398227004819,367.8422414679559,18.734255939997592,52.573887225144695
304.355362295453,369.3783637237179,19.339628533831693,52.83541894920123
303.83105924291414,369.79644797427136,19.60731121275822,53.42553750310984
302.2629554324848,369.94538691417324,20.277153496245067,52.96265998927852
301.9044803376329,372.85853496637856,20.271800116632015,52.84205093091893
300.3063214497295,372.420956025167,20.74365061491183,52.797320614966345
298.47751622241526,372.32365015954554,21.155019738439925,53.50309945522194
296.7005771930659,372.49991783897093,21.062771765263022,53.904021940628496
295.7141468868775,375.32624119577457,20.59946537591561,53.75358298306368
295.58198682966645,376.4430252514592,19.960322961155214,53.24696837816421
295.7521955787591,377.060836532827,18.97234909843371,53.10820956207158
295.9364611547487,377.6919257007393,18.190916366120764,52.73044864091218
294.6808250989436,379.787449730655,17.64874528429527,52.59567308779468
295.31983400783463,380.46716433979077,17.292444394995265,52.41030886338149
296.861922805274,380.1179315177179,17.12354380435847,52.121051872257965
297.5962123467884,380.07093270697493,17.503868854172744,52.71751170201502
296.3423628366945,379.07430778008495,18.41213266413252,53.247317442063604
296.74431876511375,380.11929490433295,18.88677405474584,52.930592104471565
296.8515819579672,379.55310250527634,19.244676849184174,52.87641901360004
297.16920623012004,380.2140956634864,19.52562548562651,52.62261433112926
295.42017287365377,378.6081420154834,20.022933789058982,52.53244290322783
294.02862385317377,378.4068555276985,20.099892503923336,52.590833029867184
292.9438228539057,378.10853414433154,20.578248588953905,53.22348597999513
293.02419672943586,377.06385414532843,20.44314872585371,53.15854028151387
291.66266671033935,377.4944755712082,19.944761296242763,53.170049857809076
290.236517662577,377.16590326191476,19.27437362554739,53.028335655003914
290.92878952352936,376.9371753423313,18.485083073179275,52.81100886038946
290.9423146490372,377.69141307415117,17.926498925240477,52.63763571646709
290.5546779922807,376.51117172374427,17.362192537329825,52.6021981406391
291.09815033996045,376.911819544924,17.09939625848952,52.50714535764315
291.0837516671064,376.77968603700765,17.044778915491143,52.17904782383897
291.2440087378825,376.01289917324334,17.42191079578195,52.55024025997813
291.0131910689191,376.78540497961205,18.451075871658112,52.69406438733013
290.4574833066823,378.48920937599047,18.798161128225445,52.26651188043154
288.77848301737725,377.48933264234944,19.920052926928378,52.49949307751093
288.89165438340495,379.7289351208171,19.972582118558122,52.052624355622044
287.72565405322206,380.07039822205866,20.402359311097065,51.54804387807923
286.801143896337,381.1628247176865,20.503646508717225,51.496213672010256
285.9311427901561,382.4965619603038,20.477588249544247,51.38370945121048
284.1074822754809,382.925681841922,21.115915891672497,51.67500295976359
281.9127678467964,384.0434583756253,21.151039958544644,51.65685378105941
281.2856049425278,386.0938122471373,20.601414384444702,51.763135326365536
279.53802848825075,387.3821241878995,20.019233842681455,51.6180118797166
278.9301662684552,387.0426745128726,18.854083648483535,51.70964681116831
277.45679985885215,389.57968157257653,18.33396952478806,52.184987244983155
276.4302047120225,388.51398727814086,17.585991376674905,52.45608733306872
275.7054868418041,387.58695603274253,17.131819152595956,52.566579376897245
274.40084903142,386.31235187727003,17.002522891116243,52.71044010216412
273.31896276303183,385.2535049476746,17.370195288274626,52.912592789327384
272.255972019145,384.13838481208785,18.090992626306132,52.99014670300277
270.7555613984198,382.1865379898623,18.51626331157374,53.319217954799406
269.7571811627625,381.52753415686095,19.550790179887763,52.86264657264539
270.4240089164111,379.6891302666271,20.266768175550695,52.24806774880402
270.00602628888083,377.2618197748383,20.874570680009416,52.172803344961025
269.14058903294426,374.77232169963696,21.326070950053712,53.005885417604915
267.45787559945995,372.93973404763994,21.622309937459885,53.54978458138592
266.16646180655414,371.53697946160895,21.437437327959078,54.28700852662601
265.0174594760265,370.540467153772,20.591260260651364,54.58176317903538
264.3443802936348,369.60801905312616,19.6693841672743,54.64618509424771
264.32246985589154,370.08141363589453,18.732106510084133,54.2101212480965
264.6489350507224,370.0635942016369,18.070078864656004,53.834847185646424
264.8492166852001,372.3858837941752,17.707212866213297,53.18993349930324
264.8698211247636,373.06785649154955,17.282222345364573,53.1984643246855
264.55347082541994,373.4479878024429,16.896597734434234,52.7428861630618
263.830564101625,373.8648279197413,16.853700420953786,52.79016686977981
262.7960283725711,372.95714902760926,16.944885440691873,53.23811637843964
260.5993324397706,371.6399244932059,17.71367689583144,53.53505080834552
259.20325236179286,369.80157098726386,18.778286425985772,53.77375523386486
256.9429770761458,367.8765832117044,19.829961112270226,53.72244108352193
256.1629233848985,367.917678665957,20.3220065469423,52.83948442222446
255.11198134144604,369.75448006529234,20.428212685849104,52.269478072452124
250.64291796440546,369.64691941807837,20.792496437610914,52.232292190290025
250.67462819615136,369.3181912584727,20.816340184104817,52.19487905082595
250.3874101755757,369.6474627994299,21.10400886170789,52.49421575063465
250.14863949340702,368.96433580969574,21.254638866019825,52.7352460934758
248.2942179602066,367.94139451612256,21.380626946229864,52.517316377079105
247.51725845661147,367.83635851146744,20.623107869771456,52.366042618414426
247.78095918818835,366.70512837722754,19.588006738210257,51.990473788383476
248.09254220902247,366.0725127348642,18.573419706313366,52.011161282293
247.89121446048097,364.7238143426345,17.821932585217013,52.01188968029298
248.21649331353697,366.0851783366595,17.348413161261007,51.803218374829626
247.8231300676371,366.77674437191865,16.882964679572925,51.74155477679214
247.1368164447271,365.7896559334097,16.700439032326514,51.72554865801382
246.15386480304358,363.6950426785641,16.795824346562064,52.17904451966422
245.05697071421474,363.10708474120815,16.922015611835707,52.18234701203662
244.6229351628683,362.3230862385782,17.053940204881282,53.0840662510689
243.15034924118484,364.54287793511804,17.369295754531716,52.97898221712
241.51532103807722,363.9055783686689,17.672772723491114,53.15853554504085
240.2588107568626,363.3437923158048,17.907112246110184,53.70401304913784
239.7224277835401,364.94022971549293,17.90518606266635,53.772648621923466
238.36713862776963,365.04555106832566,17.87635898060684,54.01880441012021
238.80522452434758,362.34439868050055,17.679154365318826,53.93227146680681
239.6763508995691,362.73565225555785,17.457638190002445,53.19363342092852
242.05223564777197,362.4671326895829,17.07037922979054,52.20899970799166
244.79282723312986,358.1185343899799,16.980500075188043,52.2198121061478
247.22213077402836,353.12922354490496,16.9072905229931,51.8112162746303
250.05781639237392,350.9239121313988,16.61515312342963,51.5675536707344
250.52262885631103,349.8622087165502,16.16449574297211,51.12075314302497
250.01588968992792,350.5696492814228,15.946450323525852,51.496763183781454
249.85841229086367,351.3861135073472,15.909799080461328,51.258470051642405
251.1388021838192,350.1780666471409,15.829610114862739,51.03455842194218
252.1383983437351,350.2645199228387,16.203343076555623,51.40243467980409
253.7054313882441,351.16125045424104,16.895055710300678,51.63632904950971
255.20783723792502,352.33214007472014,17.54191756631299,51.527716026355556
258.3583117546422,351.6959936767918,18.070279426891013,51.61847465110786
258.0925942505391,351.64362316618576,18.700160945829495,51.66373069876997
259.8320043659608,352.67131161627634,19.431927262837537,51.192908113202215
260.14371551335296,351.2963869978773,19.848762421971724,51.155014019998454
260.83074452894925,350.9890139461118,20.45730567575987,51.18488930825228
260.23214142952844,351.4753750173882,20.543516343519425,51.299168727818014
258.84461772053555,352.5117669673708,20.433485808166537,51.30378336644232
259.8850455843125,352.97779084418295,19.985897960098793,51.60766224093083
260.75880822640005,352.8897450481384,19.417582027463258,51.49711610957395
262.2680422693045,353.6240941439749,18.678602982029094,50.99361977260685
262.68950163899456,354.08283729471026,17.97244946937075,50.759567063455656
262.85083404822274,352.45175838997824,17.361882325522576,50.653663568827305
262.2540831548522,351.4413900099635,16.817254138852153,50.568485259276606
261.6240992067217,349.4108290271026,16.42961947697714,50.95680811458592
261.7870773215052,349.03136350614045,16.178898144844908,50.64507224729236
263.05653209496427,348.533633167133,16.154232677516625,50.424708917319236
263.1642411620292,347.8005341870838,16.09065962602737,50.2904831837607
263.45539972863196,347.5884388144768,16.23328434253044,51.07526912546031
261.2636645034474,348.1920508256747,16.58681847927036,51.484815728178916
259.7841979792009,347.9803434311408,16.990220264411995,52.065067712404655
258.8329656491243,348.0618628402376,17.35555397268373,52.343616640354355
258.87683626989707,348.3561190273425,17.60588458406061,52.309070490338115
260.35130366719727,348.0130377445999,17.875856668885312,52.56223147796925
260.1312666125392,349.257554475552,17.82185494345026,52.582109148877535
258.5778060857124,352.22380705122475,17.74000498765871,52.21603838092443
257.1114849586018,356.04018110908277,17.495534900952798,51.90859668076617
255.08643034254715,357.1103581352085,17.311566679448784,51.6638804983496
252.9393589179588,358.52856246494514,17.02108333081054,51.43748317806404
250.20517430330742,358.82740935442956,16.917736251519557,51.33924523849069
245.19954563093688,359.9769564893112,16.567401303475,50.833698002991
244.44910888950713,359.77534541364986,16.114986946444965,50.48770794890364
243.54519858948373,358.63081299554386,15.741485687131995,50.23316340439364
243.60262830992426,358.90475293727116,15.467939861692269,49.67738050104134
242.93982818474268,358.75962294049094,15.550284973658215,50.2085771017242
241.85419940008333,357.8831734755355,15.793558543724615,50.692411366794445
240.65847973439367,358.4676228081824,16.35871442020894,51.303397278298085
239.19873380155778,359.5146005239948,17.2461096615063,52.01639694577922
237.70997763306644,360.4478604914623,18.016188297927414,52.599455772898594
235.82133914642802,361.59279876149174,18.908594265192356,53.412324050573446
235.21068493414597,361.6967672336656,19.932767703236625,54.18481896095066
233.84154149205406,359.89116332796044,20.854634151514958,55.24863249669569
232.31212728017783,359.6211105118648,21.78831833202709,55.990762827144366
228.7103998950807,361.97832941716723,22.237755749163465,56.57579067282008
228.40988674450054,359.9486291094664,22.91654903502494,57.88781675361475
227.20071475508254,358.97497042734324,23.43132891836384,58.562536685724595
224.17795174568573,357.47050154992473,23.165576593956754,59.5396531896461
224.07580964753586,356.0645042510188,23.311295959685093,60.37744861162336
223.02319293272797,353.74705359261645,23.107330294528534,61.10777672629474
222.16659533935768,351.67434258646085,22.462346627280482,61.61009013226749
220.9868923881333,347.5958873517007,21.787635307896963,62.52051060010934
220.26192140085126,345.82982756547455,21.200982653173313,63.28779457647705
219.03043519327989,345.75989021830304,20.68437204333741,63.86244718629777
216.57386774122224,347.1206593975396,20.561345047886064,65.5898610258532
212.43935493858768,345.7790122859271,20.683732736590247,66.10445598455196
214.72140138030113,344.62887465075056,21.21265123240529,67.62554458889312
213.4041481268776,342.480532130561,22.1025040374701,69.44950852941875
211.8534862735377,342.5702500582756,23.233119135522607,70.28692314548616
209.80162078924545,346.01576401717296,24.201240238918516,70.78259728839095
208.83624771415435,346.68017729528407,25.514619896352414,71.69075236249398
207.84153119593276,346.61831983295906,26.555903311308928,73.0512361288875
205.880661935086,345.96928082653346,27.87793780582654,74.4238456596615
203.58328444023843,345.55170505786487,28.620257206685025,75.84193962320339
201.91807465202015,347.897951679405,28.835135563410265,76.56524027584453
199.51605275327918,349.46218456108295,28.901173245932522,77.25598098870019
197.46007813536932,349.1553843239803,28.815290851045454,78.5272241850354
195.37126533008123,348.17593588913894,28.15805041471612,79.06865799052434
193.27717479495647,347.4819529786152,27.47525837476666,80.00043441757465
190.63856989177907,350.1943753992296,27.512355876433944,80.67235414086001
188.49394134265944,350.3505013822623,26.949514032870255,81.33401703647372
187.0120799584764,349.3924035541205,26.667596523373785,82.77941816403455
184.9920169467018,349.2569319280423,26.821138741838748,84.5837786410749
182.64220390018073,352.01274573151136,27.756730325222048,85.84323200490094
180.00198133633538,354.89195801177425,29.021337306703064,86.98982338980971
178.47313770486386,353.9584438144092,30.33323277677652,88.97168230081871
176.59398254760544,355.22031957639444,31.352887285705606,89.09291883684566
171.02900492884194,355.5574446319854,31.57030685581314,90.95564100998085
170.89839843958626,353.3378967473823,32.334653906151445,92.58551861092835
169.79474695095428,355.60494125833685,33.10935876940178,94.00124676965277
164.70758885478912,361.1501229278167,33.05584502856556,96.5631556551193
159.91451868265273,358.2409431051609,32.738062338170394,99.33085159079042
161.9303233864563,360.97625143287286,32.79136093913866,101.04604407080356
162.86252300580992,361.59969037009154,32.933115045539495,102.76857518531878
163.33984738876333,364.0142721166295,33.332255489952146,103.8843956514409
161.24349799012717,365.85767847989393,33.5314523855979,104.61092730815182
159.65933193981684,364.87114422260754,33.4611801790439,106.0465960538952
157.93215808371662,364.70453969906515,33.42327458771652,108.43914438587686
150.25597901005435,366.57638879769297,34.8591850955757,110.49810522335015
149.24284414403286,367.7258181462686,35.72834306366448,111.49991548104825
147.2354363960059,365.17124349174253,37.25415227881938,113.29939076551847
145.58214758733533,365.4506804237877,38.80397347125666,115.27788424533074
138.73034826187532,362.66869151400823,39.22910494383192,118.10983715682379
137.73503912088475,353.9071688720792,40.70572149870891,120.8316968327718
130.37420962267052,350.85644807491894,42.60284989363591,121.15474897320428
130.16079196527141,352.1423167250221,44.45374412261867,121.72970156481314
130.36090760921164,347.00710316945896,47.5157842866883,121.86754410410104
130.02930647068644,341.4575629579907,49.49574519639861,122.54226043707169
133.44319348241012,343.0762550760794,49.22684101166583,123.20638214800739
136.20901321260808,342.9810679706927,48.46514097387733,125.25411779467098
141.9514547977661,345.2266230280475,47.67917900717457,127.10374263860999
155.7905614083103,342.1474342771369,47.62770910273654,129.88856424176495
161.32580617484783,333.39991867127014,48.210887019612684,133.23738096832994
175.97406045964405,330.9026320766822,47.539649293526125,134.29057151094514
180.8953784472924,332.61557794520314,47.018449246574136,136.01356407032054
192.21131899678585,335.7982929108273,46.72205742065853,138.652202513706
197.24480199619455,338.56143725355025,47.74892057680938,141.0091144737068
200.04730634318548,340.46814519100144,49.03066115040562,143.56204829591746
201.9624790454974,342.89239326985165,51.047295840691476,146.40341486633602
212.37789694668703,343.56102291083766,53.33912353623704,147.68843642046932
212.07231133649287,346.62662251494595,55.28434672329253,149.91854435641778
210.93785408006954,347.86704225755716,57.11361081976494,151.544802973765
212.45696265550063,355.37917996701003,57.97343753982869,155.3237158788338
213.1758919284814,358.83629062049965,58.57682278544732,158.03252809541416
214.80801402007444,358.3351631377735,60.03653375668026,162.37123196871852
218.20789045238726,361.01245162686394,60.802041302363435,165.20033552490054
222.12745749377754,367.1746891866085,61.1993297583402,168.0223218922278
227.8783734717137,367.6564966394077,60.45100541660358,169.11150907250592
234.03235848960915,370.6201183976991,59.90306040522678,170.25857252079734
240.3081644860771,369.1591233302385,59.526539202085786,172.06263260105388
242.4098416560605,358.25696516200674,58.770866765958104,175.3104151240409
241.30283097133815,356.0984858711362,58.099149762600064,178.78526861516394
236.7237093043262,339.904995185614,58.40654299133833,183.54258461145238
230.57231557106724,325.116705445388,59.67037476937968,189.58402691539078
224.79871704443227,316.11633242788633,62.806155768877645,193.53442085383642
221.05014942420075,301.1576188243758,65.85931174603505,194.9153833696954
222.85669002661172,292.4841453483425,70.75482314680393,196.6298105997771
218.7747683229207,285.72538623572626,75.09315080711562,197.58180377007795
223.63238324682786,287.7521214349126,76.4548185804561,197.47838181836048
223.83011302127477,281.83682471296333,78.08635707462255,199.27228741130688
228.55872952891434,274.48821557975083,77.74725188221939,198.0365756850562
233.84010028178832,282.30005624941214,75.1308456921758,196.91075334689316
239.04683990170614,291.84394175106496,72.68343996537116,195.29219201460808
244.6101107680386,292.77596347512235,69.05841028333491,192.21886235357218
251.72993138758727,287.84009674461566,66.12083775456469,190.04988345801814
259.99689443304254,288.29606020699794,63.64872692549496,188.44750836831372
264.7833135264598,295.8476845033787,61.750478372602174,188.62671426621392
268.8322387914494,296.457586354888,60.481435196596316,187.53827592202467
272.0731368642927,299.37025246114194,60.60632087464025,187.94826809229875
272.9031235526427,297.1828239904923,61.83270599746717,190.34617414973275
271.5950667786462,301.40618574542106,65.05767437572521,191.67256484428196
267.58357033023793,305.5402343529888,68.84579397771144,190.99247174139003
261.8321910836597,299.05368141526327,72.15472961015007,191.58377124324497
257.8316787546164,295.4960710694196,75.23444908864077,189.94384686199527
246.27095695166128,295.8803506971898,78.31110814865261,191.683318736292
244.10338367823817,289.70972737426627,80.53521529539806,191.55462328924352
242.2424314314803,284.9472236830237,82.55614949682246,194.0491979706178
237.6164723822714,284.923820863605,84.02865770983377,195.48232026652164
237.80205175534314,285.53763239842755,82.85100407204678,195.13892250577157
240.89050198190782,284.96459098039475,81.03717553740495,194.60695935375426
251.526120995588,288.37924374449125,76.15560883572817,194.24209464816258
260.65354245087116,284.0739586015676,71.60303643297439,193.04141996941024
267.9742562426546,273.5382375870094,67.75921627128248,192.00782049462046
271.8897063554403,272.26289985958465,64.23497336001162,191.61972732421054
276.77182370329126,266.69514418149754,61.935959115664716,190.50211730434717
285.0971170155573,259.9333759309374,61.83203959013166,190.11070915672474
287.0906760415593,250.4234819970935,62.96882815052385,193.3305416563706
287.1798768910079,249.22318016164425,64.23348947233279,195.96212299662733
286.7160867128496,256.16222507113264,65.80569620766249,195.49025838211838
288.75075516134217,261.14786987645874,68.46756095938953,194.83096141672976
293.1071121816613,261.1988085568226,71.37275348918583,195.303238552195
295.6345452498947,263.8999816864592,72.30675034405203,196.24647191709784
296.024529047806,269.4804927214237,71.5281814343162,195.73251310247895
296.8805354187407,269.2405843221319,70.78761145148377,194.98691872438093
299.6194559319185,267.61050658177237,69.063889821338,194.6126302067633
299.5081397744376,263.4607990394413,68.58985082921275,194.47010403013388
294.7260330033693,266.2947315000316,65.70401783204277,192.91016547766662
287.97727045271967,269.9454090318685,63.47182758605198,191.13987587801262
284.06730512099267,271.56197130867605,61.40791673491859,189.3652990357699
279.07667951989447,273.3650690992071,59.7713109577448,188.72924772655836
277.659384202741,271.1964368556139,59.57706844118807,187.60349618057222
274.9364704986154,265.01897930717973,59.61083940336387,188.1639042507682
272.37449766550293,262.30039147825835,60.61035727417868,188.38675066590457
265.6887852294903,264.0090537844368,62.34593696187774,188.42009415009008
260.72784832892995,270.82067110561184,64.59935754644573,187.44013000029372
256.1103289344836,266.5464690579262,67.21230170414336,185.7390757826767
252.26802948246655,269.2135771035504,69.32246918880489,183.8997956808082
249.23179152457158,274.4948237555132,70.88389106559342,183.73503129686546
245.90949318153832,271.921642863652,73.32515532749605,182.92221463286455
247.9594890666348,273.6194839336516,73.92540321565883,185.49267276309848
246.27914866030042,277.4286819705375,74.56784829720273,187.6320767915605
246.2873954359576,277.96181946488565,72.99768922712767,187.22119784711856
243.46203131304148,271.25451920782103,71.5977482796921,184.9322270416677
239.2465254510289,271.3059704380839,68.72223477330955,182.80426106643256
233.8926144694398,267.2532703727798,65.73524396182957,181.8527058595163
237.64193548431913,270.5693815461502,63.17914019348446,180.87044021596154
243.50622791861736,274.94654625002215,61.828516483640456,180.07368326839224
253.24656975335648,280.12027931161634,61.09166063398643,179.69087016034052
258.83045018734896,281.91168274939207,61.436433907541954,180.16934448901264
264.2162944025701,285.78345765145303,62.89218726481941,181.05095394850164
267.74151657999477,290.5515182689868,64.9525646339081,181.96446440441315
273.2606629978493,302.5956047007105,66.61685606486168,183.52742793928107
278.55618602667056,321.5976852120814,66.76094890034652,185.45668137576791
284.4692175852209,323.4011034529687,67.09539203171988,186.76168867069612
288.93018516134725,329.291794829356,66.823635788769,186.42061925715493
291.21983625437474,336.47713431568474,66.11624703578903,186.12012117744175
292.69036644033383,347.1410372207382,65.24836257100583,185.17739951955647
296.27800137572893,351.2604653202222,63.7283856880391,182.87076568692157
298.0256422099536,355.7404490008844,61.6134151510671,179.34945703989155
298.8820127531643,359.702218992373,59.77827470470429,176.50289097201454
300.8041928146763,360.1349943536455,57.89062778129569,173.88181632941033
301.41591218528595,360.9935611041561,57.25661812056269,174.46958442827315
301.800866180733,364.9631187739205,58.295559345176116,178.06226935882492
299.81831436348375,372.9919020428513,59.44742388207947,181.20793081778945
298.70369255904694,370.2732886832606,59.291342059129356,185.67186435173682
296.30700882939936,369.93847399782476,60.96485983657024,189.13012110870164
293.3984327009002,375.01789816455545,64.34308873465136,188.89817840725928
288.6617970884903,379.0114339758765,67.20944591604456,188.1555850103251
284.892203624291,387.19600918693766,71.46446293210485,186.20485061145726
279.59446712951853,395.95867322114594,75.34391295335763,184.7303571988024
275.74624767149913,395.66784358373076,78.675357343487,183.82573877416223
273.927629362874,389.8995154856483,79.62168099877755,182.44363848534186
271.3596653232988,390.1200211503099,78.6988374676678,181.79826564276152
269.93557746616915,381.5894255089449,77.23892678666347,183.07599058638024
267.2804206957157,374.1392605684339,74.42054102489706,184.7678749183911
266.7800121936341,372.98422131531674,70.50078241031639,183.32504948633186
265.877032174856,368.3766100107869,67.02418782140761,182.68468890447357
267.78351697468815,360.99371901632554,64.4596736269786,183.03433796645535
270.8329086436611,352.33656653648416,62.17868437358179,183.43715534679248
274.2625800498173,350.64180215162355,61.07479562468488,182.33044779220342
275.7381957576084,350.0210801510965,59.88236483490369,179.9731037702625
275.67705529302947,348.9450288295893,60.44184192938485,180.9349514865953
275.6654591396128,350.8136378470176,60.82999967506096,183.1864491003898
277.7061387919748,351.1826795541827,60.78174240585938,185.83361053240364
276.9969587854354,355.5606871424487,62.01324787763642,187.02901423251961
277.33512419067864,354.99982008743797,62.65701391754523,190.58648404505576
277.6213717928962,357.9111587663612,63.51866893207381,192.92113529286112
275.9408891436009,355.39195954944137,64.34632500939671,195.93372491551304
271.81405561053117,358.8188567628654,65.14909771976214,197.16620845039594
254.7808648828655,357.8960237274653,66.62114934110915,201.9505084399583
251.21140498293087,355.63806311058715,67.96741414982849,204.89052542356967
249.90087317843398,350.533819561319,67.66687884753682,208.3389202636527
247.56971867777887,345.9715307395247,67.86683414248722,207.7051389518578
248.62475684711734,342.0019840811362,67.540608831299,208.0499510720407
251.83058958717032,339.5281079111699,66.20183077184731,210.41625724116633
253.5206752955767,339.07491164032183,64.78153958784553,211.49750234779347
258.1331809270326,333.06574486213015,64.9326174210031,212.76311602502642
262.0234848014414,328.2002691072013,66.67426747705609,213.57605777688855
266.4034338876958,327.353704017421,69.61990519321908,214.23116627275618
278.36235255914505,328.1103128833216,71.57508230039383,213.5574468820384
290.00202465591934,327.90753151541577,73.30911815750449,213.68618275932968
301.37002900225747,325.9818900642949,74.22283633250399,214.17028602938456
316.7249584365186,320.80947220935235,75.70997606017315,214.69056538856162
333.02021724359724,324.37200337952993,76.67678571652368,215.55122797420134
350.89378603267573,330.5043987261648,76.41489670404047,215.2640745718861
369.72057404420156,340.12655616831876,75.97638949812759,218.46687272468768
352.3664696357371,329.0612252465119,75.6056150081718,214.00797501324755
360.0979055911719,331.58899082513113,71.47832296943338,209.0714336589061
373.7192673204217,339.8381516345503,69.85999678876593,204.55238011410344
385.1628854183221,345.03257296107114,67.43354550507445,199.03413768460302
395.29652231607434,346.36063542305544,64.76722576535612,194.40983007764345
405.92137531626616,343.1394734617689,63.39285927302909,193.16620705884074
424.137933649955,343.87515497566017,59.762896597350604,188.6871950862035
429.49734045073257,329.5596650363398,55.01712357654498,189.99904311364787
433.62857931853506,334.05861898110464,51.378613011655354,190.16363560558796
435.7329985550249,338.4050763081643,49.073109990755526,189.1271583484718
434.95963885998356,352.25880732563235,48.07332202228712,187.05510280767635
433.5501691245936,367.09162676564864,48.321135270456566,182.32100918521212
433.5147304652078,364.75298636734544,48.221380003345104,177.16254035565882
434.3007536312405,364.3247665439653,46.8916998660046,173.9680862188497
435.29944110418336,363.16124599831676,45.4613332962405,173.04794017254306
437.38219817764707,349.37529706520615,44.745006666479156,177.02300957807097
435.13014310546185,351.694469587441,44.512135418942826,179.19335508154435
427.7618062575903,355.2194071336022,46.94593550323581,180.0840765697273
408.72707562421266,356.4817465919626,48.19528263424884,179.83642573680788
394.52383963472795,359.45210602923413,48.36523384600639,180.3848077953397
383.25214791673767,358.0027806690482,48.498468661381494,180.1840858903606
366.7807165975418,359.9429501058676,48.46276608370875,181.18565018826112
355.79327899102134,359.75960317251463,50.143934402828776,182.213221163541
345.85516999901904,359.7566035046957,52.584845837761165,182.95055900015544
335.7059844727987,358.6778388144651,55.441467317447824,183.1000603502212
327.6957612081968,365.31678354696544,58.259416364351914,183.27094808401188
321.42006279890603,363.4837443702679,61.414091343028645,183.68320458758396
315.67397936279633,362.5440979002951,64.32566319876857,182.03747192137416
302.4963860403369,363.73351967722897,66.84184914178309,180.33830907257695
299.2959028320354,365.2859333220957,68.68430811591185,177.68587999360753
295.6535679556934,364.0447954003606,69.82386106256544,177.58587210180235
285.0742315173821,363.6164498956932,69.88806296140487,179.22624432499293
282.5892771369215,365.48787652099554,69.56783824606876,179.36367776796124
278.8342563383816,369.3940569570291,68.09258836213057,179.7752567915241
278.47078437113123,371.75252084245335,64.89910783526645,178.43792000883462
275.6286956652527,373.93332983711684,61.91342822187707,177.72648808136688
276.02294409687045,375.15100929090164,58.90508916313071,175.98395496801723
275.3483251725045,381.13686129961224,57.190406752386934,176.4829779174539
276.6530341300684,383.7228653259169,55.24485386707092,174.94265154552392
279.13414208908864,386.236274545124,54.13027941707857,173.79212867366857
279.747775666795,385.95770656440186,53.992876754082246,172.07724977877436
280.3149093873941,384.5725716766949,54.99931680571243,174.01883230357407
281.1663723459778,385.2624115571008,56.50692713007644,175.2457354227825
283.1586817789088,385.75265946612353,58.15699711843193,176.40122116449038
283.63947559177393,382.0649586569767,60.280431226939335,177.61744261844677
284.87908557535786,375.53183954858997,62.61012592117892,178.81276923701478
283.4295296431548,373.62714508060606,63.60889961267242,179.19983208503092
283.2786912056597,370.5903501056941,63.77431833255517,178.59971454965594
283.9809071354627,368.7597725995764,63.2005142123786,177.52805620358433
283.02886537002047,367.63569011813956,61.91564386676769,176.9894601210022
284.0915323716227,362.43610862489606,60.38781489657945,176.25976930957648
282.9365179548792,357.7093107095412,58.74262279233752,174.76334244283754
281.7748978842029,352.20176429498537,56.94315508990965,174.49729017612398
280.3599945923585,355.3973944065541,55.74352842317126,174.82604023359565
279.4928663479539,352.36394149010323,55.25956730066754,175.1120556017147
278.701045282886,346.64174589269953,54.04734723292729,179.72351909266462
278.69295537080484,349.1659216960801,53.54453576556676,183.07018224878203
276.89707269679883,355.1123408178044,53.5778802170486,185.22303740285528
275.2805634081866,361.7911444506587,54.60683585558284,184.14311053418044
274.5053224725938,368.12665360947426,54.78468629614256,183.39461857610746
263.2086884709113,366.88187014871835,56.004554565010466,186.08301447794585
264.31448618683226,365.47468999026023,57.85941354372156,189.07704936065417
263.48126117333913,361.57590494524516,58.86990593149045,192.62669369232248
262.80699846644507,351.4022770161588,58.6995850718563,198.8177930105783
263.9247556920573,338.63738182259453,58.48334819326362,204.84478913195977
263.99578143431216,341.81841981882883,59.00790325420226,202.51888743682395
263.85593683466567,346.37363059772713,59.75650881005874,199.01081372982685
259.4179400528246,348.6761424657736,59.88335686592846,197.58743586394272
257.1056274167673,341.06993444006275,59.663466337567044,200.25924064827444
252.07324494827307,344.2817813899621,59.6019523972971,200.01326252682665
246.7836637203107,346.33528234513693,59.466500938732096,197.5957864591436
241.37179388683018,346.86003715380633,58.801515897136056,196.53980971968585
234.90278775889112,347.36641962518684,57.59418151147358,193.96351123238452
228.9648168639431,347.5024702306503,57.275493632180215,190.67497368303282
226.3357190788165,341.4864689823454,59.94109195626332,187.85102296308997
222.74910053788693,329.60743025260547,61.45197504566033,185.7455006453481
221.58510257868085,318.64443490958996,63.78047531657408,184.61174363545626
226.60278854547565,310.5874446604023,66.34339764110217,181.71677676139507
234.93486543806057,298.7442491762845,67.29308777377898,180.14244461561702
250.6448997929076,287.3116025376711,69.20334895910445,179.81934143898633
257.3813173656732,271.9721911130182,69.25726342447413,179.51030074764273
268.90139122262894,259.5969022674402,67.77652962047476,178.93891226753402
281.42987078634314,251.78766300397325,66.2398971074263,176.73075734109887
292.05085690088606,251.99149807707562,63.48001868937554,174.8544288668378
299.0858283554263,255.3581692264769,60.655202504538245,173.43542286793146
304.72269952363234,257.68987901744526,58.723342873814616,172.33207856904522
305.7711419682599,264.389922425198,57.12093242537267,172.439624009094
306.9909629563374,268.77048083572333,56.688834251478916,174.34778437920542
306.6871992671441,269.49749256815824,56.885645602844185,174.9276008553604
303.9154726104591,272.1079537787931,56.99001534001172,177.2379861313868
301.98297011867453,285.09154120124975,57.46126822549739,175.81048413803603
297.8563715825242,289.05905430444244,58.909109748939386,177.1276056062112
297.0194172699392,285.9812954162205,61.74133951630608,178.44866360100826
296.83989087299136,285.3073908611462,64.51480337816436,178.46451215226566
298.47288061440537,289.6829631624588,67.44936539161327,175.96505412266905
301.4091531864014,282.4508127229641,69.32416855618446,176.4683249952497
301.5438424996971,281.7452525166471,70.64466729661268,176.33825526048386
302.2666306797747,282.0557717324054,70.53957352904018,175.9986532126915
304.1645331884929,285.2440797772729,69.70135503847447,174.83608026336793
306.52231840521915,284.6628626824394,67.68722112464481,174.00374344931163
310.5910516466556,289.416968467278,65.59977056813293,171.86534389135312
314.5935041837005,294.92411578458155,63.07361667659941,170.28487761062792
321.78719823144604,292.70374463293285,63.15325624529282,170.53856384931964
330.1461161723752,289.9633242308548,65.1108239584052,170.83001160995767
340.476247039564,288.39988815060326,66.14937280142027,172.3864825787494
350.66140798700405,285.13495759415275,67.07562454545607,172.52537584573355
360.46738440269723,287.38660825067166,68.15378287434807,173.10764534492117
364.2916272742648,288.0892211403508,69.08699364152791,172.2953442796513
370.199940466014,286.68168750196645,70.28247987552211,172.5439337808463
376.33637863184373,288.34159780631967,70.79654984055455,172.0278160034082
380.6484870138624,295.53145916396727,70.07746298603261,171.11819655196797
380.3512619884255,300.5882381299351,70.55325860699386,170.8775014358891
372.6638766005022,302.356770100013,70.1894515401281,170.25418266060453
368.7579489774529,308.1786420865889,67.29751326053093,170.65039764131015
372.6856723218378,307.8859202050928,65.87728013758748,170.7067181576326
378.3143484855739,311.96671758907974,62.78394739477107,170.2860296282147
383.3915123677178,320.8003231101412,59.808836969045295,168.9686682870194
391.74970047830163,323.1840546166842,57.51274883381511,166.36031701213852
398.75621924727903,322.99299877381634,55.36343028237151,163.97197071485724
402.696135364854,327.91459976611947,54.24872189136831,164.0229537964741
406.1675990386113,335.21039333948204,53.57226163827507,164.11410781491014
409.744329841558,335.5922886937764,53.728308356051166,165.20253752239037
410.29917786973704,328.1431050084434,54.99801541401191,166.98247761644507
407.7218234041613,322.0346246402753,57.02116115851789,168.96046664257614
396.1586355460097,321.24229094826666,59.20305025677909,170.75568405169898
371.0852025267567,308.3026266178322,59.01201422619329,175.41941365250926
356.07596809713067,302.5380105730829,58.40101607494732,182.5610043121068
340.53141205137035,307.10748382157186,58.35052550533513,187.17412728839545
321.8332145261746,292.7248782447606,58.625487297670006,191.72249579065075
308.95585865191964,294.14493160330454,58.049831004187666,194.93958759803795
295.9253590758513,293.8225929005835,56.58601745796014,197.94021130589397
282.49920790404167,301.20736964146283,55.62527811456762,199.4891392694479
278.71926046772177,314.4995406574142,54.629629087671375,199.74560229125615
273.0569630285137,323.7893097418174,53.92598853060163,197.43471799207856
267.7594097428628,330.525716324875,53.8999698806511,197.59673243979393
266.8240874774007,335.8583242211899,53.621256139022634,197.6597347257774
253.77341355286097,345.14638076713027,54.634740065983024,195.90857852781755
256.24913946369657,353.10924674701334,56.0540095844913,192.23047096532923
257.2055352225329,362.39700397183327,57.92388093531841,186.29899757709074
255.98560895128733,365.00885468836464,60.53885703525786,178.3747856421664
266.4581971493996,360.95855635699473,63.54471327758314,173.31488559317532
266.83265419258953,338.1216307236184,65.87753766318818,170.5604913154943
260.8868842231188,333.75677987603535,67.94037944386551,166.96410505900033
246.84263597156735,330.4375490089468,69.4974943399127,163.58469302913932
228.75933331071425,325.0329040685687,69.12403008154075,160.73352148411425
211.19604968217652,323.1060262858779,66.47934947484669,159.97930108971812
213.30683567508038,320.43314145880134,64.03025225481653,159.59069002182522
213.85599306017482,311.8834906942822,62.31643524635405,157.9327226452239
218.28861910477988,300.08090755930385,60.54866011637243,160.19010868751946
224.00512776899433,295.31707611296514,58.108947040568076,159.5970898175016
228.910301342938,289.1971411768597,56.98098915201909,159.84650501594535
236.06980541650393,283.38457848321104,58.327346224003485,159.11922199412402
253.8676546612682,276.37677015813244,58.202419524025665,159.26641995073874
268.41951533229013,268.0347416368704,58.740953965062914,161.15133034104107
278.36387927404604,259.5443165973376,60.50983220642904,162.09468576068286
288.2135594616873,257.23334732106434,62.59982234079004,162.01288037859814
300.79718987716325,262.25050531915895,64.46252595685961,160.2559520014275
303.2330825024369,265.3820271289919,66.06010821043213,159.2084144585742
315.2886329710781,264.9153720049141,67.28040146870651,160.1498445795011
317.78311148505236,274.8920465370114,67.62446179000113,158.9211964430408
315.2870619832535,285.158155531343,68.11064276762832,156.84870669534442
312.6911119641446,296.2071115037949,67.47465431707658,155.70560966132928
317.7612138902368,302.04136568610045,67.50447629039277,155.27254631930128
316.4030047015655,301.56335661426726,67.78681215964806,155.26126488239356
315.4554912567326,303.8622430645436,67.22219067857115,153.79794217906078
317.1920202817257,306.3093093309427,65.72178935542202,153.0713439976114
320.2536452606628,297.18947050913647,63.91994433147738,154.99445135924145
334.58740134652203,284.1942925174503,61.31521254000786,159.8999589386831
337.1446243741838,274.53014099233724,59.09704462761343,166.39550880745173
351.9113535906142,280.6761526794077,58.23713393950351,167.1489671151345
364.69711434042307,277.9852746828434,57.11576006867001,166.4031591548635
376.86014084678874,278.67421233262405,56.88597857083131,164.85800338993778
387.6068699825466,283.8725648133932,56.4583181051017,164.77114339910253
397.713123647119,284.40547683817357,58.44094398518543,164.31356734491837
409.83988857592715,279.9952659688893,60.39107127783764,165.3312427875579
421.51952039760704,269.0303371553745,58.60150406086947,167.96530306656507
420.56645412103956,267.09908954946377,57.61624009148245,168.898886592443
419.7065886356063,265.99290837094804,56.17727584140176,170.03684029907623
420.1816041851748,266.7795690460787,55.34575996552934,170.16515514399774
422.6032895980405,276.8692037738641,54.51560468163768,168.59221846735753
423.4380732011495,278.7627707857721,52.9424569439417,167.32882902667149
427.937041978722,283.24112545410736,51.235351431490784,164.6905019531845
431.0881315551565,283.8786616706544,49.16224341891111,161.92913298555203
432.4025863623114,295.21434468112875,47.131779220098146,159.03728127734752
433.72604242158945,303.9502241962289,46.382940059534576,162.01124482710344
430.7888720345878,301.5146346166099,47.48471928339744,162.9955192698497
426.6188634804231,306.07610194457595,49.5718839518465,164.750997814296
413.25575247764675,304.8184782106243,51.65787577856617,165.97335342219102
399.4404035579613,309.8944193399148,54.164279336931315,165.07714838681557
383.1114873048447,319.61177773814427,54.37614702993205,164.55132899025898
369.0178770355708,322.0271339233514,56.49728366039878,163.36986665036227
357.753119750493,323.5116525308441,56.53849027767353,164.7853437671945
345.75358265944465,325.23966927099633,57.09459990593717,165.6510165819035
338.6494786294753,325.1180407032645,57.9555761009467,163.82071300264545
331.54552241057274,325.13787839331724,59.224170835504765,161.89800148591283
324.3857979644938,328.44945497392484,59.56508502917627,160.37774310771755
319.25450678157574,331.9460027424308,58.260947386162385,159.856038771725
315.875415202076,335.6022010184174,56.75689585735668,158.03939217016062
311.7066082435222,340.4333745325008,55.16216915251594,157.08198975258966
309.8482049018778,343.29180535365987,53.882812467579754,157.28901583991626
310.1147194511602,344.07325532310807,52.68607354969802,156.16942479088573
308.24735695130556,332.16306541071117,52.364354381316545,155.72973953694412
307.1384835833061,329.81635394126374,51.68388749236118,154.48707963587327
308.7948171742562,331.7804744962731,51.833567817937805,155.3745462094177
309.19754710317665,325.3845954933898,52.16818948494586,156.7624021613514
310.869502422711,318.979849423927,52.41204597005324,156.85660232334823
309.0781201594669,315.37532184079737,52.3507420170034,158.36519753248473
304.65614222316105,314.20787984514567,51.97234300069904,158.58675139797936
296.8110622965546,314.8340246838576,51.9371353078304,158.86774483498874
291.2366942276095,316.4470287435552,51.50747083384323,158.91221758679413
284.7757933199027,312.6862874718912,50.84576225039213,159.0538492657118
275.14488810973626,313.6354149161947,50.73437320783435,158.73355462986663
260.00598042258366,320.95672201446683,50.69018998594812,157.44873805600298
249.85723275873409,321.67283072276496,50.12727462333964,156.51730062578827
239.44737590499216,323.2951949924314,49.48817561720044,154.5687190753241
226.98288170975735,319.262283376063,48.58861748362222,152.69669707795836
220.65336532989014,317.1371116106229,47.41988954694553,149.8416786703619
206.93580996744475,321.51234581144666,47.77799297813513,150.37801732895616
193.809849104729,315.1211704969891,47.1969889070578,149.0649013441017
186.3158086796502,311.80981098804443,47.447902398817014,150.50145550603406
179.72492846822797,312.76040111701724,47.8417027691712,150.092297881641
165.46784896269608,311.84544650750854,49.44665538985413,151.40391091850273
155.2603319693492,312.3173901230231,51.573273467734396,151.17189078151364
145.72079171717044,308.4459083207612,52.45869895805386,152.0752028014122
135.9888059132672,314.1373854436828,55.15746518255952,151.54875967159688
127.60460166306407,314.5513992043143,57.73729984568552,149.3852995016751
124.74970576267695,312.7414714165287,59.25899226215191,148.4404468443665
114.6226306893555,305.5027677532657,59.274697126812384,150.4810207892398
106.87635340307315,306.10825353131975,60.17123958389858,150.8872960993578
108.7048159424378,300.78803807686484,60.89428362519491,153.9487422708715
101.97145700431615,297.3456491439201,60.533134947177956,153.5366842374078
104.66340656029838,298.1744372352092,60.36211453928453,153.8370953633319
103.40127620682613,306.4395963158247,59.75356322306621,153.82080002924926
102.75284705046842,308.8688739170636,58.22600609045387,155.12672598979648
104.34703354953157,315.5639681278574,57.681461722774955,155.66073190414633
107.80765750805386,318.4126146583592,57.662404491002576,155.66454729880067
108.59886280808185,317.95080056211975,58.72943799418758,158.66387243646994
113.54270171515753,318.56107507734214,58.18213417295614,159.73203256969103
119.030361547399,315.1629340244428,58.60531685832672,161.70610770146018
124.67484488308351,313.7478909109846,58.59663697589812,162.89328940834176
131.6266868669162,310.990265163319,58.36084164959016,162.46379631672835
136.20089118947064,310.13811541796235,57.192246580225934,163.02426002443684
142.1732672130715,311.00796916440163,57.04920943017991,162.8909849694551
149.51535224339517,311.3583103764803,56.0141740054579,160.71367722200216
154.23368070903913,313.58554281652494,55.34364847523197,158.70285758078919
157.99674192143823,312.28474963545756,53.641895480975805,157.94347177686254
162.98728064623873,309.83718625395744,52.50809376532257,156.09952955487745
163.77148999767908,304.5364138591217,51.39158290579321,156.25492165747613
165.22251603594682,299.9643227560179,51.35121991998647,157.04465077683076
166.4452873248062,300.0271444774102,50.96145036205839,156.06851056509467
169.37341711896008,299.6068334427066,50.816611309791895,157.33019888887935
170.01564516025738,296.7284947015418,51.03220457984315,158.14027450353308
172.69814755765685,296.83376920905107,52.99088686161279,159.74469431290123
174.17374386621836,295.8785292269067,54.511386329755915,160.26972868240225
175.1634856258802,296.18231001671643,55.428182383872766,159.82670252093573
174.74337963189055,301.85255304485565,56.222982621177835,158.43189612926898
174.01119044969872,300.72340631393547,57.30579440145124,159.03907321995456
177.34579793636152,300.48205612206584,57.736938391138345,159.96647911979383
180.00026229659582,306.67200739268134,59.59002463191238,158.29098045582114
181.3345917285698,306.63304036303305,61.63112691069516,158.4064073565998
185.51580919867692,303.6365340968985,61.95185752071283,158.90691910685595
191.37248920751657,307.1680046032152,61.73384834074109,157.29353873646502
195.38769110887213,311.15758141584956,60.99666172018938,155.25825756297854
199.09698570132204,313.1881301210355,59.10833262134912,154.65696158807725
203.4426661656338,313.4731360655703,56.52969742743629,152.87522792109166
207.2418301704507,314.2779739387819,54.51962005485695,151.72674570642016
209.119116095463,320.17782204511406,53.63583558695821,152.3333281039853
210.29758363971027,326.4698662601936,52.69874917895989,151.31689809820358
210.98151240209904,327.75966394819807,52.018454775501155,150.32420343325424
215.02368860836268,327.9457647969348,52.48618537841578,150.4850943537694
215.88987919522003,329.2264938917842,54.540219066380125,148.91800805509237
214.78224756871836,333.28771290249034,55.51745474675165,147.8215385853158
212.52571538361516,334.1667189566157,55.9130273948511,147.22080739900113
213.273635629113,335.2802868869469,56.69961230745044,146.53223836611272
215.1662162377889,340.5258442995973,56.32557269692542,145.29369655411767
217.26181238268325,344.0219127777017,55.883126086992036,144.4142042703026
218.50648454416745,338.40508527938715,55.83833418559347,143.95201461666315
220.52291282283312,336.62294565912805,54.57908321336037,143.71017846831114
224.64176082537887,339.81637398793873,53.30150788621688,141.65891646477303
227.23400341046926,336.1573356047903,51.66014667653111,141.63634934831842
229.8312664739276,324.01167934350985,50.36438849776508,143.95307347671428
233.63100071873728,321.4822233017425,49.117918264829015,143.18171240885127
237.2271178183615,317.3861345892356,48.583902926206825,144.43601217883577
241.5645613553031,316.45245172871097,48.60019608151058,144.45417455172526
243.7526714660497,316.4076373736431,49.2740161050736,146.94286994849122
245.04558487022334,314.3769411822442,51.20293834686669,148.74367440060973
246.64941188635262,311.0262170439448,53.37524199054197,150.46870895040186
243.99127405471074,312.4697996109729,56.7412256625919,149.56191386105394
244.92259359923975,312.9917713650274,57.601146025590786,149.65503743248905
245.06666803870533,314.8444231331358,57.85962961536002,149.46393458368058
244.35774603986857,308.1146004297127,58.97062523604414,151.94401246275578
241.31283166986395,311.93217651602123,61.2141052135412,151.05045603522547
236.6845833083342,315.93908447983233,63.32088698985385,149.6602973341657
234.68389936054587,310.36505466665614,63.632218350167506,150.40590258429748
233.76682692719424,302.15132137546425,63.68243768357607,150.83347979290193
231.48361576760223,304.42422145539956,62.07919609666264,151.17694278610753
229.31028255113597,299.21258314931265,59.94360373290331,155.2004682119105
229.2147202592865,292.82586058442087,57.621108893689616,158.50351253145237
230.27836474220524,288.5994827161545,56.06770381895781,161.55467315232346
235.0283372610733,284.96443264972913,53.65632413080054,167.7006153795955
247.80122181059562,287.8931523180929,51.94292769716115,170.227625047995
252.588704388782,288.1189519307033,51.20548695485094,173.1536484271443
256.48674057558094,295.0332705086018,51.28947286982731,174.45747472654747
263.16768658472967,304.51786366221154,52.642695445035706,169.05243732222107
278.0075747924041,303.31573378657146,53.081142219994376,165.88304146818504
285.405889724223,305.06001418136435,55.48216517312906,161.37506386951728
293.0530070091438,302.1083147430507,57.004661102555005,158.66056475877883
302.3134103688274,299.07527585434957,56.59238824244075,158.83002798463684
309.55073695433623,292.1167939154416,56.26164357209448,158.49125074306818
318.1911106349726,287.83870482646586,55.76945707813135,157.73982699230865
322.46932870369443,289.46411821134564,54.111348768141234,156.38741733776055
324.85719655580965,292.3452925034975,52.31917219553318,153.5106934005974
327.07028512690886,293.67204240701597,50.79864447693397,150.79542104589814
330.80543186773144,295.71525358084057,49.90280673335646,147.52561809445868
330.3938728083078,290.45898149508923,49.72688246042674,145.63789371127388
327.50308602886867,293.8815327807928,49.18535497560381,144.90802742221535
326.79399145768843,292.85628838130106,46.70465481475679,147.66904453531237
314.6810486713408,287.4204909219683,47.93476325732518,149.6419272957749
312.820009426624,280.87071232765845,48.66416501183452,154.38183482619138
297.65095361606444,278.4091141817844,51.76183435695258,156.4300864310498
293.34008989076716,269.28867445505796,55.70527287093216,157.32050392466388
279.8618921096179,263.24702343429425,59.79711307434397,158.2178928802538
275.3772358943326,268.3908076292846,61.179608717194824,157.2539729430318
267.65669098107014,272.1029180126534,64.68698463075584,156.77271243859292
262.82210189172065,263.12940618716516,66.62439467819873,157.67244910226464
261.13400537453464,263.676876098845,68.07081330899871,157.87971376861287
258.6934599289258,269.55246241903933,67.91258659233671,157.56829561430817
259.8192493646897,270.0224594542183,67.24833043275355,156.6158467687883
259.2805759463348,275.5281616986362,65.45754277086714,155.51635519804327
258.5722856238955,278.9960432865461,63.32804640272998,154.27190338162893
263.6802056842633,280.9203727551545,60.90425187525613,153.3578900971832
265.4554259817495,283.01899937554697,58.93512536719781,152.2589861892077
267.5502813726036,287.6859510142373,58.768021911997145,151.897968043663
266.81447843202477,293.57421314115794,59.52815999063024,153.96120933852774
265.0631109656568,300.9571041439268,58.556457686580316,154.49280110465742
262.3296414253717,304.5676246913281,58.86247328616295,153.6272435418068
260.0736314141051,304.0227811259108,59.598571487101935,154.34847287845201
248.98582190984015,308.69717199871496,60.98878819765814,154.37874520236267
249.18242898312428,309.2973623491731,60.639554116823064,153.24874050274474
249.4691715504764,305.3451218880031,59.53483132028032,153.91389447119684
250.71435010060964,304.90446962582547,58.82601139519235,152.82545073696141
250.7018001621673,308.13970195185175,58.67333684275577,150.69036234757363
250.2031830642672,298.78263511638323,59.164595553707926,151.2469490214404
251.6017313348667,289.4678862349063,58.53583635763222,152.08315759982395
252.1015105629373,285.2929467588135,57.16684315737139,153.51603005939484
253.76596133283218,274.9443456987274,55.653190822217255,155.2290650805681
255.7759669322079,268.9766550087008,54.34027691541226,156.5763574713634
258.00819482769884,265.7023481361204,53.63773728501384,156.55009919961745
260.9394591828186,265.64113746864433,53.277371031286734,154.59295191007314
263.62937576230667,267.408256127651,53.31153552245715,153.9706282254064
267.5994674957306,267.61685698476947,52.63691172891856,152.17034781682582
270.3899296552624,263.31594927911664,52.43256240298852,152.8347881594669
273.3726254769197,267.41608260194937,51.97529320382675,153.435141592842
270.8239514302658,273.4435365360161,53.494827433380195,154.12052055179595
269.92070577713247,272.8288336463868,55.250539054268906,154.67957166672886
271.1353153174918,267.55186907358654,58.15983954676183,154.8727305868044
274.8621781051903,260.8457899920762,60.0897609363917,154.9422230775229
277.3078723347981,262.42485086097366,62.00127994406459,153.1907539094988
280.03900603794,268.3056182402116,62.63725911218265,150.4408759121924
279.19068655718434,266.04796788954496,61.40592718746347,148.1844032752077
276.9626055491176,262.4065949018445,60.70888666987503,145.81083058605785
278.1698802277665,258.1404575074057,59.84406522929481,144.51522546923474
278.5524297016949,260.34656250932125,58.58644788625253,141.85244123425593
280.46549814413055,264.1130974514383,56.880465143760986,139.2578231169896
285.41442033179896,270.15828670181213,54.95102935301884,140.81484356491143
288.1605301565872,276.7877564859874,52.68442329749758,139.84814318570875
298.6777072487109,277.1806769972441,50.649548407073425,140.2009630709407
297.33780439224597,259.31481449881215,48.74179585050257,145.23640472735056
274.6201548571598,261.03861148902,46.56781528810656,147.3518057039051
258.79414755876746,274.5719291517246,46.295540181522,147.84940606575174
246.28770507455647,277.33340900488986,45.65318795206802,149.321074788834
245.26449014592694,272.0339375806867,45.01102537539767,152.80154601477327
220.41437988346613,267.79925840594933,46.8639291583759,153.9438517710169
207.57813170565046,267.8258225704322,47.97235004403654,154.39875546595783
195.59463285077987,259.2517355877658,49.346461782708374,156.12616069349772
194.48400787723904,267.11062940308483,48.68713535764348,158.39862460399732
181.87642455201558,274.66547299263163,48.88276122134721,156.45603642392706
171.2314271346738,276.2960527922146,49.821088651855995,156.03185478344045
161.32770613767312,276.54811681919176,50.20608916331336,154.54537703571086
157.81609229997602,281.085863595968,49.33379233690703,153.50186685770765
147.33448257762177,277.4464423409413,49.745950151366515,153.5927139339538
149.52843197089965,267.20860650228724,49.49192387381346,154.20234824248746
153.22698679198467,265.6667146864123,49.526071479568195,151.17164851776147
157.40712806397434,262.092055621014,49.60749940769578,149.30304329345552
156.1174352111933,254.17167340152798,49.39184522106119,149.36172231372646
158.0393691732619,249.80767485792808,49.131948082065065,152.50935851149143
158.6092144728294,248.39372235470037,49.88557613603673,154.89277988013708
159.56387646223374,238.008937881286,50.106959659593144,159.86560734137018
161.35651218220028,236.8666685789914,50.03176140462709,162.41423255007766
162.71206984485823,240.23521379610298,50.59872153593045,162.31265256049565
162.01544489386077,222.75870646172467,51.87482052027612,167.0363352590374
161.54758612322954,228.41316152729337,54.03788138238515,165.75389245120323
162.58514667286212,224.32847573628908,54.89148814833907,168.44013071717177
165.8959029466322,233.33980607635198,56.47883027609191,167.06991869122075
166.69957988367605,242.586392847626,57.493964662273356,161.5998088083407
169.08845144115048,250.6046392950388,57.67432615776761,158.61486582501414
169.1718311587172,254.32385068085347,58.45325252652442,155.84259410013772
168.80296588245585,259.24357434324827,58.812041990132215,153.65781081496
166.37046871473197,256.8869428298491,58.98856786931167,152.42524492711598
163.82298579890548,260.9616503037046,58.53363221552155,153.1492630925032
155.45595975701156,260.4757894198618,56.691846210320165,153.31461001229965
158.71563968112295,270.0558258672709,55.52746921503312,151.84143821001078
157.62138250832706,273.5504925036462,55.24175517851432,149.90669802350297
159.87159522341562,283.6164198274042,54.52087696284525,147.94317642957586
159.18477770433833,295.0576632113995,53.21819573970833,145.5396764016975
157.1922359285935,299.2481828779466,51.74809101681447,144.7796311596372
159.75084852758746,305.88146544906607,51.34846950229822,145.4426228640169
160.47693037407635,299.806953841475,50.12995168060204,147.16109550394282
167.62388964554304,303.43752302496495,49.239322932590525,148.29619546398916
166.50130822047194,306.1878261807017,48.98633400355794,146.85345667952373
167.34216523317755,305.455551914179,48.56795365639225,145.91773308160296
168.74851175466253,300.9940787772698,48.078798201541815,147.4314948995497
172.0216607850818,300.165429318555,47.90422665361224,145.9006074098901
175.46796180548642,297.70064094048945,47.96833304404688,144.88487261969553
180.74362601279068,293.3140778939061,48.47339920646469,143.50138154825052
187.70608463407035,293.9960943243188,48.04264356974036,142.6891252753882
190.36846462753078,292.26041510751327,48.026582713831424,142.16555010380517
193.34257922967146,290.1952751425438,47.687395200376486,141.27515771242457
196.41272719759667,291.14390866495705,47.00975671615572,140.23173995939948
198.32151212189103,282.7266616324287,45.35429457363692,143.24804344981007
200.5851184765424,277.4241180766398,44.35186785981762,144.54687331346318
201.02180889218715,267.93693230980625,44.07952798788633,148.15208610231815
200.88894500863412,265.4899701348128,43.211396239802255,148.065842586552
209.27764747024443,252.49328234555105,42.90487182500449,152.54374193826882
