180.5,79.5,37,114
179.22967301975615,81.2366057969036,36.81824208953127,114.28043525677873
178.6274352379971,86.47968541800459,36.774910269512084,114.24364163042148
179.93003876455873,89.2606480520573,36.447761745288986,113.38962642319862
179.6819173364753,89.65634585015442,35.39012033364882,112.95662845984168
180.02533339157188,90.4870803227649,34.94900294751954,113.02723067589088
179.54174215632148,92.82459615618285,34.666530171285714,112.89374773799784
178.8370441594772,93.6886328872349,34.72283838211449,113.2359255023189
175.11169438082513,94.41815031138177,35.4684245284689,113.93660344546805
172.94901478835305,94.51516573116928,36.276110697818595,114.78043502597514
169.0583499383723,98.15655112261142,37.08419477705256,113.63608816276857
164.42265708477555,99.14878771275727,37.96953693566206,111.92668412982528
161.98288559680535,100.45600092955762,38.917401616467,109.36526126442683
159.32290142605248,100.5543395117248,40.10591072182766,107.88760255941253
157.78773175115467,99.91963356318395,40.977665515043746,107.5047418744401
158.4816504134951,97.7574636860573,41.235771355188305,107.73955688275223
157.10896658557195,96.82507781970243,41.558191365847236,108.75470517376581
157.3209045677045,94.98212150084966,41.81652960207877,109.26026273944987
158.18739650274452,94.79823999318134,42.014982151485775,110.21566407332519
159.8995757629072,95.51364312267934,42.05836750475655,111.04168826820185
161.7577543510595,97.50858047957848,41.601609298865164,111.74109978639818
162.94481386961766,96.70458313580802,40.872642353728864,110.5462211009075
165.7378983794423,99.61064252447063,39.41717296863157,111.5284353046919
166.460816536921,97.11689174086067,37.797959989154904,110.8054447378176
168.5604065745562,94.96198282394944,36.88936352441912,110.17756706840518
169.49381379500608,94.51737573816882,35.85575531988181,110.23654271886733
171.1071257767068,96.16240368827266,35.8838963902023,111.90160785900389
172.16431216858805,93.95101642718151,36.39244054331421,112.34990652059048
173.64936344805082,92.71835386841569,36.67680118018944,112.48123319642596
174.01369760199898,90.4087661756807,36.68148326844942,112.26437666813862
174.09328414227073,89.56352133001135,36.52386165781031,111.9303965070298
172.22618473112396,89.99027967738135,36.415004755006194,111.76771302323493
170.7926190947784,89.97214384731438,36.66714221704365,112.08119772038289
170.42083129621017,88.89417960316862,37.044364570590666,112.70438382757851
170.46040654790153,88.21967458667298,37.574229889618536,113.85081160556396
169.88609106885005,85.15857505145249,37.90452614904443,114.97807754764801
168.69063903541345,84.1755805046013,37.91842940720181,116.24557918073714
168.73530927899253,84.4134269339426,38.32787313430186,117.16226763251748
167.85861411702902,85.25343026795628,38.07176128575877,118.79417207059974
168.3644004585972,86.23647357818444,37.80174119394628,120.18118002793273
167.75205742291377,87.2247993517718,36.82747220626164,121.25832787155088
166.21472531058467,86.96767770660196,35.993727073848916,121.49140755882316
165.06288509268904,84.26550948541569,34.99578201945155,123.8523139112451
164.19717229347134,81.00318593602074,33.84797521127072,125.83128096395347
161.84901572416518,76.92271237372486,33.040723515288356,129.62473159806672
158.9330833274514,73.82894945913056,33.19224134292611,132.3950990620057
156.5609136612938,70.14848766763546,33.528294580575796,134.8765799531929
146.63891994120297,78.0031401500508,33.36725424976136,133.84097532100384
79.61238896148683,79.4001391126117,34.2206549543108,127.81745302187386
76.2029266027022,81.96577599033829,34.234171194096845,123.17235483333238
75.525469656445,85.98810170309014,33.96465776803828,118.43301294190157
76.27833925388471,89.33695448853268,33.97784531285154,113.99107662379356
76.7629964928223,91.2193753131967,33.572851756874265,109.45398450096624
77.64884809885206,98.44696515434586,33.329361092117,105.43298603204681
78.07236213982065,100.2619143839195,33.027824407560615,104.7757304714591
79.88964704439783,99.75271710365038,33.215281566408564,104.64058620886959
82.97501900312227,101.24903180434342,33.19285260181003,104.97338743912108
87.80486689242903,99.4340631611191,33.23872322944652,106.43284256690885
91.20404732610271,94.85013696891686,34.35553255481766,107.46177988936265
94.08570519970972,92.54213563607655,35.20905097126941,108.11785547298149
96.44499042717685,93.74824145405535,35.66631183423679,107.65746635632627
98.11586250513761,95.02613990332644,35.28192127023421,105.43652969323674
98.50956033794355,95.97359143185746,33.918872766869,103.97067025699951
101.42141833940346,94.05888655741819,33.038072203554904,103.02306718086584
104.76651652274236,92.40474694488515,32.39237904885221,104.80826605696342
111.83730794793986,91.17792439300177,31.598929285615423,106.02208412387256
110.59852472988953,92.98515082867296,31.092008188146735,107.82375893426237
109.73544369340922,96.25415918631079,30.51858038874711,109.8821596460497
109.33689297951194,95.53214935985179,30.17345106741144,108.89650443515238
108.52717909398974,96.71271732705995,30.85346052256839,106.20420533278259
107.45423465953654,96.03579477881178,31.135268247141912,103.83234575932651
176.72549394662948,88.67254743297195,33.2742682276435,107.24144810176303
179.91745953421304,84.97724206790502,35.02417189134357,111.33381507083425
180.59065766527232,84.47169043257192,37.31835008448628,114.38319525228232
180.10371838387906,84.53533943376479,38.93652362446092,116.91348668547396
179.37221812359522,84.08490331059565,39.80429982414006,118.59503040913006
177.57970112304017,85.2908176166957,38.83006010546255,118.99059725515139
175.713656979168,86.37307104900653,37.977097810321155,117.90784900888454
163.59991928864946,88.82307764113435,37.357784784986194,117.28549953236207
162.085767762709,89.26413987188604,37.05004590952943,118.17358378725118
162.45574087014194,88.58711696278546,37.05240992062714,118.21838235012703
161.27422160950385,81.68845513190962,37.60745157281609,119.72536844931768
162.60549264000423,79.44425408805232,38.01098388315325,121.2728830858604
163.05377647307543,77.99422340081952,38.71890637795291,123.25532946389272
164.80686500347346,77.96679822005177,38.892388683764516,124.96109211027931
167.0500902563082,79.64531545303389,38.63280299285334,124.80942568630726
169.70115086939177,78.74355170683825,38.376900638756496,124.00878428679182
169.88472521069062,76.35744159017325,38.331412385398096,122.91332540101169
172.716435879727,76.85334617546995,39.21827018779777,123.8635737207671
173.75915290594347,76.85081988041364,39.984413417316695,124.01885984783843
175.7141285710095,74.68672872012004,41.0793124747579,124.56898054008394
178.49910766208902,72.78804449125656,42.56047218963257,124.84633304283959
180.56053363987405,72.6265776546324,44.54764468627198,124.59680427655088
181.41208441895293,74.17900504742241,45.279097704988,124.87090866989541
180.52472469465815,78.77305198577416,45.428878188733805,124.7019149824009
182.84489182607862,78.85165431551046,44.88805125774097,122.78772799642073
182.43006618816224,79.56799425136875,44.17414822754348,121.02565494647959
181.19027542378655,81.70997805395857,42.46025021833097,121.05688862380117
182.93331171611166,80.85346129342325,41.1484697212357,121.54609823988065
181.04950884513067,78.69234175992966,40.378969426057786,122.431401405226
181.73149393774514,77.94095006400924,39.96816179175504,123.03589571263231
181.6732007814309,74.17301132544414,40.41140981035431,124.34792770788997
180.89127730277087,72.2239423902846,40.419747200413596,125.72868772481546
179.4928636218124,70.91178723140726,40.20001829936059,126.95341351078612
179.16889372213842,73.40596941311594,39.25907648688454,126.0931662318719
178.88951923274422,73.50521594802196,39.180285363667906,125.29073029096614
180.0517768723152,72.65662133072618,38.65361878600298,125.19334407275312
176.87982508372363,69.34753068851415,39.8207020850184,125.25288726132146
173.49289536651915,64.35949929785241,40.341982307238645,126.09106494895599
171.84531992311392,60.04812231783881,41.52635367019961,127.5084975970325
168.5982667309398,58.15593224547561,42.39591352668533,127.7120774468828
164.10952751539315,55.20927681749599,43.732473226089176,127.49028458122339
160.9139542670604,53.01750641615584,43.62437550965042,128.31969244551868
157.50946413593127,53.073940650600676,42.633576833615244,127.98056325494551
154.8983620246608,57.810523442076125,41.44242761301039,127.03080179339354
153.91454856248546,63.10893290716301,40.2400434938125,126.20809270361283
153.8572469401478,64.82806848265061,39.27665918679866,125.76527014196259
152.88614072845718,65.36906470964144,38.716257588878655,125.65107401366453
151.0861504625557,69.55819719270065,38.463441804534746,126.73798181518528
150.08722909523706,70.78692537873961,38.87544216818507,128.3594071836774
152.71921533489592,71.98836049968435,39.38376897857077,130.072048836014
156.39206851518628,72.68275128755175,39.65530829212335,130.72943081923916
157.31321444340733,73.32688058660108,39.43880536275945,129.33548142148697
160.18879693462114,74.7321116310687,39.096986484000055,127.69347946324325
163.68388409399958,73.81565032821078,38.77457396791654,128.38409955583654
166.1902179748231,73.2727338498513,38.74246937002681,128.44255609921015
168.00704402940977,74.56622263122163,39.07488338290851,128.7033511347361
169.26978051747275,76.84452010103999,39.26078373594515,129.39409925845388
172.0691241830078,75.45145314726417,39.464444064939755,130.60648398139705
173.09058119263057,74.77758119982107,39.86347655219446,130.27837820015105
174.65361294972922,77.10488774566848,40.13446151135531,130.14198553310834
176.0916093285292,81.16259462140387,39.927283412874054,129.10874894380797
177.33732024866825,85.01122307664922,39.29389451441417,127.69634072335023
179.27655796444392,86.3404741956972,39.08597205184166,127.06947210074804
181.79483415015693,88.69693573227948,39.23602179604675,127.17891764940963
181.57647551751484,91.07601670472735,39.31340211889665,127.43387921678199
184.1993439650305,94.65110900539787,39.88863242128352,128.2655395174795
185.20023572076914,94.75533091714131,40.91863177533055,129.83806698267367
183.66872472824627,94.89994635405559,42.03136248439816,131.69428741614186
181.83972860188157,93.6543850889923,42.26656802448108,132.31403998834455
180.23953501943112,98.91542034600198,41.346474175130304,132.76882093764306
179.39456823616425,98.7127790948814,40.68428877270043,131.1363860975075
179.24632579958282,100.02677577643772,40.27166934631799,130.1634765099152
179.3618716855437,96.87246587569864,40.35598645987524,128.91158138448296
179.8149593312787,97.40087400635136,40.45841438362283,128.7818863451967
179.19066130802688,97.32082924457572,40.24816862943676,129.16663082640008
178.4426101861833,95.6764075150923,40.33289701944045,129.83157697129528
180.0225496283885,91.43044187857348,40.17013946910592,130.93153284150088
180.54472281459172,91.861196008661,40.0678628060005,130.20683209754307
180.87774432458758,93.45610765735385,39.81471644895932,129.28148700679188
181.11112968120932,92.0400326518424,40.32666616227526,129.6109138008043
183.3320936309027,88.16025008400658,40.21522312998442,130.31294567231578
184.99484609350748,84.660438971223,40.056473881044425,130.75793714150475
183.70478980145407,81.17795823781736,39.83439186981435,130.81958115683898
182.77206126173837,78.52333905044023,40.192230521969094,132.41988331714623
181.12984250257875,76.44611745552865,40.52536741925566,134.00891970765298
179.47520935454287,75.57524401010778,40.88812101620023,134.85077337425537
178.0163035004547,72.94628773066756,40.68229886283479,134.21719452001935
175.5577501018234,73.31383424025353,40.599702252809855,133.02969554147967
174.16242274278082,76.01059632604813,40.26776189910239,131.57442024264742
175.72713112167335,77.43716991440736,39.981309790517734,132.16919100416138
178.18165224557927,74.78180336065488,40.04764081083334,132.60924997836557
181.50284275479177,76.6222748441544,40.412143413624165,132.65256042742791
183.18144217260553,76.70326956212996,40.573982301537896,132.50324993318858
184.85146270689086,75.26542869898755,40.92227331380832,132.1223479688301
185.3874587857124,77.52712484903455,40.92231420384135,132.15488914423048
185.94797738912126,78.15007792911788,40.41109778016184,131.2212912657239
186.33942425113833,80.33256297022824,39.934704789026426,130.23407682544044
187.7180778693891,82.33194668228718,39.476480546985975,129.1385744007122
189.16851867097753,84.30622297518909,39.34569524584155,128.89301234682978
189.16019360475693,86.21042292809445,39.30130977872323,129.5392018079319
188.4578229924946,85.537616443278,39.77584357193149,130.53214491267184
189.0337209083761,84.94146381500809,40.55075095481388,133.4425083977044
186.65058395211642,80.70319956569159,41.07769648293385,133.86382487546337
183.34077815174248,82.68959876394425,41.39710332980599,134.78456829185478
180.5443203112506,85.7045104825298,41.290297674425005,134.50211175989608
182.1511153329891,88.53925049759803,41.179194002942054,133.13453879229013
181.8131783179496,87.89391159075282,40.540593211930364,132.2598222997977
179.81476328773132,87.30127724717711,40.39518751644645,131.74599502251735
179.77144391298796,87.32522506830075,40.69909555244654,131.65228361441237
179.97443199492838,87.55671286207901,41.08475394819703,132.71402082783547
180.89938847528396,85.34909668840893,40.94993293122673,133.41346194974227
182.90820157521532,84.1842887593534,40.84287806811021,134.45927458328975
180.1881370466702,86.67265798275287,40.76516817027491,134.65335732637118
174.80081231681234,89.02872272320339,40.34308510893353,134.69237654618425
173.98571070420584,88.2089679831208,40.149161971345904,133.87521741100824
170.54979512199094,83.38959872277232,40.47592582544246,134.95429406647082
168.7254465706339,78.71566584676691,40.215238677515664,135.34157803900166
167.73220268139073,78.9059205494425,40.713977594689155,136.25180781230802
167.30598808820756,74.83749900029086,41.855295742132206,138.11494685863985
167.95614288941243,74.8206524627754,42.918072840161955,139.05206711729886
171.02931745893704,72.2026987437038,43.56977410470768,139.009319503257
175.80762842953547,71.58868360976348,43.13486103344493,138.30376031267207
174.82932620564395,73.38949060791029,42.63777399868399,136.84243109306607
177.17043875896334,75.18753308464996,42.45639384748957,136.57265820471125
181.1711672014302,75.86111880226697,42.89239213986296,135.44576013008722
184.30313198087381,75.8659629134954,42.980151919659804,135.90926978503745
186.74446768113123,72.60612933289592,44.093657715647694,136.42220209821394
187.90874574486205,71.98763668144329,44.61079541486144,137.69931211549374
185.05445141452424,69.60188846513662,45.08569142951049,139.15193108953468
184.05319055475692,70.79889916882887,43.95749348733243,139.38972320830376
184.66607702890553,77.88814043696621,42.95832351058904,139.0443724621902
188.082793614042,80.95709478540692,42.091418279158866,138.0647408000683
193.037516470788,81.31131356252884,41.83745962621374,137.03378573159566
193.59534387839318,82.11561931514859,41.946026159765864,136.54088162381709
196.68542361369782,82.4144237727622,42.192187241982545,137.23650717609627
196.9337324804141,81.78497655135912,42.54488229083759,137.4327275733397
196.8967899315985,80.44721658818139,43.43614435971356,138.91704533599886
197.87830623628633,85.76989631327079,43.33855068847876,140.82737760487524
198.52205606460825,91.08795978969064,43.40137697387443,139.93862518664247
202.13042333487113,91.88710840174164,43.194913982573546,139.77882097592243
204.10366916778332,93.50233339208319,42.8489391128612,137.30880294056328
201.2216277852073,94.54642444791035,42.89686015010801,136.91209002141383
200.86391549975986,95.37918774114942,42.857398868666,136.31426239047158
198.44849258677692,96.84654386665494,43.40528571025686,137.21397630408762
193.89858434542143,99.58957257556173,43.92303374966953,138.79309823426598
190.66095809868636,103.05407916172003,44.42681159561765,139.92319474975457
188.43912875434611,104.44028847402751,44.771970032528124,139.81977579707564
183.24793782281566,105.52324272385324,44.515508359212085,139.72670512701401
182.1381182677951,109.325555723721,43.43320106765714,139.76224636360664
181.6960877487083,110.66106767225963,42.87348549831734,138.5567263975749
182.93242493973258,110.50940240599138,42.498234192898416,137.0489132934079
182.26585924896494,104.78764275779918,42.317910302712804,136.56542109992415
181.8935110524242,101.77316234436734,42.28681385865135,136.46375810934398
180.06485607527765,95.25769309173822,43.04676611068918,139.35210990653337
179.95332374002953,93.708399384812,43.55584936138371,141.87826152412498
177.98582123437853,87.12562082670699,44.32917605847671,142.48929326496878
173.4263262564997,86.96845077479026,44.324678541700244,142.79428955004084
173.34256966774808,87.40719815151354,43.88528178849743,143.39929785312046
171.3503881994726,88.6646059077302,43.4366975662349,142.73472137915454
169.73727793598727,87.16824303266677,43.34520650148498,141.42630395987834
165.73655147486784,86.37783738472903,43.735439063921625,140.2463342060254
165.49576013635405,85.81931788910009,43.53162340072395,139.448058999743
166.37941460398554,82.50075908049433,43.95873980992812,139.75947681074115
166.850143293784,80.40415855747868,44.06953555742935,139.68102277406982
164.1710919465262,74.56241716011706,44.422910411521315,140.43731860285067
159.259457423875,71.16936382051742,43.9474714947876,140.43056954245645
155.1541416970901,66.20233103958766,43.517687756706984,140.0468355361397
156.2103037873523,66.08390665923753,43.36143995977331,138.66734318279578
163.6432676566228,67.150062962036,42.965474341288406,139.03486797572788
167.84329725889143,69.0793671137372,43.363346807893805,139.33045450417362
174.10729860599432,70.74685305778532,43.53626803336573,140.766905479084
179.5513950784369,71.08419500330541,43.99075411222323,141.926993221192
180.85864822794176,68.67292297763628,45.03344552706547,143.26638059146947
179.31018397275818,67.17756345616687,45.75855168025488,144.89046168923312
177.49427790811308,66.9984096085015,45.980241414983304,144.93269143694727
176.14503622442876,68.76575097521568,45.5757045911593,143.94665157728295
177.52626909945727,71.8206367141919,45.23585603813907,143.16625155166204
177.98129140808987,73.91327986517598,44.89809451003474,141.92318546072295
180.477494496151,78.41927472829973,45.01538662950575,140.3220405373319
182.68516720278342,80.31521146389741,45.20859796367748,140.20900460390203
184.9027271183342,81.12218411596541,44.78481541284932,140.8525105956187
188.0587409268457,81.88310084646194,45.019054351612475,142.8432451316044
189.85171064763534,81.57601936952805,45.18292036047259,143.2050989121266
188.82022918918682,83.4797923911806,45.45929937691798,142.76692714402904
186.06338011142668,84.19529690897632,44.90846572930721,142.71701113364512
187.03280401180933,85.85289276540797,44.287935937918405,139.60493975671835
188.48108575993038,88.71262065231261,43.510218619731106,138.9054372337941
190.60475362841464,90.51682746337374,42.96540182273454,138.53693492949714
193.4513141162278,92.18638578073958,42.76392952111944,137.66656948685835
195.7703432177924,94.91524422054209,43.09678806603713,138.62816317701652
196.60470043830907,95.78559614430733,43.89253709737009,140.67338972461238
196.65788816009658,95.51154717176045,44.4821717069529,143.82747593379
192.20836778646537,98.57781048907094,44.66419623412253,145.7636148036246
180.314414782173,102.34979033635202,44.69850498318577,145.8566766506579
177.3104025423703,105.60965965981842,44.69512780950141,144.32835016650586
175.36142333105516,107.40535511193453,44.01116608518952,143.9115543798426
172.70248119966243,104.51668622895792,43.76197080390762,143.72620083872795
171.48656439907114,102.21460636072247,44.36993577277362,143.96328608560535
169.7108222169729,100.12582522239762,45.41740540651658,144.94952293615336
168.0699762203486,100.01928693596346,47.2938468504488,145.81297290827933
166.19027795811576,95.62929229672582,49.705381250471405,146.50742046159593
165.9597634323107,94.43187374793771,50.822111998954284,145.67736994969033
165.96117331947735,93.46308158948155,50.32372448561108,144.09769776826587
161.12759425030993,91.22874713629272,49.31524537876771,142.16465807173824
156.0037890623897,92.59906399308355,48.1358394963684,141.89548064744798
153.554320937164,94.38544209745994,48.25377036428197,142.78390464880871
152.50297006703082,95.66338865934705,49.28809663629424,143.0211137894388
150.18383139144274,94.87262657159354,50.20247414616181,142.79103429959395
150.844617138121,90.12800288564145,50.41141164786143,144.3247453059891
150.83328605672497,91.64680829188276,49.905175213889905,146.18381055704407
150.5065190861946,94.15113316418595,49.621246944295436,146.19389860540645
151.88813383762826,95.53648822759183,47.8609985081319,146.30146887982454
154.81342945588116,96.058339601561,46.056900801899516,146.4998636288726
155.793067351812,97.19879705289223,45.62519752266453,145.23765409425212
158.76552987115974,98.61318277195717,45.07289638533619,145.4756055259953
160.15930983493695,99.08638050817652,44.9485158553648,145.09805657731835
159.66301967108998,99.84246178838202,45.85780882477472,147.06568565814268
153.8802637400451,95.69373391123061,47.20115462546309,149.5954583832707
153.83032285967565,94.99623432671196,47.42204598934478,151.09427382313626
152.99367295372565,94.5692328368163,46.7429943741665,151.7047582716051
152.77519919522803,96.0467239551759,46.34186744543729,151.39449277454042
154.56663522881354,97.67604189792651,45.67300184990016,149.24620213344687
154.57648433343329,100.62022194898884,44.99608560162487,146.958332362972
154.26850590833874,104.69498602694597,44.50564398856479,144.74253480932214
153.30376471808302,107.8542408821043,44.68596798666046,144.79377989026523
152.75799898538415,109.52951315677826,44.080887570802055,145.7193688782098
156.23985629910834,107.82012773329416,44.78779815316204,146.98974180266214
158.27379541090485,105.76152267499009,45.430482158725496,149.13398369855952
156.6568642844301,103.51099860471206,45.545256477181,151.66436256955382
154.0108582206346,104.22587907299919,45.41371609164946,154.24419750395123
153.10219116378855,101.08356102223892,44.179594946018426,154.60704348248592
151.18425359904217,101.52423179999067,43.378980684184306,154.1156981575847
149.03580194132672,101.67586457696692,42.424296608715515,152.1048467920172
147.84085819395767,98.34517237958873,41.47891012235928,150.8940578774474
144.48737200323487,93.37745620659614,42.52088683348627,152.2280030637036
139.01269424578214,88.83797860795667,44.0520876319,153.94804293200303
