147.5,110.5,34,33
149.44130004814193,112.16473635212897,32.98349234718233,34.73437865224842
152.71497310942144,117.72040804941636,32.703470195417985,35.103403871870384
155.92964988683883,118.2054472356981,32.32141984035127,35.71008126140714
159.77208227060927,118.59521775345979,32.25614916994782,35.92941143312101
162.479344185705,117.47709944133265,31.747505790958755,36.22634155980141
160.93837472929613,119.66733790865422,32.215993938166775,36.5856359912777
161.65418187093192,120.0625829040777,32.33276098347793,36.80430902247203
162.65167607192623,120.07019798885901,32.27128777256753,37.25007559992634
164.8574363800007,119.52000583167735,32.103776651200064,37.512780110918214
167.81145301215355,117.57660598649207,31.68333703771227,37.73577836963288
164.31122467030585,115.33930257117603,31.4169623233974,37.99198472190193
161.82630552401946,112.26934298781806,30.86287245053436,37.92270446005953
158.1091782861397,108.8608877146626,30.33207765947874,37.69464258663169
157.8743305638602,105.42865417403146,29.96341976818031,37.79559848701625
157.5609185468911,80.93975942867871,29.94609801535629,37.81916815960654
154.4176813597214,73.8106613380798,30.123982740495236,37.265322104476255
149.9489607578357,72.20301972945711,30.401543306144124,36.69783635695416
144.9525502072534,69.65894381582785,30.594080021627533,36.31331238388917
137.1418649077578,69.46732102717137,31.1415675639781,35.527992449498676
131.6094845018641,68.55070663527079,30.8850335912196,35.776573577812755
130.59098260037214,68.12689885524091,30.872510702766757,35.83784788792975
129.5360982455349,67.61160788046506,30.67885648458478,36.25742685581869
131.06935379351884,66.2230209344689,30.256851843084668,36.70888425229709
131.8616511636966,65.1563881841999,29.94383291125427,36.84636415884859
143.47753653012236,66.0372431388916,30.699820814877324,36.344711221968836
149.0781840706509,69.40114092434811,31.022561187616645,36.88990921566155
153.59633874545582,76.6312214489239,31.52697563866598,37.93401395172726
159.32193910675701,84.16716037763848,31.808006056200334,38.971175400938705
162.52479413846447,95.05774459095846,31.768810198718057,39.22589755352236
165.63062850678932,118.60166625714287,32.13152519772507,39.74695619869262
167.36476000376436,125.30128325532672,32.41351325853877,40.307421833062214
167.58757046904304,122.52389628959284,32.18542017944381,40.70677403067379
167.27191963486914,111.793659864016,31.96062826230041,41.04595667491829
165.60592465593135,92.04466127838495,31.9090814045327,41.31007094212765
163.54156792807706,57.96203566442802,32.21373751961932,41.05144063927979
163.60090627300832,55.61660131964517,32.21860578352029,41.42397331886625
163.11634074220123,49.74088649128011,32.32492194187516,41.14834914258856
162.07996761017029,49.9723149076637,32.419939123829536,41.685709389937635
161.49165532793666,51.356205045351466,32.34084462263059,42.269374551039775
159.53491918436913,67.47154536078719,32.63814674184264,42.73042441943589
161.51648630642774,82.14819748939775,32.006333021941145,42.67480197068647
162.16844274609088,98.40190496119861,31.525761154615903,42.881891269028095
161.9086800212533,114.1738316178147,31.516755172139277,43.30275963548344
162.52246881637254,116.6803868597207,31.585383817786415,42.97303261648466
160.60218859290666,100.0745793166407,31.443783458062292,42.78975024170716
161.51553862034353,93.09351888530372,31.44272849233801,42.289925570628675
160.09206546946373,88.43931905941719,31.83296683969086,41.50847956505309
158.51420216365761,88.36764330305269,32.23850915374146,41.20921899601598
157.1188521250694,91.60383209832298,32.32294163562677,41.53910132750297
154.18929906341523,104.21085440280989,32.874195490716076,42.35024897927136
154.90706018756703,120.38287336951521,32.20714746364204,43.08002162325327
156.1829524470967,132.28637209475318,31.671400408724516,43.66479930400294
157.93419216948834,149.0616544033253,31.40201160305566,43.6994740972591
159.09228385724143,161.52514968696997,31.451558274775454,44.247718515321296
157.73781008265456,155.1920667329945,31.671661906102482,43.95483996679029
156.28622838582396,134.03126876680275,31.632488502049462,43.67389683667379
156.36540612323878,121.46757834250641,31.34672547640806,44.08244757662389
154.2977185453405,110.46438749088148,32.043789293779945,43.649454356167716
152.59677488332383,107.05545980728446,32.65673118133562,42.804951916202334
150.654923962125,106.5279009309886,33.13408932523169,42.1799438362364
150.04595167404688,106.56588794309971,33.09244697111295,42.077797401317426
146.70958829356942,114.21375756954325,33.2185724365967,42.56704941277361
143.72641472974715,121.86210376376177,33.095806805604724,43.335842024946906
144.25689201341405,133.84506625404708,32.735134156319795,43.95376599762334
141.85682907907048,135.8855443408371,32.658549133283316,44.19735520749666
136.8644758914442,129.69254160349297,32.99957302867752,43.54900265758779
135.9815161559325,104.1383083623209,32.538088143698076,43.55020748221708
131.3357660210363,86.4662425775022,32.36864519144458,43.44997259677634
128.8211026534156,74.39979618888651,32.82567483043354,43.20344604722551
122.41777120932724,68.97348292876973,33.1385251575751,42.88790259217832
122.44071051600685,72.26815792532412,33.355071758268075,42.802229490396414
120.35640941500702,79.91265445827281,33.268644281922995,42.6028455706172
120.63089183556923,97.3536211107738,32.60425309413893,43.336993503408195
121.96907576494851,110.60905969886784,32.23024052483959,44.0030705966293
123.71693784782533,138.71529864500133,32.688082671875875,43.53578618580761
122.72992546590257,135.26893257045717,32.44540592815303,44.26103738930878
125.67119145926542,124.34082996238864,32.076659303670986,44.50557306504058
130.1979423319206,101.80517568282347,32.33144422523077,44.056030488917
138.0141337237635,85.73328885202362,32.3297815800947,43.571698986942486
144.74514036238799,74.26367532595376,32.428288474964894,42.908406050068564
150.09390858253784,73.2018597197245,32.555856748105136,42.28932619532738
154.29861564321817,73.8300097270486,32.887349342137576,42.09442671340161
157.39886096034087,80.96615566954314,32.96781545303984,42.83322606071234
160.95883395690757,84.54503157806808,32.56528240851485,43.78265579273474
171.93821410812515,106.79564174011406,31.52230694189513,45.46750114247088
173.75647225092717,114.83544563083348,32.08611471482379,45.12697474378355
175.027553988483,107.34515827564627,31.7042407656979,45.18190744060816
174.837022790557,91.11242600118265,31.59537184636624,44.78753922586351
176.7548720204296,80.2506656977854,31.529202252435265,44.206627917374824
181.11310617527255,73.6752359026049,32.09445982623325,43.82402307597313
180.28795611482383,71.36174438413975,32.519313842127275,43.312213121265216
181.00816393195967,72.92679140424734,32.62018336505929,43.47296137574304
178.55928902021986,80.98901145279203,33.05253678427254,43.64730171993785
180.65972568225402,94.40177367419244,32.64586125797952,43.554264001990525
177.43143226986425,128.14632795037656,32.532775021388204,44.48196453165354
174.79430075502972,136.46533041682721,33.13100455420058,44.73024156591529
171.4690716268144,129.0075861774109,33.05384650051158,44.9704799913422
168.06910483864164,114.39381174283992,33.11415653025678,44.6066058258162
166.0441145153129,105.28268391112331,33.48452763978959,44.23072077269664
161.88625089347897,97.49663287688155,33.7364102026713,43.80524898864112
159.47020167005167,92.87340464039929,34.129175687489834,43.382859331234556
157.5242721412145,94.2826551191533,33.89508774656795,43.81844319924226
156.0702954022725,100.37961230893137,33.96447539803592,43.88693421519393
154.01546125476315,108.2447554113895,33.427342698181555,44.7051404419183
150.81322238703123,126.4299095924972,33.95565408995645,45.13266838341386
147.26207900204128,122.15852820042215,33.72285975947247,45.86819497295335
141.57413883028016,110.11731491705523,34.05426264022619,45.49960988197237
135.61019914819937,93.0643473570602,34.024941000359455,46.30261607740185
133.3801893231843,86.17881718219287,34.13780507940566,45.906584103833296
128.1852715111172,76.48441560931991,34.587488535265976,45.673383694281355
126.15806397399555,77.64171664945724,34.80019637989501,45.73406104058142
121.50947157226493,82.49794543458614,34.328067371100396,46.11384571122939
120.27697750875812,90.55291863977308,33.25104876708068,47.870983804029315
121.84100414308881,103.52255270329776,32.643522384405635,48.34402341623778
121.87690508091687,123.40572145288235,33.4545427243066,48.64312323396314
122.01471544764354,117.763120851392,32.79061573074431,49.045503353874984
121.3766943421121,105.99820384268766,32.73408083247033,48.89892669623483
122.39176653946629,94.88863307484122,33.004791120684345,48.55587340770896
125.83947449855677,89.88724289768004,33.63528271898288,47.567480971503976
132.07505945996138,87.85083536877525,33.87179540573177,47.24623160289144
131.34358227746873,90.54190461614623,34.03984303529683,47.445857329340896
133.65473909436594,98.22447416809635,34.09582024546601,47.89746302982297
140.8814770874825,109.98001943444692,33.95603539845408,47.66208737138941
147.54073164627368,122.76700175240924,34.056883580676384,48.21172083421964
157.67660255182508,137.48335517283306,34.146548095867566,48.69557130538372
163.99355781407564,129.1212195200112,34.230866865189675,48.27846611566613
167.11721505873726,116.72397964187492,34.18097631080296,47.639638224233614
170.44336620786632,104.22452934923132,33.17518842828582,48.59429404328547
173.21217037353364,93.04971993264077,33.406746089688,48.13864744983081
174.36438928138722,83.92449739655092,33.99574136800548,47.550370293006594
174.26030181043708,84.24575094535297,33.728254167867405,47.903981740934725
171.29858205278566,90.88892364299964,33.775518279575266,47.71051945568777
167.13011164134446,98.79074509389635,33.521811405008954,47.78078078210481
165.10813739093186,112.34850992848762,32.705614336986514,48.59216914270743
162.13328501009133,130.1375044983006,33.3938816825909,48.47199326602096
162.32450188798887,117.49128164935063,32.89853236619268,48.40432009795407
161.35469682952947,105.32402224271505,32.715608208056565,48.422722578217424
161.71561998982529,93.6952128216912,33.13084315291445,48.31079834470359
161.78160808345098,86.49691952663471,33.28023116816243,47.93957220593472
159.63229719097018,81.43066678743313,34.029704393553715,47.149586610729514
158.584266576421,82.71518764529954,33.915799916780514,47.57645220166782
154.90406869243594,88.81180623784147,34.001913229306304,47.37829977915722
151.5482347339429,96.86453608094365,34.1470728531405,47.05113942461786
151.7440046779439,109.1147044081358,33.623021677210865,46.97579819259687
150.82723639829186,115.57754111527578,33.370900878345395,47.19346488909571
149.6005425373792,103.51970188040696,33.38342642136827,46.97043829596713
149.49144937001142,90.87196360004187,33.21784229025299,47.174562393928774
145.31055808014705,79.63603391959181,33.220774390855766,46.74377282904763
138.49099556947826,75.95879706678745,33.85664070705418,46.494978864978606
126.1999026365714,83.997681930096,33.78539944884446,46.926972856012895
122.04470610833033,92.50442038771517,33.69160244185004,47.048402709573374
121.82653611671144,106.68129976281028,32.83276281960381,47.34687708316244
118.98021371392684,124.08152246193309,32.77544624898282,47.235827589457834
117.48789596781246,137.4159206797127,32.227156850693376,48.20082021639861
118.46429826290337,145.2494975724841,32.06794387904947,48.18848687305554
120.81391826218628,137.55092451441445,31.641243496114758,48.42581433990285
122.40420147262795,125.15726608361304,31.560750651204938,48.30465723299981
125.21494364777095,118.89713851027702,31.792554951431605,47.648896525790015
130.4117656545695,114.21638990472684,32.407391009855985,46.7085109930549
139.7127705775595,113.98985247916595,32.03415428094146,47.24364311905473
143.75298055425986,120.07501948277094,32.59633247970132,46.896667647611345
150.72874072365968,128.39587645844168,32.537882361848986,46.69058640195836
157.68966502024745,141.83284771051677,32.486847138424444,46.60712165049371
163.25334192054106,154.77043841404307,31.548052870002735,47.788153622347345
170.89591318670512,153.25273089670597,31.421907873380192,48.04175598917486
175.26666980668682,145.14519295503882,30.571873171929926,48.86029313807314
178.4327108185993,128.1117830285111,30.656532519259777,48.76083796671454
185.94302998487566,118.73304283549317,30.416225798340342,48.554968056729884
190.50093842277437,111.41294030128644,30.1353441108364,48.73669705855397
194.2953528383095,110.02320067434589,29.713795000072512,49.26179680155557
195.4791223965064,113.4771833085165,29.720521077617974,49.99880719544578
193.22286234810764,121.35444196070257,30.023545629981882,49.77650691683047
187.59267796916612,131.2770448096527,30.357909024400534,49.31028376287553
179.87499206311128,141.05831418620755,30.562000509666973,49.32942340026874
166.52291600518907,135.3743523867999,30.66312146706412,50.24213059130821
159.54306132613294,119.28880276772475,30.213925795879483,50.43239105382373
151.96368749754333,96.97795220096616,30.050363005365824,50.64207817977255
147.24412442298674,84.33437360951606,30.265472964903815,50.474491023683484
143.54888032869383,74.36870722995442,31.784102556687937,49.359707907562594
138.48627551019115,73.7812490388629,32.707759802641,48.55456204342303
136.79353162140583,75.50190701408941,33.05881326166916,47.85810864942752
136.40482517119025,82.90441258506846,32.77024238982251,47.55740716170527
137.57066751643129,96.07682477500197,32.52092988790852,46.913584902809916
138.51643724104815,110.20743103328438,32.66884299147023,47.394817378310535
139.96485307730097,107.44996668115704,32.478639403147355,46.630739124557415
141.31301256156047,101.0628300001776,32.60634320455631,46.465443966923985
142.31597375847025,92.883019932343,32.97045860484994,45.58419267314983
144.21908849302076,87.62950464421523,33.50764821076107,44.74439669606064
148.17122412604053,87.82287958616106,33.71789701765856,44.55259927031223
153.9797836964689,100.30129067805483,33.5735590581373,44.69729571750614
155.25020390654748,107.90076686074977,33.095216253794305,44.792129401005425
156.6768339704159,120.59145361966566,32.51621998485265,44.61166645141094
157.78157562794865,138.79272469276447,32.22328456426501,44.35973999735199
157.38785301011742,152.51854082392111,32.149566779793474,45.00016782415
158.88379461323623,149.35217926646453,31.916965685677454,44.35375494892034
158.23158191222353,137.23553840934102,31.887485271624683,44.08582168208832
156.98806130068644,131.222861225465,32.400538319306705,43.4832625748037
156.8995136336676,131.0591224485521,32.66545872813629,43.171707526319295
156.669128148624,131.385290781719,32.876714060468096,43.13020766389866
155.59631891594762,139.45432054142003,33.006293154330336,43.79016755367627
156.0190998332011,150.904604386738,32.3350990307714,43.634921136844056
156.58718637018387,164.8712314020442,32.09764365824093,43.842633521636905
158.51092313475507,183.00442274327568,32.05207194642033,43.702818679750145
159.44307236810045,200.72717754982065,31.75047184398739,44.47015391529298
161.04254999075576,197.82910038701684,31.520813530897215,44.088026456843025
160.7015670463863,185.73678464206435,31.307799346661028,43.69314821164055
160.1592370302257,173.2686697792205,31.04214261605796,43.852192497264795
161.20779612164586,156.83086797461888,31.18593877800525,43.15437081349929
160.18827886225333,149.09887044752944,31.404450630812832,42.71083985144283
159.49395759568787,138.13160966730595,31.760318953967577,42.095463264306765
158.41115826216244,137.33191826103769,32.00533115422917,41.92856304156497
159.66471342185957,142.86412672725288,31.853406105144376,42.05731761029424
159.4689519138311,150.38375544265995,31.486788259213263,42.92845198703627
160.98219805420317,162.766943243417,31.964340034407826,43.5277360992673
161.19324948943125,164.142527115741,32.632970215251696,42.84806126500443
161.30252860871963,125.5020491651616,32.08808539781941,42.8718531646984
161.0910158800356,99.25466797363931,31.603276027287546,42.89231516322146
161.07998299143972,86.76963217301437,31.727349819396718,42.573215545599275
161.19424971314885,80.46511817170783,32.008317594774205,42.12576409417184
158.0817848644906,80.58427211948215,32.279529583503034,42.22792836039306
156.3035732308575,87.37463165034087,32.211605164001675,42.328280580108725
156.48799856484072,98.77014541629069,31.645912362036377,42.13309922435657
156.8796412341408,116.15315966422193,31.399408334471413,41.915227466775306
157.01939182597482,132.63879056011604,31.62916369253231,42.24980902825857
150.98622035684105,120.79232479756928,31.332826195619194,42.244696730109936
148.31127933176845,108.38450093474674,31.483355504522912,42.009629962957135
145.07889847994264,98.56153190995427,32.146012258223365,41.9015396922296
143.1243073934686,95.68275010204411,32.44714074693685,41.271973524419536
139.51584226082554,90.95829712109102,32.78856747218391,41.1362485201392
136.46059672646126,97.75814738078742,32.87697430476741,41.69082675593438
134.38011149909048,104.66196515942677,32.46749731459322,41.78268536979826
132.92627134713376,117.1086804475427,32.35844516420671,41.99494670335643
134.65246789480602,130.4799420490391,32.735080675277,42.88226053649643
137.6754093475956,129.01792783617447,32.619870415266696,42.96326733098489
143.91500206833112,106.35055514047752,32.42682923038747,43.049443233853374
145.9689495916835,98.63961180648027,32.431515913571644,42.7440435630417
148.3848357089321,90.92771791519536,32.39499314120211,42.26014797311399
153.105542970777,85.67897896788979,32.554009106098704,41.822237302661655
159.33825255849288,86.19579289858245,32.665418887270974,41.85142701482367
162.04652424484033,98.40319007221652,32.80418814809046,42.22293523408389
166.6674275694828,109.27459771849743,32.847945921412936,42.37815308361189
174.3228480816241,120.12209522993098,32.76996641599024,42.79658236189228
178.78774563699204,125.42188560350164,33.07636114747842,42.57002464789303
181.18017159771927,117.40406019838491,32.74257667368633,42.83239436071439
183.66448194625525,90.44815897847737,32.80144420827334,42.71361818724821
184.96898636009757,86.93675796736004,32.68487655795682,42.5883336616313
184.5841015913265,80.87010149063984,33.17418475435634,42.56939441780609
185.24536311987575,79.39468299226505,33.39882995211013,42.31641380858339
187.54767940513864,79.21626749855092,33.36708814009873,42.29503788730878
191.26459466597768,91.41388162880526,33.16717199372586,42.69586637423664
195.119839026817,102.93206831379617,32.84617626063364,42.77510694163275
197.462390240203,115.05472832599531,32.681750446715625,43.54298004772761
200.80317835314784,120.77785657494923,33.21858900430374,43.15369033143601
203.01748582421266,113.42072114217783,32.45223197194888,43.04740837105107
202.72330909911486,88.09747629779056,32.43295165263232,42.70191655347792
201.21856434580857,82.88694699645941,32.86448543643606,42.46811561329355
197.46923737892874,79.36389612388828,32.83189556907878,42.79672287067338
191.1875761681928,79.39495722074595,32.806290721568715,42.429348184530205
185.2797378010416,81.85917935272865,32.73890890789748,42.626808957491086
179.00340850907003,94.53606387345425,32.56474463875223,43.15385923671859
175.71269498077635,106.30555996446941,32.12124264870872,43.369942509400175
173.00299955733436,115.54053625704456,32.8577926714655,43.14280875664732
169.08687140397757,117.2984063705817,33.1759951566154,43.75444365545806
165.8008164780804,109.20715771877097,32.95587964753934,43.588487437351006
163.59106452453372,85.36358491435897,33.132099329168874,43.06890697195627
161.77267689844086,80.88547981741239,33.69535868932574,42.432738549516415
158.90439150595526,81.12634335346348,33.77175987285653,42.023050522807694
157.9705746410599,80.88884075000351,33.32229927662795,42.34466246114243
157.30346326360922,85.7144580027502,33.578053947194036,42.00691596224083
152.93305115041093,107.50029612876878,33.04660892462819,42.79050628124861
151.44082826397786,119.38746802423839,32.47512002990702,43.709346389235165
148.8530423442251,131.96860674083257,32.73753488317601,43.79801309362007
146.1404675617879,128.99798103023107,32.420553691672254,43.796965148825734
138.78236787596705,118.75120010082884,32.537561397664504,43.51748242144855
117.23380604852994,101.99452612837703,32.84190703740198,43.38453672621545
115.56464384860966,95.82574053244909,33.09102402643017,43.102002174663134
115.5155320054352,95.53437222205233,33.25352533935314,42.906914155182605
113.98399107824953,96.15537947294055,33.10252471424755,43.12775356194497
112.88912228470477,100.72010932112107,33.44448481548959,42.6396369823442
118.11469300862957,117.82891534771879,33.17167378908775,43.677479946238606
121.39392343803365,132.18499964883955,32.80881820829473,43.824388797610375
125.6548981247102,137.99957576404256,33.216824317424525,43.16523301953589
132.9577275048944,129.34562201104785,32.7574544288213,43.19332294434854
138.98736184104783,121.79638101892685,33.355375125716094,42.61747326355149
145.90007780887095,85.59699799424698,33.130251608343755,42.56973662736437
150.6939051792125,78.30698534562259,33.18487267790236,41.94327140795052
154.989621557827,73.85161312179717,33.460953577289544,41.30153611164385
159.054292068215,73.6749541926149,33.74377915197256,41.09948888440657
162.77787601998767,78.5297581530219,33.443017898970396,41.29631025436407
165.4082750379947,95.67940003886001,33.22471559049538,41.653894463644896
165.34406348692767,110.51304162720666,32.51099307085294,42.2317227524057
164.60315309527277,118.27139048455565,33.10319909328702,42.53699597734393
164.2796021656287,115.92320778674429,32.728915521285515,43.038550028819934
165.08167043810232,104.44742326969697,32.57325588692939,43.15081509257767
163.08960355696766,78.73942022597596,32.92559114341558,42.87800510946303
161.3963903253044,74.31394772299242,33.017550872809615,42.13106689094279
159.53423022226994,74.68993268034771,33.26222773399938,41.77762459845512
159.32481287286964,75.58805848579956,32.78028151658599,41.9791758411357
156.5101433909046,83.1504345273332,32.74371166703953,42.63185715345417
148.16894274160603,103.9247410197378,32.103767231994084,42.89137252557859
146.3309516008694,115.4218848600255,31.878471732934493,43.78007091372877
145.07862338479111,121.18994284193272,32.57383525260789,42.99378328853736
142.99821911040718,117.70969388694246,32.594052656813986,42.89436136438094
142.12950217117694,106.02823206369452,32.64938480874248,42.717732322278174
141.80986749366772,97.01968958498436,32.75635398952461,42.306937946202396
143.47585251355935,97.98310464734377,32.69644553612133,42.19565218832013
146.18863570546648,104.08285093882253,32.74086845208128,41.86073975978154
147.10606853501832,111.4088229599556,32.74337688412592,42.18780916050858
146.8888798151301,118.92463147799673,32.5100505165484,42.309430420935115
146.6314149612527,140.9439819078791,31.9610897671499,42.43283893617037
146.67241323843714,153.5954277095684,31.584995729622925,43.23724332278198
145.69204727187753,162.26585649671406,32.06427257508037,43.28467996846136
