319.5,185.5,67,56
315.1465052004374,184.69753824236727,66.54350979413256,55.30003920072842
313.8715863312785,184.75647050322473,66.90212558001204,54.41062473890425
312.66410056924076,184.03892457694906,66.64575997640185,53.76102292118274
309.5855810896227,182.6479842515399,66.7726823775631,53.31781569091281
308.36136482450655,182.37847192314428,66.5340829234661,53.051830863413
306.6895818747406,181.37344761229312,66.85617684576414,52.98707398699213
304.22758994594966,179.1686908014404,67.07071665732553,53.52842736089487
303.79080654592826,177.99675838841455,66.72773215350483,53.79004183027233
301.27589751459374,177.41692327247387,66.97891805217239,53.082511568341175
299.9596279015074,175.44930054897918,67.67742042741574,53.0360084343979
297.8180941221094,174.579274399284,68.38113012373928,52.99197891711496
295.68104618325253,173.2351389899111,68.78264690370523,53.07263641074178
293.1989642496749,172.21254034822084,69.21541867338738,53.1621665560226
292.5133759060202,170.3761302313855,69.81694597429072,53.501276357640705
290.33339597305064,169.75720445212764,68.9624731238602,53.423713487445454
289.8812771525257,169.09517404304182,68.51853452398917,53.26663846043275
288.62766978663944,167.0092568882955,68.38799052391954,53.50964405364731
288.2118629808673,165.14358169031442,68.61954468579115,53.87471699332592
285.9052976180825,163.16655069432412,68.35734400953578,53.97980261163407
283.8462366296642,162.24550742160233,68.38791582310347,54.1604821632117
282.00250002523774,160.96682765378748,68.46086967427506,54.13332588882854
280.76923381473983,159.5212420888546,68.62551434464523,54.091531501650266
278.17643202751054,158.38011207279584,68.87377289118021,54.42220934039315
277.83734034882,156.7906908876489,68.92352725295203,54.60998716219456
277.9230358969427,155.36170627432148,68.77856609485909,54.53953179206293
275.54274031141085,153.64559531952412,69.8434861843798,54.68774710604607
275.3636985630295,153.30281912883214,70.26502176103463,54.22948432763232
274.2095221520059,151.1834867471415,70.66826636965718,54.61099376798505
270.8789297956225,148.13446511124937,71.45132255382892,55.66557524014773
271.6848187011963,144.43440526197503,72.37160775003606,56.48518670657975
271.70653295751606,141.57388112500865,73.34534859374281,57.149005461622096
269.9202578159872,139.0392353846191,73.99316857589713,57.83698266475228
271.06927863764685,136.8695708930926,74.6539725479648,58.45536724320325
270.73743307658617,134.27382790904483,74.83509904196191,58.750245812311974
270.2366931548993,131.65791871026542,74.98592136265728,59.09316965191789
269.6233862873138,130.51493443672132,75.03354330324217,58.53959914795018
270.3855840803835,128.33485259237563,74.33483899985184,58.986392227358095
272.18447886459046,125.87882129505344,73.78094038450189,59.6477576860772
273.2217388158387,124.9418991290569,73.93540626844344,60.09990070600516
272.3743043688048,122.61465581943642,73.74003663902799,59.74075216670729
272.30775765992564,120.43746443889668,72.1002020572898,59.5378357906713
271.79189020314334,118.58585457434476,71.00186723818837,58.869180233672836
273.3724508428262,116.41783639920459,69.66331497146459,58.53431528543025
274.9897467532685,115.89504942746021,69.66203098902002,57.07113044557855
278.2768692746558,115.33021283875158,69.07861779820465,55.828014716898394
279.041174373888,113.92000508348804,68.67245127573506,55.30805218138971
280.98111446863425,109.84459927175547,68.4597783273009,55.378515790023286
278.56972315766546,111.06751292695299,68.17680323592057,54.995478873457614
279.3078164119555,107.51170937725874,68.54955268906377,55.02832201105413
275.4632570432729,108.11151038205429,69.20132124866419,54.39451488662155
277.51753820055006,107.02379650036268,66.96359852990452,56.978820499583634
275.7576329748617,104.30574893957036,67.10248308749772,58.03224378812993
274.91971027400973,103.67596911771346,68.38777763737976,58.77842302355667
274.2580217170973,101.72903811756024,69.68652458088914,59.645100299055414
276.42297249607765,99.28172924921289,70.10056289948476,60.445224169783295
278.7785540350596,97.89197269661386,69.94420462346184,60.491111386156874
278.5978282120953,97.04979361731992,70.06318114717706,59.73631635031727
276.88853737186554,98.125781689365,71.30321020007308,59.009523144802884
276.72714937717734,96.56469706892554,72.40600928744144,58.47436687947146
280.40234013702593,96.9950444361561,72.35575193614022,58.717448599935864
279.23782189541026,98.30009954037017,72.56079621470539,59.486524306501025
280.0601636505435,97.8047361270088,72.67713813321103,59.72454770495533
279.5958958127374,97.69388209642665,72.47879876590775,60.02527730938404
280.4513368054395,97.2828834314788,71.64870212653479,59.87610880342234
281.1346623095178,96.54648745427224,70.64312502956815,59.579659782455515
283.3212067920921,95.83603541105781,70.17779906872258,59.80568612516336
283.2603864825233,95.3623345432126,69.60437883867037,59.777112824232695
283.71347338386164,94.2560678232563,69.31440739042485,59.83093936068764
286.76307733231346,93.08908915281253,68.6580825082002,59.90377042174423
287.4805314127209,91.73366037324189,67.66185141991033,60.318868541417146
289.1154199116004,90.92043255593046,66.93216259887869,60.696906679358776
290.25274805892866,90.9139580470798,66.26297934575649,60.30676530947731
291.83259629376744,88.95711365749948,65.3094646406817,60.7721272625424
294.37556481169054,89.10912080558185,64.50072448899077,60.48744623209943
295.170688320009,88.18463195494755,63.85366232495395,60.70397073016676
295.9578073331786,87.68199474387401,63.386868108124,60.663109965164786
296.16783861561703,87.37488356247374,62.98523144932416,60.67540665686471
297.7710314880434,87.47652645520841,62.68677584019835,60.62929277643609
299.102138824532,85.90942996271883,62.07283878372198,60.88296184135608
299.8867027556156,85.62453975570561,61.501235123424735,61.59459828501221
300.6774144869105,85.58512653586514,61.19024794776119,62.26241207515701
301.2727162218151,86.1885368675718,60.7095894414073,64.1128435803991
300.9538193260835,83.41061696942704,60.979296537199346,64.28336032905068
302.6294656990508,80.61771342046188,60.4835514578144,65.87972507850078
304.2829906650243,81.56505379464502,59.977106822956046,66.90898832656394
305.92003990267835,79.28212667154989,59.255681687491645,66.89181377941924
306.32532489168904,76.74707872657946,58.62220572196921,67.5038846907224
308.01644129618865,75.43263202950303,58.38808473319092,66.78156868279092
308.96879749090596,74.96905032231953,58.61079753754295,66.5271337914557
309.53525388431865,76.04838648311647,59.49368022000153,65.87949881956276
309.89958898662354,77.2267927860686,59.87020470323508,64.89648625294987
309.4916234639405,76.55140279990744,59.724185506081774,64.2956026119528
310.2894149240685,75.55139259225794,58.85319890740854,63.91370364324909
310.4935250595469,75.96045940512633,58.133975279279795,63.30077214997578
309.8091745811269,76.38562929446937,57.655901300397396,63.28411329904314
309.60011448606303,76.68489576830694,57.242905171822485,63.46236220838171
308.30807879598166,76.02187632572914,57.30041314599459,63.87147268300722
309.8423007800258,75.99107159868265,56.962064802830064,63.76518524049949
308.61197214005165,75.36634758451908,57.06484196726929,63.7891946740085
309.20699768841354,76.61737085362407,57.11053343951531,63.88624920238788
308.3801800306396,74.58961744129127,57.008614675053636,64.04688646108976
309.69937084884674,75.13763636031494,57.00473640320244,64.17561523509531
309.6730463300282,75.30291836436629,56.687222029937416,64.99003487624647
309.139579130997,75.79489276446526,56.219250159880104,65.59987255409112
310.43702796313784,74.99156637854917,55.70903877489525,65.15616273894821
309.61531009622524,75.49081330809713,55.53282743497472,65.06284033380508
308.769691251445,76.10969443131677,55.7006062860724,65.9328172974946
309.97581594295536,76.80862848400864,55.23710847184583,66.66425765425379
309.3004798306973,77.41144491458758,55.66067371985288,67.33287401299032
310.0608484721486,77.19391116317067,55.40631674700887,67.09166679897002
309.92143825731904,77.24379260955278,55.19603135601217,66.34549117598883
310.18662673783996,75.94828050726049,55.4111492971043,66.67409496469512
310.3110991157649,77.11149721460505,56.19810906796503,66.03455739732655
309.5367999945681,76.47413114597236,56.88366894928595,66.25339539816311
308.8491466463954,76.51731421189247,57.934452852338325,66.37491704996947
309.80045315553036,77.71832419563091,58.84074090561698,66.86913207165884
308.65514145615566,77.67251487921045,59.38049932176139,66.85874757716326
309.38719199855615,77.87851701453224,59.26985294601346,66.85448181331367
307.86578056573285,78.59226998746736,59.61526332081533,67.25119950502429
307.43755112830104,80.04236546705728,60.40328617655636,67.13271273323764
305.8498572185592,80.0320337116537,61.95591048152133,67.18076277341594
305.3499939241395,80.69756222157298,62.285595509234014,67.21461432958904
306.47751611963923,81.63568165847633,62.198177737573495,66.83803368274918
305.0854346463427,83.15517397115738,61.18176495098166,67.21546093406555
305.92297563355476,84.47220371148417,60.683965071513,67.40514098206799
306.2556242566019,84.22716853346051,60.67864240046146,67.46823537261541
305.0844729017493,84.72203227935401,60.78967336639235,68.17582238163715
305.96688337525944,84.80766598007197,61.161415005202734,68.437170945806
305.72546278751895,85.51413278795782,61.88495407120381,68.32750397451215
304.0215399426537,85.21191735225506,62.03273658954748,69.41986994194313
304.5442115781322,86.81436133159266,62.577001868662265,69.55160803612438
304.91059014785793,85.96318080365594,63.9118144618768,69.68836118660994
304.17298498381246,87.7029221737047,65.03284615270161,69.72056739419004
303.9510783622313,87.59142533151463,66.39911786573155,70.4667525902012
302.075806788596,88.583168945055,65.9474691833208,71.22811027660313
300.6481339516961,89.26198558441921,66.33350218927397,70.83088651993128
300.0426829829773,89.75252087049029,66.16886112839771,70.89682028986829
300.2220492761327,90.59354229558598,66.1664035939191,70.94882068022409
300.2996199598115,91.42360584766078,66.56007503316783,71.112702160097
302.385669416929,92.19789071904711,65.82225269974337,71.86606284487561
301.1160890944535,92.078050839748,65.5264445393811,72.0433627254595
297.40437549355545,91.6550830213549,66.91485425079036,71.86738507222191
295.1437513126589,91.68767001788899,67.78460596379496,71.7445053452286
294.0700323329928,92.57130042926669,68.76944757817931,72.4250637554139
294.6571852352301,93.41828259994683,69.6561440281909,72.64489536208217
293.1209217532652,93.02205259159089,70.66731611655607,72.52253101222452
293.72190304743856,93.21463856147719,71.3129837905842,72.25243501085555
294.8043047400155,92.92356318310846,71.05657009296849,72.5261132832428
292.5027098839581,94.68894195761132,73.1712708925009,73.1289631217798
285.298131015205,94.69204604164267,76.45662644494851,73.96012707791222
283.885896362425,96.88490072918671,78.97221530216713,75.35778724399232
281.5077194122903,98.02103900513214,80.63954394341852,76.45613070438482
280.6047862383301,98.8834897782121,81.79132793345548,78.37638291913491
282.9440606221918,97.44797786900176,82.4429269089572,79.33304323409948
283.5438185034505,97.21188785584475,82.66212602738308,79.45915690470824
283.81474554046883,96.3238348006408,82.25206271052566,79.13352670797198
285.8772773785814,95.50585120418553,81.78585256518429,79.3331758609884
284.6174283938394,96.28016071218562,81.19719596618685,78.27201918677365
285.2991658791009,96.62289513240611,80.97448988127638,77.27631237240422
286.46689114259834,97.06680175279809,81.08306653972159,75.9347217587832
285.9430071623185,98.68126883673105,81.15424833723726,74.68755238431329
283.2376942451297,100.22101862343831,80.6529083245995,73.46981938766574
281.7907905183157,100.97643616773975,79.19017986666739,72.84024612462437
283.2973637029362,102.90671818847947,77.91593880805723,72.12579237939431
280.86436328628827,102.88952456857432,76.45529808175225,71.67611691774093
280.14869674114027,104.11758090763581,75.24122945581594,70.67326263481294
279.3195969577413,106.26582425975508,73.49424451524396,70.19375605409431
280.5167129258822,107.17214299992446,73.19985107421672,70.04537180861882
281.5161302478208,109.09275637018409,73.80292606779057,70.0615585984493
282.17789864554527,110.59709824001615,74.43049784720897,69.30784779350806
281.11098322350495,112.41303364957874,74.9228842466332,68.94679997624448
279.66277220383654,112.2704158435919,75.51056614696249,68.99952096839088
280.8205385223152,113.6533195545239,75.35681005266872,69.23094073845193
279.5208796065549,114.0499898948398,75.96691298703348,68.887982737521
278.4622888424784,115.45849152431583,76.18653356109262,68.60483205577837
277.87937362905484,114.74356865160001,76.02645926095764,68.08366411693724
277.32056728793975,116.03671200923633,76.05037522974015,68.01667643196859
277.52783881474795,116.14409020485927,75.90634276023982,68.52964274513326
278.27524531613585,117.54511340681981,76.27188286968479,68.96810442074097
277.78252673604965,117.54578360569592,76.61053477061037,69.44664843885371
276.75745713337204,119.58568867892865,76.87555134298519,69.40325577667168
275.28432013979796,120.6383363618277,76.69086486565578,69.42322457865924
272.9921265776888,120.98835045440391,75.79748356870104,69.52856588985233
274.74687370297573,122.21184188070686,75.0253414509244,69.63494159208652
272.72403798050414,120.60637922183432,74.58191768483863,69.17728327831612
273.52944483582394,123.7117089307496,74.68904132447207,69.03938491929293
273.6944986046461,123.17219677018711,74.69953514166514,68.51867004650157
275.717069868864,125.04878876444371,73.43699754601454,67.93919688104745
274.6555092908962,126.34768019024881,73.14131548692322,67.38005142911072
274.6538901654029,127.48827225577276,72.11341543701407,66.92704916089394
273.63044399209423,130.7268934695821,71.29910244419972,67.43597797885018
273.40655414258475,131.28486844854933,70.868713619907,68.368168308315
272.1866743331589,134.16868528490238,70.7253526542708,68.78049679381208
270.64085301508607,135.36990721498262,68.99033608784073,69.66461776061695
269.80452708197237,136.81098158762458,67.67689705555439,71.31780074140723
267.14271012322837,139.24888391892762,67.68480135496989,74.53925464661117
270.7300556466834,143.7393790914684,68.65645830763255,76.26929240058968
269.2640795599935,142.16021691091512,68.52808128217507,78.53321324444998
268.3665492647548,143.06340718829472,69.37765818811266,80.05670386736413
267.5491342175052,144.97080670240743,70.39836219637687,79.36099539623713
265.3501215709041,147.47063702849067,71.93139320208819,78.44115203914508
264.3091033780059,148.58953466880175,72.46004468779151,78.45358564035887
264.51292937962944,149.0169000986042,74.31638165625459,77.93910226281535
263.92585683553176,151.4420303966422,76.44976426037631,77.34355043367661
264.2889928733498,151.26640076007422,77.30711022959355,76.86914977610654
263.7593314049965,149.80773415081353,77.37256517294534,77.16515034921164
262.20429814226884,148.05024042994512,77.46690084055153,77.98593775203858
262.9521526172027,146.93243137098503,77.36567867561871,79.13344721116817
261.8190014584942,147.01592397637143,77.98960707354877,80.36736927845631
260.84463919794223,146.57071309219523,78.30020379085023,81.22322765068265
261.05566813751375,146.19537951823025,79.21109411956245,81.31958600268365
260.43252354529164,150.77550817675336,80.71143558538635,79.98521398150532
259.2978409359967,149.03018753709537,82.02411752589235,78.5701021251402
260.0467091135969,145.58672205491058,82.56784168476068,78.25567953955249
257.4304590464836,155.0283589165477,83.58562586134562,75.36016159172995
253.40714062553062,162.3344851018898,83.00543069488975,71.8211943238899
253.04895361945498,164.18838223487205,81.52752718209291,69.462969736232
252.30486571048692,164.23058476460182,80.51049617668002,68.05958195639744
252.56885131195673,163.73739638443232,79.54888419567564,67.99611814724025
252.59209921407353,163.38779345398467,79.12750858420824,68.61898981478672
251.92854077206314,162.6971540413679,78.92107294080138,69.4765886683253
253.39357623554884,162.9036039607899,78.69828861012817,70.03422023349972
252.9592426514405,165.39868837783334,78.7240924570406,69.12649272936888
252.6688372348825,165.8433353660156,78.51953532445835,68.5334895380786
251.40974215088494,168.71617167968105,78.82192663762552,67.30436172962585
249.8926297231866,170.34784602352119,78.92211404604652,66.15450386187658
250.4549268940401,170.2290034862871,78.21942766570807,66.08796393858593
