162.5,188.5,34,84
161.1207665222817,185.86265060879603,35.12097841144932,84.00051264806956
161.21496233885503,186.4084647886056,35.83792655577229,84.18983233131993
160.1502250468369,184.81159042574114,36.287190907073864,85.1915983109246
160.39163380980966,183.06044600771818,36.5840988135243,86.5370923605173
160.07211975309818,181.7003015717632,36.977406614947945,86.86201289479604
160.42066445770809,182.3629648377418,37.06760205680236,86.5232049246789
159.43833865427328,182.60841919855744,37.55416158927773,86.09828776863279
159.2201528042317,181.0711310330388,37.56299444739809,86.24185361497464
157.5932773971412,182.0596290090799,37.4878918928199,85.34276856300838
157.85172886521087,182.19895111818306,37.23912274598152,84.82646462223545
159.1341728527077,181.95585594658723,37.35767187998137,84.7560846739079
157.7836929449375,184.3049275711246,36.37322238804191,84.90402840374554
157.43595753652372,183.19171215123956,35.93680111979411,84.55786245510926
157.1153680108422,186.1145544674697,35.39248396010521,83.9968333936329
157.9048375684893,187.83799534633238,35.06867597026111,82.64249738366448
157.503544826784,187.5062187618375,34.5924941063359,82.34400774412151
156.656734037419,189.10976735720303,34.021812239249854,81.65286862414547
157.42429716819024,189.83826568204216,33.899426446686284,80.55099993491066
157.56320929666174,193.1050594408792,33.42351254543043,79.20068144113192
157.19410275110843,194.0670523122222,32.537389036233364,78.28208073968281
158.0259557479502,194.080665060633,31.914043493294464,77.74199446786722
159.05255055935348,195.22884255454903,31.275854428387376,76.74992870179878
159.70485783905912,196.46834684817335,30.72951627192637,75.21898938897567
160.66651100622894,196.71918544564812,30.191786185755696,74.19901183954538
161.06101257077287,196.46739710104828,30.310815891197727,73.9704361263441
162.54871343494068,197.14798654712163,30.566874495732577,73.60761983500079
163.47607246360528,196.46345067020195,30.70649435477759,74.03956328340496
164.96945605833415,196.91219892172825,31.754826194860843,73.81811803939318
168.1305748676349,198.60588555554364,31.81659984487512,74.13369811038544
167.93694498021785,198.4860568177849,31.80336686215034,75.24506630358097
167.22728578093233,198.25938752979664,32.5577205848181,76.24229547499365
166.59848572441427,197.36489835516798,33.04817816359819,76.85164914754654
166.54777373781246,195.08806398503071,33.551766745041974,77.79544578508361
166.96531484154343,193.9218329473556,34.36077220981363,78.59657250658253
164.93258287372137,194.1546991399522,35.51817893262815,77.41822302210421
163.63662610583557,195.00697949923148,36.193669505257354,76.3185501466777
164.07715435209136,195.5442214021866,36.05445480580609,75.21470901734443
162.76460686068992,195.93298863747316,35.85774598039666,74.63342626696134
161.13688190384636,196.76987462840353,36.13102841170766,73.93309874692314
158.03426801131207,197.08106772035322,36.74054973391615,72.86215542458075
156.8884152525415,198.36231382151658,36.974936802436886,72.19354537767241
155.42437079047303,198.78102673731394,36.9383216898612,71.5288560269098
154.1918527796829,197.6956736065272,36.79631110728498,71.4728750955664
153.39273588274096,199.26784806017642,37.181930364883414,71.75441854132582
154.12029829280976,199.4993045843197,37.81470022286172,72.64346257578768
152.4890139065464,200.51075959396877,38.19962159548609,74.07569720027314
149.87968065504782,200.2035353333536,38.63839899173275,74.6248443851554
150.34469399596796,198.84446332212445,38.758821681230366,74.64360443353837
148.37127825098574,200.39215130592476,38.489131908072224,75.37266989889065
147.33707198287485,200.34244540055352,38.90128466913227,75.37733675910019
146.72863741784053,200.13162315290487,39.21506820979205,76.50156367331616
148.65836663633758,199.1632780346618,39.22622382461678,76.945699483609
149.77551821468793,197.05548327749193,39.0899576723869,77.18040539962112
148.96623554872696,196.51797086772518,38.21572157646766,77.18501209972409
148.7149585729411,195.32915134532834,37.26675663479751,77.0452482571734
149.74492987141275,196.40901532609882,37.49423931747154,77.08127816153818
147.2705267392946,195.6569759854513,38.144300426373306,77.26990855868407
146.69629131751987,194.05324855106912,36.83756225312291,78.92166431741731
145.24125273356404,192.15076546995846,37.0881352458484,79.98215654546505
144.20655990155092,189.94705825847873,36.29019441184299,81.28352119234721
140.22615874354227,189.9985226935372,35.98018469325336,82.33487584578981
136.0112564566452,189.6252371600727,36.756931214984505,83.02589275373326
139.627453266913,188.28665306048381,36.6460085226411,82.54990038085901
140.5753664664348,188.52024293892407,35.77847001117074,82.23540280915154
139.0732435642755,190.02011721077145,35.89889361280685,82.08076897340358
137.84250869180167,189.32529736193615,36.284433239193675,82.63073944347407
137.0479478241497,189.85003155983532,37.09646061033136,83.10165392884028
136.62591450224426,189.3287593935048,37.31936716417261,84.12097770750711
136.9750243565877,189.3443794876478,38.162546219142335,84.87581901212192
136.99751592701597,188.29028660039833,38.858642766357974,84.7972670108183
137.42109487841992,188.92595827026568,39.437716843873886,85.0905661004354
136.88371195886094,187.52987921993093,40.052180210877296,85.35739699544696
136.6555333373339,187.34283418357762,40.745546457689784,85.7845756251287
137.11017477720858,188.8137040216618,40.67448077678916,87.39560417939856
138.793172145724,192.10450221816677,41.399293000817906,87.29855587827706
140.88655233065313,194.5927897985694,42.177232852974996,87.39733052521102
143.07471889208276,197.95809274873693,42.18612407246194,87.95803159737966
147.09559367560024,193.0999725870626,41.256560937311754,88.69385276179278
150.46870554882477,194.03532599467084,40.62159379028897,89.76238449485511
154.18762681296712,193.71680930429432,41.114025271708854,89.52795976241461
159.328033577248,190.61792619969884,41.267524563581645,90.04439433708413
163.40454128899623,189.03769843139276,41.31555608374973,91.18837443462462
167.22053773379375,189.88189521724726,40.70646615970038,91.76998990374811
171.55226100103744,189.0545111870947,38.991922709014275,93.97651297513492
176.6800609972737,187.72436871123122,38.61073620683713,95.4719493608066
181.39187894407317,188.069671173404,38.984712503484786,95.10412635689407
184.80513034563296,188.34407015072378,38.4013532588674,96.4236642453408
186.61739866260103,189.57233135633987,38.652894992164505,96.575752464144
188.4734561422695,189.34620019482236,39.55337606783125,97.36534435365772
190.61557439813174,190.34590277472284,39.970818785843115,97.1629438935638
193.79087708529485,187.39764392258934,40.09011592692827,99.09049678269108
196.8637056739376,183.4544927099846,41.56752612864058,99.79299088117929
197.72918668315134,182.27414951110288,41.52682452052191,100.09476881641837
197.65528581313185,183.0810538113104,42.43076553897275,99.45417180247868
198.0519285801318,183.11813454651752,43.54820404881899,97.65345116992457
196.7451162793703,183.67639462133639,43.7715402973757,98.9633934321673
196.38340411586677,184.3929741967859,44.310596669651744,100.20516866847532
194.3316543185286,184.26419057823597,44.85069194265762,100.68730500273651
196.82051275498293,184.3239237246484,45.52227516816811,101.72178153332163
198.11850581122684,181.00435354711828,46.25760123524571,102.14075758937068
196.70889376580675,181.39302861492135,47.32993323147379,102.71495016502244
196.5087048267348,178.84466055417377,47.60326419670915,104.35366464574003
196.7055640593581,179.04705518226012,47.33824776104835,105.55181988286105
197.47269003450924,178.62922744182424,47.185209118126735,106.39864773192403
197.65125442151526,177.60318462173421,47.12093766323132,106.46695668352831
198.11675962582385,177.80672235988365,47.59314325898579,105.40648024964509
199.56730666156906,175.71096591591964,47.7681109131118,106.04275512907398
199.84818607453226,174.47739036139774,48.20855328671697,105.63964266161017
201.36220879456084,172.2525636744501,48.640785404032826,107.2431020066511
203.15086556210747,169.77889833414417,49.07656629414102,108.98332848117775
205.44699985097037,167.77607796949636,50.23418518284585,110.3024581707395
207.9331274390424,165.8907815306092,51.04914237852797,111.3475600016083
210.25738835785629,164.48297014121994,52.251832565588906,112.94952957356158
211.98154917466798,163.8721475137173,53.58437087917015,114.23279343233281
213.0386684335229,162.22187343707853,54.13552070717868,114.92521327636047
214.147531170032,161.28432281840284,54.73576360269071,115.15692373898496
215.9890169654371,160.28524584942875,54.9004423014161,115.74927495018757
217.06644057854453,159.78591130654144,54.833574391912656,116.47762037201221
218.0442149676767,157.87344684395396,54.683224998337586,117.03099196610198
219.58717743705694,159.92697224877537,54.31729245879284,117.57129337508704
220.6994639964846,158.28713949797867,54.207269453615496,118.39449792392165
221.18470445286653,158.99494685293126,53.73676377512177,117.56089682104161
221.4585117493748,157.8398610828341,53.18551469738761,117.52228629870547
222.56913974903796,157.98426745177917,53.317091253832146,116.53937937975452
222.828838005754,159.25899048907277,52.97488841186501,115.27571182765877
222.17586401206242,159.6158051983332,52.25806766336252,115.15233623909398
222.8847480043723,158.62401838038852,51.99737973302589,114.5400858717637
223.23107585972647,160.72324370870916,51.32017686454567,114.5039038537333
223.32788637758557,159.23671307125483,51.25517296649799,114.35104483292665
224.02276055974667,159.98743733681738,50.58557340397937,114.51722423244266
224.25135196964578,159.27841128820532,50.40811092037993,114.64083236470863
225.01007144622616,158.42614856445852,50.39548003549467,114.26836243943
222.5271500400778,157.94321255742332,50.218806234784765,114.52118098861087
223.56973581342942,158.2851797084118,50.061934234323324,114.46787622612369
222.96455064785494,157.23020420166085,49.68554058746783,115.39946391641388
222.5900326762613,157.88869246572744,49.37634744187181,115.20066539826755
222.38644247634738,157.24397952226553,49.62840217901523,114.58036120840151
222.06003666524697,158.0823092059158,49.74871734888452,114.04372841046748
222.1897279120768,157.59125145565645,50.07446989789226,114.1625431702673
221.44538152984762,158.12673916528428,49.96891055282299,113.82780521734695
221.9406282834786,158.70456025529052,50.15134978958724,113.4277321973191
221.7650056321416,158.6022554717186,50.635243619883425,114.06159641553255
222.29819786226818,158.1207034308913,51.0551595088658,113.9741734013925
221.18255806784737,157.64723838122333,50.99173656780023,115.08152250290372
221.30902015295902,158.3549801638235,51.349775861360186,115.33601564897658
222.7452487354873,157.76623047318535,52.10163968019031,115.61801538358925
220.92139460911864,157.3369840263343,51.90847278415447,115.47888143622306
221.21321639472362,157.69295974525895,51.946592740337834,114.03120233056525
220.9222493242837,157.89199664178483,52.1417660801408,113.45824015019107
220.47273920183886,158.2012952645383,52.19336271195903,113.22562866656499
220.99571001914893,159.4000502613904,52.09637834176223,111.54142766286247
219.90895627404376,160.55144174494762,51.590499931475165,110.13876060294021
220.13457932263816,160.28034143547455,50.93765760401786,109.71418276472158
220.91192873498863,162.40510540772098,50.73241330144983,108.60174669530504
222.34562308951897,163.63004786578972,49.752529646863024,109.1419418973469
223.92623194958014,164.93936567851307,49.87530469407463,107.96008255230335
224.0289653372454,165.86369795785583,50.11966895745758,106.13139998884276
225.64803522983146,164.03392122356757,50.288769324644505,107.95230263477984
227.68099861170103,162.21543713410978,51.10965286363974,109.24932764314792
230.7089911678472,161.70205212409277,51.428058830296365,109.94245917393556
232.23296265300797,161.85885973429276,52.63898646162889,110.03125282161001
232.26850750146147,159.79029367543018,52.192305605854976,111.77503910651046
232.76423010290583,158.75569766026103,51.66035308637693,112.53062046389803
233.90593364153315,157.86331907634343,51.14344540926111,113.33219102914072
234.22699122118678,158.3248817118574,51.348409169364565,114.40491703641788
235.23967682790348,152.5880224465675,50.282412860563724,116.48693196134579
226.68895936319555,149.64002675430848,48.57541234991612,119.1256110480428
227.6183062574338,153.73932135133586,47.459694571285354,119.76522814518677
226.23580322815644,157.8550004148304,47.12945765269774,119.33921269245305
246.5687473363284,154.20367693923802,47.05856302766239,118.52766858833996
253.7782547460611,151.11275765226358,46.1677683848938,118.06568973751467
262.3550601248598,147.76078337537595,44.83109602756494,117.92936061947597
261.5092258441639,149.86221286563924,44.52935972369182,117.22330921417523
271.13965996141275,153.32161081224922,43.32289670159648,115.25179420474431
271.2391252731004,159.18896040999869,42.77386421984376,114.11776105538797
273.032596151054,160.09592002347938,42.378445539040314,111.80488148244305
275.7112165894192,161.94237517712747,42.11827297209375,109.88414481825906
284.57773122451016,162.6806071231757,41.0229428291092,107.6893535230941
286.17893794603896,161.66653712534952,40.03717152739371,105.07265804663952
293.9726717358403,161.01808584808464,39.650553480872084,103.12952339833421
294.118259920065,162.54128554824118,38.48198154214455,103.06111987051868
300.95553733574775,160.9035289794126,40.22676207607441,99.85647515600297
309.4443494346393,163.21220119313176,41.00234985338901,97.87196182521383
316.29700869527414,166.76432342336713,39.787749219997785,97.03923607201847
316.43277816051096,167.66932818556577,37.75611183218773,96.8262185634598
322.84962984181897,166.91247885873605,36.50835455264057,95.64700702272226
330.0043130839698,167.23644925873273,35.656194794413025,94.55904744965001
330.297996964386,166.97749006911278,34.46737247759234,93.31196477031143
336.5252457181739,166.93361203979512,34.01143206077591,91.4250320605599
342.02150900041045,167.27307945982952,33.56265625924225,89.55368961245887
342.8361084109755,167.95527567259538,32.71753633415778,87.92123131711897
347.77455713391697,165.47537892048368,32.432358515655224,86.30457542711626
349.424666878266,164.78615076964542,31.625113308268133,85.15398042492927
354.8050817072622,163.54610572008917,31.602979748603396,83.80521739370118
359.96582628097985,156.87390383789642,32.059899605379506,79.85098948999587
360.73920612094486,160.26654058222465,32.11546035811249,77.55179187948275
366.55822348350534,160.1568487007623,31.97304922155356,75.44820525208759
367.45664753709195,159.9220944508809,32.21070147486927,73.75481401926065
369.02854483968986,160.533360350791,32.39793890740835,72.82998354843329
373.56121025734427,160.68484041076786,32.31886943989739,72.25496589521543
374.3297495782015,163.5027222387325,32.33272749709657,72.716396910917
375.7018218214234,164.80150335176373,32.38236786744906,73.8787981972752
376.31410267054224,160.9774622753534,32.651611220061184,73.84497221945016
380.02704117322,163.43090534521986,33.73421142570421,74.06853680527263
378.8536299378014,164.9544159865802,34.25076193723668,75.04496255929513
378.72184353109776,165.13938780009317,34.95112733291735,75.35350301449111
383.3493230834174,163.14716137138043,34.868210121283525,75.96808854708749
383.58784540636015,164.9108262580413,35.02551315262885,76.73777968593616
387.9408681689178,165.7545468194704,34.80972012232557,76.86018770610626
386.6610961180139,160.1928800081232,35.24897322948908,75.64613996588561
392.58221835109066,163.3780439493978,34.18764783834789,75.30503457173974
398.8518857207305,164.61088985941967,32.84000449768884,75.10019198913798
404.74112856805965,166.02267741296743,31.593405857473837,74.70107753153286
410.73299270590593,166.47900673320143,30.97498538970364,73.92106923662875
410.112602922488,165.43846204680955,30.284119205540087,73.79346391298613
409.34290582827833,165.70634641795587,29.546854143700024,73.6458329880763
411.00764797144296,164.97555741982808,29.048381391107903,73.27625031977345
413.66446605157296,165.73903470537192,28.46546432035597,72.5519452466716
417.120369618314,166.00791587539163,27.3147717841945,73.50506911802742
419.8025477438047,167.15894447856772,26.801714819101626,73.83484474973372
421.5143264019144,167.14463911777727,26.658068305723525,73.53965747050214
422.48597267536076,167.812163378239,25.987478452769995,73.44988027469002
422.8943590685441,168.45722975903914,25.670256366591083,73.17869046524584
422.95310002239853,167.7752048499287,25.543596260939523,72.64889591739308
422.691422160961,168.01322872764965,25.7612915870002,72.20337456715158
421.9613342749699,167.83175098643682,26.234818024551657,72.3619144302039
422.1299572415299,166.96019682638308,26.815977624268633,72.46919544737861
423.5003041221801,167.03098016292512,27.098101713081046,73.07739339555233
424.8345383220652,166.08879020281148,26.5813082991965,73.31539157997796
425.90133121826227,164.03334248458168,26.551967454235843,73.35131200270465
426.2682353832281,161.5880101055786,26.668748220850368,73.73239996322543
424.31912569960855,162.6105191468213,27.317488294266298,73.47813512609372
421.97120972193846,163.31431289474673,28.278933090258846,72.9888456363006
420.05851394119884,163.49156916915808,29.17595846750348,72.85593986359619
418.26860992179365,163.84420278628107,29.823511953472646,72.6235418765483
417.207524162432,163.52318240160537,29.931385033170116,73.4756683508224
414.40803374484346,163.9092694616033,30.053926869171207,74.02968410642926
411.18585862577993,163.66264960869034,30.533969799101236,73.71743021903919
408.418214686389,162.69018350748368,30.449469031185068,73.75153609603596
405.4145504280272,162.70067226327575,30.35170597610084,73.67047497537747
403.7224831237755,163.01768077652684,29.567055489389375,73.37139525313367
402.7990671184232,162.32869221869095,28.40846538476806,73.67409372901201
396.68563219616846,163.10431053600988,27.572326920866892,74.25863862093972
396.8998120199552,165.36855155491992,26.825457933007073,74.81334940843703
441.16207665966255,164.13963603205246,26.637957157010373,73.4696953925264
439.8711701841946,163.93797384465736,26.289146815023337,72.29438383630163
431.7506861943642,160.3575186942762,27.162504816961903,70.51044130808447
425.81607187923,162.86605976547258,26.441106730616678,70.21482236912189
420.41239235997057,170.29245561977558,25.500749819123246,69.4996830576716
414.10277091070196,171.9871094050214,24.585420116342114,70.13043888744852
413.91824852214353,167.887572869145,23.867584686397223,70.44237120831636
442.1022742112876,154.4800536960036,25.373774183353248,69.38861606705031
436.04456157289763,160.25927698031427,27.014693081959354,67.7804248924109
423.2506962756666,163.71746618074712,27.223357209136186,68.57040826217508
422.7477516948223,168.99510853498512,27.399288885625886,68.76096934837683
422.13299425253354,159.5374686889536,26.47022632803421,68.9733681810649
422.78698721154956,148.01376990736026,25.978618526609818,68.56608244041854
417.59330884318024,145.14862049946828,25.696554067364616,68.79743601999647
418.3780368631923,149.13288035702664,25.35795981036811,69.31044267969659
393.7229024279524,127.21106360179739,25.974983746765826,70.55906734005745
393.84150653428424,130.11390127940038,25.790645461240224,72.15296006575359
394.2557677391812,132.60145894800067,25.06878041492073,73.6518218174812
395.00444678670567,130.53979867720517,24.57040945814314,74.39306275778436
406.4178277766361,124.27488667614824,25.121508501231467,74.10751143183427
411.89760507011334,128.54259651405357,25.937732684723702,74.98042458073067
418.0014768029664,134.0007822930379,27.00874440700595,75.3129019378621
418.34963318627524,133.26815433402442,28.248704738380226,75.27748372735661
423.13923711018407,131.29349138051887,29.8682349887071,74.69365657726935
422.19951392820764,126.77704401705526,31.076643261477248,74.14924741778299
421.9413423631033,123.86442397473687,30.91188262572141,74.5551096986173
427.54434239048254,122.26396805917679,32.191265604715355,73.49002268940542
428.227982300549,127.92043771348321,31.528938561014485,74.56361711797517
435.8638513531803,133.9500138386966,30.40772554883055,75.83949923797077
435.96085457187513,127.1840006770898,29.172536831854035,77.08391550716826
441.5146049191386,122.80103918660126,28.876289684995577,77.61667179350422
447.46675698556754,124.90509895088964,28.22797844154191,78.35042200064524
452.93702885248285,127.13020976583279,27.494657646248893,79.88453293225186
452.8651187722182,137.4635957252433,28.006387506456647,80.46548173181466
453.00283283502415,146.88938146418184,28.575566018799435,81.58414035647661
451.26322468313384,158.99385543502873,30.335798195535425,80.60927940513926
444.77547875789736,160.61198806845115,31.18594672325441,78.89310424144385
443.5665870292008,161.56510721902367,31.21520636358528,78.03714686891054
441.64475643007415,163.00356405504658,31.443938839456926,77.09796398604928
432.7840259516214,163.05037099714832,32.47416711508804,76.8865202723914
430.71412560198394,164.10955526193712,32.883029618180636,77.44569776713632
428.1192569203907,162.69123772339788,32.79186554932983,75.79409450955907
426.7696415531704,163.6564102426397,31.767700459337995,74.96868011034236
424.9666369724309,163.72249786779872,30.847031535489972,74.80972062627544
418.23817034390146,164.21972437980685,30.709682642280185,75.20663909083032
416.1839027100792,164.78233699535133,30.66674152671542,75.30384551943988
414.07199191025353,164.66380374540603,30.345162983697193,75.42878589989562
410.77366224190706,165.64675344485659,30.402498990464544,75.86300532881434
407.3412695390165,166.1617896947086,30.46477890308169,76.40845930501666
402.8000151119608,165.46556761929645,30.466361815725726,76.47868324958026
398.218071662676,166.5949435402812,30.682326961365696,76.65976934019744
393.6927990536726,166.52532272497632,30.636328867299696,76.21936688683046
386.3350449024409,166.3627540585186,29.952881824609193,75.12269526169234
384.0881055622952,166.73321718966145,29.362182944475826,73.6379410603731
376.7489660033454,167.62354269156947,28.937589213864754,72.47498729547921
369.5672983022134,167.33855802349646,29.090663271219135,72.2088909220343
361.75582002018774,167.62853402866128,29.55278170813419,71.93033006623233
358.85330756113586,167.40442411728998,29.724366131700506,71.8141459378069
351.8553228529016,167.6137516894379,28.933953826672436,71.39568205235972
345.33789974037745,167.32626352180236,28.352108462365308,70.73212143370465
342.9787974044696,168.05738907158027,27.456421055781327,70.3172021441464
335.01470013704466,168.67906600831049,27.04298465496226,69.97095479896812
328.19856103465446,170.209041028941,26.542377880494666,70.06156799775843
326.35654478295913,170.06331993985256,26.23800229520123,70.14918771218443
318.70932607330764,170.1589677010262,25.93124533279038,70.49954773030348
314.8552406158973,170.12911028978513,26.42864277959348,70.47032905511827
306.6635908664191,170.09688898888453,25.94500464122069,71.29869732849694
299.4972027490237,170.36274707899688,25.189095840306035,71.89084913685868
293.0674884373315,170.8666763051769,24.831648433722126,72.72400459288482
287.2347270442833,170.94989347501598,24.43956452273594,73.87044850428245
284.5511017821417,170.17669904811456,24.216904062979854,74.35445978602563
276.00031969523525,169.2391135250022,24.41564192758866,74.75441027122284
268.94214661207894,169.1447600826387,25.072248408842658,74.54320566288686
263.405799742687,169.33283954576345,25.325392587079648,74.30086643592479
257.3011310846736,168.66008893567437,24.927509253387207,75.18965138684825
255.95482776434451,168.43887220751625,24.43376340266669,76.55748277569394
249.41752703115054,169.2165594452338,24.00395317166695,77.62055751137945
248.60500834995713,170.3698255171305,23.467496040569223,78.81121918091004
241.30663969486488,165.5724033790882,23.527081060409515,81.19757546947633
234.19308667204288,168.06624110765614,24.05372953311649,84.41535483869538
234.20226373823562,161.68166012264132,24.680307670781048,86.3145588848359
232.0808813297955,145.88062080523605,25.799562603780693,88.12053118114548
230.46142755080055,144.110067459483,26.65707959017633,89.93229529280998
228.97336309692076,145.6123449111413,27.200744375163698,92.59612160363523
227.40659544954954,146.81093554370858,27.845632924224375,95.258629383453
225.64749595240718,150.0293706347078,29.220581214697443,98.04154870645948
224.46383773888223,147.15823494444942,30.355540378182287,100.25597088958853
230.71077216778562,144.38831878793766,31.356324268483455,100.86389840982638
230.3795989107231,141.3398864567365,33.059831962150994,100.53779325411348
236.20837002542862,146.2740390915917,33.93207870368727,101.46651175759644
235.93771434912932,149.3629731216855,34.563552534673185,102.70386443486612
237.95196708181842,149.4842058522159,34.86893369267757,105.23607410464948
239.51160435738714,154.5501129836424,35.13780220413166,109.64590679919391
240.40197570450732,151.75967382365815,35.993840725559046,112.51397746382793
243.0445986884942,161.16687442729187,35.88509841587993,116.61230933456339
250.3537673280756,163.31458606702023,36.4039643532699,119.44210015499075
256.44249811093385,158.85577896941354,37.819891344987454,120.24810965965236
255.9738611534637,156.34452067292233,38.63047889551547,123.03848761890677
257.1706295674313,154.59014556014,39.73184372468471,125.23009428501553
257.0923701279675,153.83039714007737,41.505643325276786,125.78077699054302
258.1098256278385,152.77508663805395,42.72549068353649,126.41383652074344
259.66138504934844,153.34325039283098,43.029269862214576,128.66697172061623
261.6076023768672,151.00465365212193,42.66882954998105,131.21320163811527
264.56525692049746,156.00236449629418,42.26717421790856,132.02092059002956
266.9286587408108,157.22799976624677,42.20293294758208,131.9577535352318
267.4681383666572,165.47472309654682,42.44285008157813,130.2878017858255
269.37383668897587,154.91234428010418,42.13783876332622,130.99462500098622
270.596048237401,168.1220157547873,41.15859856690474,130.70135588890025
272.1350343273263,160.73507154098567,41.99296988909883,129.8067167133541
272.29681343926853,158.61943207716124,43.16253185869581,131.28770739294083
272.07629425566466,157.46275041182588,43.73022605783656,132.5215381003205
272.3522466823372,151.79400454153551,45.082459054299306,134.41530425496376
272.76856472317496,155.5085488456374,46.80426561674305,134.34313302804665
282.8469760125946,158.9150573225799,47.069607954895915,135.6180152822304
284.2212075763592,160.11899134401236,47.12442518091288,137.89926371733185
285.5491680487756,163.03630952383762,48.55046729836646,137.56256694432074
283.3049589455852,158.45701937709327,48.477210909868106,137.3349520550091
282.36406742512355,154.01117207998948,46.553128424592096,141.25829433140666
280.66259918227695,158.54379038452072,46.19551584183434,144.43299931932904
280.29767881597996,155.73235157245776,44.29238051928308,147.7308170527079
279.04381696526957,156.24001890439686,45.148631056145376,150.15180865416477
279.2235992701618,156.48232958019,44.996549737986975,152.4127789430509
279.8441079353795,155.8647892935128,44.8526013133819,154.60895979669016
279.5710420445574,156.07577406893472,46.209184483385194,154.92996250059943
289.98357868794596,151.35306103961216,45.113174230665614,156.3778299654946
289.8635651315536,152.32964217348956,44.18651874247532,157.356598239732
290.6867477990933,161.46397425206482,44.36398246222841,157.90401226861658
292.5116087583404,157.87312147066592,45.056240524203005,157.17122236327472
301.16031082631173,160.8831910278003,44.63976252046243,158.74868609324426
303.0189206243257,186.37703768512492,45.16205536797707,156.5476291311341
303.2232966461177,166.7593084334458,45.82202271144739,156.12536897604508
301.19172850367386,157.46320514846497,47.03794548963649,156.50523423741296
303.5040733528953,148.15949739196097,47.03828583193456,157.97979528875106
304.0472231199733,145.106552249463,46.93115679901075,160.73518785112125
313.67452860271715,142.2943069915704,45.161714290554286,162.39103374791839
314.5880927828838,148.46049475739957,44.54868259560337,162.29270038392366
316.1348330021411,151.84247083875408,44.220481211730586,163.07562894326054
318.8797260066375,150.8996740203109,44.345766976266724,164.70162509984982
321.3134463846514,149.70989358050696,44.16626824828463,165.85090379199585
323.6602044645757,147.49833422902378,44.20479392422091,165.93987933318854
326.214789788615,146.6680045725314,43.882398865131556,166.24830332894302
328.25209255012214,145.63941333964618,43.57555791044617,166.87631542461153
329.00751611420435,144.48315195059556,43.7598349316043,166.9947638103941
330.7548168509053,145.09407258910062,43.817246378581984,167.33562793098986
331.46829096392287,146.35540063270957,44.092106009106615,167.8647790089178
331.044506324132,147.84892019303697,44.74487346638366,168.72603152377636
331.83087611278944,144.76243403214346,45.398102011551074,170.26430545460263
330.8226646778305,144.1051958985788,45.15518769465557,171.2535822369068
329.83113021669783,144.26919723551742,44.647683449119974,171.3284498902639
330.9268176858634,143.8338436511316,44.81325640965358,172.64640742524648
331.87629299098035,139.060867105113,44.99677478593098,174.14174234559175
331.365958724955,140.64324372644,45.68901996693222,174.32251293716624
332.26926222063037,142.58576530757836,46.337192123683295,175.84766512553657
333.2788852047649,136.0534271926902,47.53145976816145,175.95107960604525
333.2292745280123,136.60057782390078,48.91201373370427,175.36282249302292
