302.5,135.5,67,81
300.0790502760935,136.85529022312082,66.84917097605707,83.11449661064312
296.70192842098123,142.40314152718855,67.50567212875596,84.60769933698033
296.85610737669964,144.94592326769663,68.02523525022464,85.90808403711654
298.2064194895476,144.65707705840575,68.66922815290093,87.17590239792848
301.36620220071813,144.5477979892548,68.74180264221155,88.0890454423316
305.69198627791076,144.6698609607298,68.75666210013097,88.5455390777431
308.4196461492525,142.64163605282923,69.16012846355707,89.56809912303645
308.06319664878635,143.62343881802838,70.87417175445977,90.601031516451
305.05899341441244,145.37750338711265,71.90048870370684,92.25760097905149
305.3861335529733,145.48917083583717,73.52114057265754,93.52889176920168
307.91469954241825,145.28445211224,74.22201945802539,94.36731400743645
312.24279531257775,142.6678297634465,75.2841411348695,95.90916413753382
319.09248771758666,136.6018080455372,75.2089952927472,96.32263781779818
327.86370945764924,131.29160650912647,74.25972197863769,97.17812542431108
331.8326230019482,126.91045941364075,74.32762838002994,96.66091960765311
332.6145838297183,127.06016174700767,73.82930354341377,97.05158729857385
330.51164292755135,126.07177577885923,74.17485834236132,97.96191734129316
329.09828572620034,123.19466992858656,74.62447799942727,97.40737793557628
335.07282669801515,120.62847066129724,75.29468831501399,96.50428643414418
339.2845000276948,116.36662510267932,76.25890631477345,97.42799958125673
344.6469972754459,110.8747872505178,76.34412776928336,96.82709677148065
348.64751521468247,107.64654017724942,76.27047054529015,97.07344878239729
355.38575135457364,107.44773757990266,78.18254234814951,97.55791126616666
359.95149577078666,114.54913338829421,77.2087092316658,97.78756326815798
369.6730869829655,122.40499644589059,79.33291534185395,96.44083692408338
375.76990639872855,124.94725257017916,81.40392685517655,96.84892320913661
371.82482038078376,118.88921142946532,82.23611930732591,96.68842086532014
363.02843982179803,108.90991912088364,82.43896686633741,97.80214540557921
353.9505868399026,96.69682459179944,83.97330442192515,98.36514285913337
346.24621845572767,88.57520181175784,83.6416933280314,99.22760819918483
338.14619267064836,83.62318790478608,82.69879484020652,99.79706608209807
335.7984820125637,81.50572678145467,82.67538318671046,99.98369712240103
334.93015603609103,85.64036072487268,83.03246394023863,99.62677226077253
338.28361299802776,93.38867874043089,82.39985793491367,98.96739075388706
347.5326682168067,106.06455129018724,83.89827803019273,97.3169014527142
359.56329772926233,118.63988349810529,86.08486370132636,95.36984459608222
365.6455673579679,126.17460921609054,86.78562843714037,95.67271810365419
368.13685070254445,125.16320853014642,87.13173129602191,95.33731272658004
365.0146874511666,113.24582046116832,86.88161962739095,95.66671586343759
360.98142884834766,101.76114827500885,85.58679154189113,97.09717130448213
358.860711395191,91.9744847144208,85.43506467452275,98.73922591894436
357.63973595935266,86.4239323254006,84.63447947823678,101.87560424892567
359.0799922293792,83.35860883469802,83.20709789864827,104.44237054833926
356.99234444592736,87.76740337343185,82.98744212201557,104.29979119834964
360.42031846539567,91.61915912058552,83.28633216825347,102.57690199560722
362.603953512251,102.87652549965296,84.82170480144106,100.2249614432829
370.03369677738243,119.59782077127093,85.17308901397598,98.75879988564263
374.8372039007784,138.94747641312404,85.7320446158169,98.83109886194617
375.6240643736771,142.55480104421858,86.92010059415281,100.59513497878544
369.93360076421436,129.37659945944253,85.57270006191861,103.33990294020765
367.00929765193285,115.19119689599519,83.77343908372283,106.34550039498319
361.8867578239325,106.65163595307284,84.10816126444271,108.2953507735647
355.7795805417427,103.69010847712883,82.88304172298744,110.08907556721908
352.9866901365843,106.52850254269153,82.54045062702366,110.8619806390661
353.321274280383,110.81413882747052,82.47075402769677,110.73335791081672
350.67396562576823,122.19299870347942,82.19658471583259,110.00439334678718
351.6697852974882,136.75949727548073,82.57488016967967,107.04207720254045
352.64390513800845,159.93284928275526,83.92137901975187,105.21310008618475
350.4317317746799,175.06860855152567,84.26011440302509,104.62228757281385
341.00956489214303,171.6533444756285,85.51207718116036,102.53172273754763
329.8708921042726,147.60997776981654,84.96850181268732,100.22872760302899
323.73007866601563,133.65968695319305,82.78861612358861,100.07731872724277
318.6909391478402,123.92981731769544,81.32538934634083,99.71128475910223
312.6862855690302,121.32150611524455,79.18277046331139,99.16498296966809
306.0527944321192,120.93628007300376,78.0759820233273,97.90161299451832
303.6174256264881,123.99698508044314,76.90080212360301,96.35215866048671
301.26232324382926,130.0756370010363,75.61779943423934,95.43807419491073
299.5530127476317,139.55584107414737,76.15073760536062,92.95676722971886
297.8657821664805,152.68935841166282,76.04983694362738,90.07743740393113
299.2008610036267,171.49571879263752,75.65247685386873,90.02599212415946
299.1084128910764,188.83400879923317,74.95878183951699,92.53859057776506
291.86300055336955,184.45535485187355,74.15633163547511,93.67870429676405
281.97823116373837,169.35213587019624,73.76172208404898,92.92478268675443
279.3655684888658,148.34906505722782,74.30111527437029,93.52123727045495
274.03798673435136,137.9964482040873,74.19266126783525,95.14912417497817
269.13786665910186,128.83048949412907,73.78923473132254,95.50140826359579
265.3097041859587,125.47350115130455,71.89214819384418,96.22179077962815
263.19575880406626,125.0767228638878,71.0722374630307,94.75793325190735
259.96777723643635,130.66919040762428,70.17325398497874,91.83935844733233
259.4300137652582,143.77277042884288,69.62596698728674,91.76813895665295
258.33351157166015,154.66772529149304,69.26532695576648,89.92485207986334
256.77338681076503,173.1094652584947,69.78330682805107,87.18781455919007
253.7309321463111,184.59668128796008,69.78963863849584,88.12009980067437
253.36358972020628,188.47958615663552,69.28008094176289,90.07967477554273
249.67660767295308,180.8428279373784,68.51497738642794,91.907652693244
245.36485102852092,173.44688597673974,68.5940456374505,89.5530446101268
240.94831581150288,173.6703553392594,68.16262308290013,86.2681759210219
240.17022760627225,178.94424889791532,67.46621575121968,82.59815493606482
238.3718454257847,186.05302647808492,66.92610352909541,79.18471793215875
237.92881757666058,193.9421839183816,66.96022688052284,75.98899601573774
238.1599945487605,203.70402530727344,67.54987906177315,72.3735545099267
237.21607590506636,208.0934069214385,67.0049270234473,70.16143404282704
233.75286405651482,209.45685642105855,67.08586312594588,69.28099979673792
235.92228822318157,211.78905399547315,66.85517195051037,67.85343988922644
238.35744066242847,213.4413681589474,65.61671254625972,66.45341158650129
241.24966095702226,212.6661038321289,64.88368072477232,66.10112227558443
202.7329482630127,172.06716053710358,59.718604525877375,70.54658271817411
216.5781893810851,103.34081375630933,59.937235220030374,68.06279861862983
225.5341919621635,110.31522476642743,59.40316928211678,67.7271643883106
216.53789105694887,94.3840960175406,58.76969725526581,67.05327381479519
214.42985832977985,104.47766559028905,58.68710052393488,65.79621889781393
178.85128471981864,151.2549038682558,58.7669848654393,63.82153054988821
193.62188905057164,129.94936589185713,58.25366164094504,63.26685027709964
225.5725636426106,136.1904788474138,54.10977781941594,67.57687023085447
235.92655204043248,110.06094648614106,51.952294264128625,70.25054676980618
244.96355599715326,85.165236830005,52.57141493650252,70.4676595940412
236.71232337132258,65.29315027429007,49.67756938188946,73.18990582558827
243.9520498589933,35.02897855382392,48.41363821898699,74.85647863663775
244.29196312420964,28.06942687140163,47.39692215336564,75.56798617628701
180.91180729420503,81.72858293354521,50.389297106831876,71.60024473071078
229.1438483839804,31.416897186900677,47.492086570347524,75.50400410241782
224.79284258837833,34.61542568870452,44.62770526299211,79.03313175304598
224.00968167200105,27.66687163063456,44.20999410719837,78.83954830271861
216.22446069909807,37.09081051560638,43.956122889247006,77.87480346734529
216.87402245175696,27.617529649238975,42.8937444583206,78.28007491687697
217.86832592222487,25.131604350861735,42.67372427218366,75.85877279985581
216.7324295928755,36.96561932386956,41.5601860154314,76.32586896773176
217.16769562496438,26.22531846129513,41.429522830571855,77.45069676709937
216.50838856114612,32.47276507371467,41.41921599778201,77.72895493996538
216.2778416980121,22.99902235861817,41.21415998859929,78.01175988920134
216.39280810080797,35.46693867601269,41.0320797736877,77.30081128761543
211.41759246677844,7.966011236101991,41.73428964434688,76.38025710981964
206.1008163634609,6.598112264380198,43.131884705291064,74.73845772126249
214.80718344868671,-0.8328058939628065,45.72944640275931,71.11143486131276
202.17354285037553,12.430187733590195,44.74018348622251,70.73497229492746
211.40499816476685,5.324346410210438,44.32880178810394,69.76150384152828
213.50682328038926,3.2760059294562254,43.76342670334347,69.611079204587
221.51335748046247,-1.4365367837655896,45.58415575803103,66.88864265837438
227.6581717956258,-4.169084688296465,46.12782199617362,65.45367542956382
243.95289845125382,26.55228781663631,42.606506807476165,69.94004571510843
230.21898268258047,30.01087498249641,42.590093044529915,70.89335430498856
229.51977419397136,88.72099317590896,42.35523737389049,72.6541329328119
227.96493321687123,93.74957783259396,41.91795110642629,73.58818886205667
220.2993249494561,101.49034934516004,43.198536118124274,72.24965502271552
227.5017505606609,104.97293760889288,42.60551064797297,72.4527362085677
234.7680187207262,72.39706467109406,42.177494171897514,74.13165417278839
243.68369428969172,50.293253929654675,39.582400587067085,77.05658370010075
243.21853914666195,65.91803898610729,38.86624354505497,78.24663074417795
243.30703884361023,43.25300908878174,37.717628955884116,81.29606996387787
243.2970657175819,44.579154091623536,37.86893763124153,80.85718604416229
241.46770301755828,47.744493230077794,37.503994265267,80.29094115119543
240.02322506604614,50.37139629180326,36.830520740190686,79.09617795834752
231.3905982089623,60.80319140370444,36.99086265015916,76.23321715959399
226.43524300971458,66.86145241664099,37.206271992746416,74.93881389287615
217.4093254799298,108.09866116238356,37.971354351510286,73.72955600832461
208.85128670176982,105.44519871031494,38.47948741930488,72.85186720778047
258.602033438701,144.68646973577808,40.924321154915134,72.15480184142449
257.68280776641785,141.0850936261118,43.26004937187796,70.67043266946067
248.70622808952095,141.87240279645152,46.316117813806486,67.86068187295544
238.16866505824464,143.379085970015,51.49703210725514,64.51254246216877
253.78492840412696,163.55976619718967,51.02806475692116,64.33142263892297
244.03760756030692,154.3469647956726,51.92700713425848,64.14720984442295
241.69167251986525,157.33493588931043,51.70904235338647,65.28961625562752
241.1556392732197,154.3006482977397,49.63458942414644,66.71368641481266
239.88972898670238,152.6186576348703,49.605217007831726,66.62515809890414
223.90509780203277,149.90672700390556,51.569033896824244,64.35689690142196
213.0947513555511,148.8335310784768,52.73877425988037,63.68314862891221
205.05700494215588,152.32586265337753,52.72702305285733,64.31385241484071
204.59049668353322,157.47045878377006,53.66941097463871,64.21308807916553
198.59513448525774,162.7436797834348,51.70254908273749,67.72552402478235
215.1483568020322,136.94945566407233,54.90824968234293,65.75648477571431
221.73917824455853,145.68759832046652,57.391951035571466,65.2789215393419
230.2698702199359,150.06559082538126,56.90855857041245,64.94601983487135
229.02131953198273,157.2791706586258,58.75526479136581,64.59619075767674
238.22753332239768,148.19353281916693,60.17352759444704,61.79440964338151
245.261177264224,155.8016506246894,58.7601837262973,61.59509602940692
259.39547671758777,161.66161907416316,61.1795311391498,61.66067777669964
262.225783014374,164.90582122158966,63.30828240666146,62.38933023309784
270.022175791586,164.6461070997928,64.30280764325303,62.56881289215598
275.19832732535485,170.49122231756448,66.55239609335447,62.094733694100384
280.7542516406047,177.66638220423974,67.40498113289868,62.63149125229285
281.8167946243471,179.09981671789984,69.45243106171519,63.89562846581739
285.2289296443812,180.56251663711927,70.25597293036893,65.96917147939877
287.20090177547286,181.95278999994198,71.31695678021558,67.73759879092376
292.5060445532466,184.3473355521337,70.56867264373547,66.7207955321519
298.33648037266335,188.53418361723382,70.7923663582956,66.10865507364356
306.4801672047057,192.00159116005065,70.00548097546086,63.66626638342616
306.97115833842486,186.50255083547702,69.86569457651461,63.08273826029557
308.82005925874495,184.3051118005319,71.12615660992842,63.257459183731925
306.1202370851403,189.51473848795789,72.85585547869852,62.800316328289156
312.2202572137499,184.6203926550579,73.33386049430632,62.17779793396949
313.01109076293267,181.3077127777202,74.49766320451927,60.90406501438949
322.5793080807518,183.73330591170023,74.79273758682541,61.00101412240607
338.623257355663,178.20634146458008,75.55892305189565,60.60099404203696
339.24657946539594,176.06289433774282,75.66551884555226,60.03076682812116
340.53054566842104,174.4031625813958,76.36692910040593,59.57968986496983
349.86417634019716,187.98548483877755,74.5822055986506,60.628929703844065
357.63732352225105,198.85838555547662,72.93139139048768,60.62305937701329
358.3488280804036,197.1329930748666,71.70183296349828,60.48994221764316
350.54122727960396,200.26381197723768,71.28296550381836,60.47261050039488
351.68553974627673,178.24458408204032,70.54973486235059,62.2290914983091
348.7336116895954,165.04756056576497,70.8264299497122,62.87990389646043
344.98483578796015,166.38459100018437,69.88557862340511,62.87672382214676
343.8884939344135,163.83161178492315,68.95713901659467,64.43477418496592
342.2432327532495,172.52222233210358,68.2082493572856,65.98164604714808
333.3946812725943,180.82776527816816,68.30475302965552,64.50955818663513
337.08999646478514,190.1415146895029,67.52765661896775,63.868631629590574
341.6557365647519,200.18198035578394,66.66537102200056,64.7732425943918
344.6215417575146,196.8090849924893,65.19049147906543,66.25731743200409
340.882123164752,183.38485204843187,64.87000415210896,68.01333413188652
345.385521007801,186.77493728952857,64.66581123395537,68.52972727502878
343.4194011225475,161.3967289485268,65.16590636258604,71.4810292109386
337.6778561350377,154.3776996837132,67.10274599428293,73.30804819741392
335.8173987683996,149.26648664139037,67.16905390840638,73.84224567488187
329.4262484728601,178.08858097891797,69.21888017239796,72.46219045319576
335.4404021473892,160.4305821456497,69.57380684738757,72.01776636680262
326.30267764132566,185.9010846439883,70.72406321730277,72.60913670581881
324.2744501148371,182.21038653105563,71.11244390084921,72.62625080048903
316.2839271844626,175.82511506903282,70.2562133028581,72.54812944078225
306.8746521849909,169.8492125714555,69.70592022318816,75.190563441369
304.5434479627535,162.54673609202746,69.36015329458559,73.00028172004929
299.9271267856393,158.66811627721873,68.42117814087939,73.27468891787355
296.22112157426034,162.26494333876374,67.83013775949915,72.87736381623739
295.8910539341605,168.35362741336044,66.2634191921952,72.76824250847466
296.323927137282,172.28564515313204,64.21686853332767,71.6293509383858
291.8268375172655,183.15310164882663,63.860610609053964,70.73867050620072
292.6877681193533,191.26445766112096,63.56003884884815,70.27590149003495
293.97539233348135,197.28385489963995,63.84152708059571,70.49915191961313
295.491671117872,194.02532392678194,62.42779804689444,70.38841006283897
297.69296315852597,186.85564390049393,62.56120277326465,69.01253345159661
295.3000046200255,181.65074675506222,63.66204122935493,67.16850255477694
296.86177966666287,177.98639462212674,63.80359137678764,66.40788854519623
297.5148294168699,176.246055700338,62.74585431326418,66.01328886954762
297.0327017499015,180.44448046579032,61.9067172369226,67.10979890437787
297.65044599148695,187.52583927962985,61.417973624891246,68.05339879684036
298.0088517456539,194.72136479504258,60.47022113385799,68.67424962148371
294.12460353566297,196.86330691180402,60.175276277289555,68.52759626106871
295.8205407227621,187.5042288328312,58.979849752365006,67.52475556232493
292.1987047108109,177.5397279689719,57.81409222609653,66.10426998535597
289.31801912584825,168.7027783191486,57.05509672732062,65.33704532260025
288.28089997838475,166.48436188685997,56.11406741169762,64.03766736411839
288.41770408366654,165.640505782378,55.03989896515688,63.30908547518196
287.8511924319991,169.03217420085736,54.035396710020066,62.437943367074595
288.71453401031476,173.4643833532123,54.00585520072768,60.75102101878561
290.4736581714795,184.24688957914537,53.34350692760783,58.78984653383836
292.1764138380822,189.08226220028027,52.591998022457076,58.86133170691282
290.87948625149863,190.8042758536343,52.730555248694415,59.72176206469451
289.84745744255935,175.9519721266164,54.09215824001278,58.71577915618148
298.5592626746174,180.58296938541008,52.718968537005026,57.07527511710978
298.8026800933699,186.58363851579014,52.50139255627347,55.93311826046339
300.46047268927424,192.01826618541992,51.487590926171315,56.78955662390159
299.83236701667937,189.80426026336363,52.31681030201405,56.42035777465482
298.9242752330944,178.9185049582178,52.557197145818094,56.46409090386738
296.9416279864811,171.282423798757,52.56188697138121,55.883058986033575
296.15130172500574,161.8131327076219,52.26222705155233,54.87700577706845
300.23167375052446,156.46176704931975,50.94606222033302,54.89274730943202
303.44336785265307,151.61312615437166,49.59467308910442,53.43229136739461
304.39736148366944,150.777079595094,47.55773302584402,53.01977140115683
306.07228668928985,151.91438429649142,45.88961133526822,52.17271147975391
306.43401760827624,156.4026451811548,44.88973474528897,50.98734266452866
304.78858593073045,161.0548718099861,45.30698450441796,49.884154741949075
303.52886308273105,159.21205562414923,46.75665652640553,48.92395028348369
306.50246783087937,151.9371010484653,47.37493918327669,48.10399020267378
303.9733406583686,144.32822882570565,46.789583527687746,47.88537333532692
307.97544146952004,136.5025265111738,44.68754779512493,47.54573296622162
310.10892252918495,133.81063430858433,42.5640669303728,47.11163054202437
309.2777651679206,131.25448972100224,41.01386462981481,46.996076909418775
307.5952737588762,132.0767616975186,39.990448800595374,46.937795897746525
307.0949792258841,135.18596499848192,39.91367437552121,45.89524350190511
305.8584754454856,140.84898629698452,39.68140568547898,45.35455170446047
303.87615244753925,143.8529837008637,39.91567043099024,45.59336018039353
302.09006257854526,143.88724536925605,39.42930267218249,46.77212375938788
300.08432821611984,138.30193557658808,39.19433050958215,47.4308414892551
297.1354588031021,130.7181706973243,39.56414384428466,47.3086440367841
296.2885992450232,128.88979864457627,39.68962732468509,46.738473259620235
294.02826297606924,128.64058735879954,40.25083865043478,46.11580112749941
292.05733704780863,128.30953701267353,40.84840573408301,45.172815373943045
289.9875542426328,134.31805318695876,41.505478659116676,44.18475565110498
290.35561940716656,139.38637138050254,41.07152528241129,44.354716019998875
289.86467369230775,147.35918923348402,41.351003808820025,43.70438461243678
285.88260882227144,153.56364775675104,41.44843766800273,43.06941146696475
286.99099323711124,152.41603281865355,40.763776668370745,44.35118476013666
284.5428107831511,152.68161456905003,40.53636084890457,43.99475540474662
284.55427654339667,151.34669588564992,40.83519147297892,42.491279153840566
285.4309046780189,150.7023765845817,40.386327303114946,41.27346209611064
288.6655151885319,151.21503454650752,39.67820275959747,40.436118509266535
290.25813383032687,153.89954472089272,39.66158653924004,39.734731217136726
292.2765316338566,158.30624973941306,40.09739043855873,39.63114764951747
294.236847344359,162.3780180223081,39.544554484930714,40.50636699650814
294.29289594463825,164.20548026437964,38.68883802120001,41.86021536240166
294.45448674882186,161.3267829555837,38.371995525129485,42.49417495954678
293.5023545031389,154.65146018502278,38.33412551694546,42.74696684008512
294.6144529405181,149.3823945553843,38.43985942450528,41.864469551693595
294.4612774524806,144.72494543045835,38.228235189436724,41.93094994723644
294.35405193566044,142.59778963795085,38.30098334758215,41.305362507288066
292.49450894396904,144.14349679452832,38.17598959807006,41.19157356415879
294.92149647989663,147.28327359820355,37.60094375976588,41.14759706328417
299.1090006532273,151.09567684394284,36.50682349370137,41.56250729238661
286.34385808960576,141.0742680572682,36.97936745578343,41.30502236024271
297.9204785813789,147.14591427554825,36.64451827216391,42.1566468395762
300.0530593781334,141.6375826192681,36.689157303502284,42.17132746323267
301.2691352848084,135.3305597721276,36.59162525066565,42.174951023114254
303.4494801873877,131.8940153896304,37.29287182398602,42.42883383641798
305.7597892438253,131.0339345079902,38.042383296376855,42.4842936610692
308.45298629757133,132.05759033786663,38.826606769298735,43.09865507031661
310.1037394557879,136.96953419574027,38.48316286322019,43.10327763899316
311.4223283541663,141.77597095429837,38.003880869914845,42.733680717946285
310.99603132833016,142.37940143647182,37.453900978449006,43.975616502714416
309.3935275060418,141.8215709824223,37.25830699758333,44.95801085753073
309.95109642597254,134.99526536342353,36.81145899794323,45.950489687386145
309.92698738059727,130.61822433110703,37.41596264882481,46.18595698303723
309.7236532859571,125.65819002623094,38.020827130028735,46.27081956099007
311.4333723176887,123.61168482619448,38.17294372736265,46.17119490170633
312.33989461141414,125.5237345120168,37.92015204480362,45.41848544362064
314.05016928938795,127.32695142287143,37.45521320254319,45.91349205159886
309.6319877617943,133.03466168147787,38.09356104471779,45.25108133052857
299.23440758502556,131.44711874587716,38.7962359703988,45.80199594471093
310.11201444372085,146.7368295015817,39.28151793477089,45.54657193086048
315.4941125165216,148.64355062053775,38.74364300956729,45.90171403971961
316.5135006553138,146.78450009525378,38.39539536319333,45.8330120831617
316.3747831163277,137.1948064370624,38.70521411778387,46.03720446851419
319.4874633394927,131.6190784451854,37.90881447162473,45.3345134948707
320.1007281494381,130.75139918644638,38.00070418900658,44.46385799905833
319.77396152806034,129.58789333364598,37.95296005654082,44.265681973869974
318.20333481757416,132.17316906249354,38.10687064304061,43.95702560055596
317.386395114139,138.85659605537748,38.097683882079465,43.442423621318824
319.2409847165264,140.14112828531424,37.62777131129214,43.67308612448851
318.98783766471666,140.35632029884664,37.39258816385873,43.7145459063131
301.7039585464375,112.77939259827905,37.082874476588906,44.074639100417045
317.94967035649086,124.91744754785529,36.95359151199983,43.303190761323165
319.07829639453956,117.97582368518071,36.803007431355226,42.585594103432555
318.4068755618857,119.54536975971624,36.236220109350576,41.692221387192305
317.11435618839727,118.31984680354408,35.474079681904314,41.71417989910023
316.7882991274886,119.51528036407937,35.119182747775305,41.72274090722582
315.28587598450076,122.91470223658703,34.462681406111145,41.75184668613626
311.84990274059123,127.11043063935244,33.856255320077736,42.20545022911619
311.7080254622294,133.66050338731245,33.61273961932843,41.6138782653007
309.4098791532123,134.87465940111588,33.495696246456895,41.11833350968937
308.8476905289478,129.61404757894047,33.014546570852566,41.21751526103482
308.53535675039893,123.55864946725237,33.1695777770801,40.87066702182557
306.97306561703243,122.48225220730804,33.27780476770529,40.86436434704259
306.8457227319092,118.68592369642138,33.29507611830087,40.77092374689816
308.28926240090146,119.65554630746183,33.226661807934654,40.778617397154605
308.5311104206145,122.67557352865447,33.379673789672594,39.59802140127203
308.17299083246195,129.05212884590395,33.581612917626366,38.87260260789853
307.9977538411158,140.22341479589994,33.39430023774001,37.94404170949347
307.6769953944027,145.43588436960806,33.57464714324926,38.05436848462366
309.34956136052193,145.37947932601017,33.66250647726144,38.38187739312565
309.27889585927994,139.27952180025537,34.75260013500365,39.57471045916161
309.88634158843945,134.1508456798064,34.948158777583345,40.85731408860936
311.1059971166019,129.50584001224505,35.529588230291644,41.210981277003555
313.4060343294369,128.33703497883332,35.38339029998292,41.152423111862916
314.861850030734,129.82309325793636,35.069826657856275,41.24269163590166
317.34517549210267,132.1349134652156,34.917000388744476,40.6012728247368
319.8603746494423,134.92505911415958,34.21283307687281,40.67000076818181
322.7510349730538,135.41528577088707,33.51795346968887,41.47316149414789
322.76444477908984,136.37508927270244,33.451949216523715,42.56909509034014
322.319660622135,134.33906201326838,34.24168810253543,43.428329794526306
322.0723063860101,134.83474450554675,35.06632723789417,43.255566895083064
322.273480283442,138.03040590350147,35.353312941508264,43.32558214238652
321.5039255057303,137.5653655572559,34.942268788473655,43.06500903391335
343.3412321865916,153.13508438877795,34.476658875237476,43.05230133607918
339.4000776406052,151.41492971781616,34.21928138273751,42.95209191732158
338.7477126196883,152.6485184358549,33.859556845218094,42.64633268078328
338.26885838580057,154.21088161270586,33.44911722453832,42.251222969079684
338.87037415382866,155.69502998233278,33.32841925324049,41.70302405773718
339.0229657473064,157.01927720259607,33.09824359435163,41.443059871574604
381.2001307211917,120.88949223844591,33.05759620273335,42.14395975592963
383.17427352913796,113.60419626861591,32.02590008536071,43.556084402804004
383.5907518181582,102.50378659894169,32.04163753379038,43.26873502572179
382.17545928018615,97.35967908846948,32.1129974796534,42.87589974606804
381.0029411431555,95.17515769971868,32.15738339551456,42.65768752250152
379.5895374066692,94.13071197270867,32.1336120835446,42.15648655594356
378.4831584716998,96.3319895536336,32.127712459891995,41.24375807332343
377.44178959773177,102.00405642375333,31.294519459842256,41.42654942005906
376.66268119943146,109.3939885801719,30.74539878161987,40.85769413279568
376.15537937985897,117.39163125850988,30.703220532756745,39.8344432304654
375.5590649490303,117.2206842130021,30.398525881383076,39.72366665788577
377.2824921831416,112.09430543181278,30.93059902546524,40.23161793059154
376.49062680391893,107.50532611584669,30.967232458585478,40.97107425081719
374.8903430415769,101.68032992854299,30.62317517781908,41.33327060491676
371.8463802569863,98.70975704224713,31.17190139473584,41.59803431268914
370.8656848399273,99.7207728750335,31.095743686831206,41.03478579683565
370.0346295495707,102.62979713466775,31.567058607525553,40.47837877994751
370.0724857961429,107.19499402483814,31.904419683917226,40.073327750156054
369.41586352178183,113.78250845720407,31.782842507747773,39.78255810936218
372.11716023892734,114.84565672428872,32.22924475903416,39.13362957236241
374.64923712884047,113.30086113973104,32.61157506810561,38.96204177114084
375.3887575153946,112.16149309899177,32.90125635233986,39.077111365879276
376.1613426576636,111.83864004754236,32.739162377959616,39.345176863805264
376.0520423983218,112.591943186072,31.925224125013816,40.45604609638952
380.1320463968338,116.34163802297769,31.6362664858085,40.05128809448366
377.6576209628137,120.47071135312079,31.416718496731992,39.21999270678047
350.30673203599605,147.5350523162328,31.56528895290638,38.23483495047832
348.36551704767265,153.12534778473164,31.86295564105528,37.24253079479167
348.89135015542314,157.09891673691055,31.632187302770653,36.77454270885426
345.8215404450439,159.91026246801576,30.254955775195256,37.527050564575966
345.98352559472653,164.27377133552451,29.305448378376052,38.14829275540076
316.40269944917316,139.4587312632034,29.07965712700225,37.74700845912505
300.93979214372473,136.08104455777672,28.89216759971558,37.23555810136264
293.6589500251906,121.75550146917905,29.47116293297512,36.63254920104333
