122.5,51.5,51,61
122.77728163651948,49.5996807915566,50.768876205835255,60.3324553762679
123.20071807585889,51.3958706455675,50.0536223186506,60.00711830511744
123.62102259887683,51.99929535721647,49.716054599614395,59.347337716124315
123.89887830890012,52.85676263327113,49.27543817655656,59.33251538764017
122.67249444528431,54.47484556696433,48.97998021485385,59.35405568556749
123.3716417029017,55.18404895519732,48.95603851238614,59.16208802748683
122.65515638943184,55.214549054233565,48.61661233642363,59.24432732755277
123.46655246280758,56.69359679415062,48.39331018848958,59.132847639039454
123.56913947137929,56.66617354223436,48.40050273740816,59.1220910729109
122.7401272834843,57.04823502771632,48.29718840241321,59.14875335499492
122.47102513559584,57.24915866027934,47.85409639730208,59.38944916733776
122.9328058576597,57.310031813413005,47.709213906821965,59.63432769322376
122.27663978935773,58.12649089056559,47.438707746535634,59.61755824916943
122.54143507764003,57.56831419363246,47.259726591701074,59.482463369376944
122.10921082009675,58.73765623886147,46.976127182745905,59.49829816929979
122.14961762820252,59.41362435836455,46.624794727175065,59.58602355234105
123.02652766476271,58.52628937438668,46.54188250908855,59.64329618810532
122.66859589395119,59.46052362302273,46.28034336363885,59.6235052068168
122.80138987490554,58.76702099888609,46.13227463138065,59.614010106045285
122.43403454741356,59.72268874499601,45.971892143378305,59.66929088675177
121.74075305619445,59.48218020065944,46.096477334030354,59.311408661021375
121.9556438789262,60.38064982436934,45.9143569364163,59.71916821464222
122.36830274889608,59.70471943861532,45.83888958881814,60.01458064573431
121.56612975784317,60.20012129788843,45.79721348954885,59.88446996469802
121.36892216787979,60.2645734164206,45.732749735092234,59.961418936533164
121.1919158965895,61.33861852241324,45.72365698058418,59.53570542876388
121.02694517294462,61.368336136917776,45.51141300211558,59.7164317825824
120.81597960505655,61.09387291700832,45.33461458705325,60.41414268103854
120.9902237740516,60.887072948494186,45.22738498948824,60.37703062270357
119.81680757680073,59.8366065883241,45.14389426005812,60.126068010707314
119.58356720800167,59.769627683216925,45.16588802198638,59.923887304257164
116.92732980047685,59.41585119016304,45.35386208554063,59.18702603236171
115.12821601011493,58.8588119119611,45.72098672284408,58.89023808981844
114.89388410755618,58.06344105027913,46.08632751537118,58.38536585673096
112.03426559532093,57.229617723271176,46.73958648960975,57.72504844328776
111.64289802745743,55.96086410281346,46.62596647320661,56.880567635649726
111.0625019156968,55.08633271844216,46.32325712411894,55.97314198581323
110.31968418777794,55.966996457833446,46.07066831199707,55.244584067844556
110.1422861130772,54.74840011555695,45.83042694146674,54.33111213676646
110.55233047821832,56.4898089423167,45.64523872149562,53.9805040226604
110.32936044962399,55.42664107446442,45.62875864294781,53.54212198874215
110.99502656990944,57.132056517214934,45.50787740926626,53.6433135985109
111.34561565566699,55.57439332832379,45.493945381569056,53.44710461786424
112.16244725710936,55.19088321974529,45.65629124240503,53.50918117809985
112.96134000608626,54.02659174078081,45.997119040006325,53.30834566755347
113.76061732415639,53.104650943908155,46.11236697993114,53.153817513221384
114.8653743393606,52.58644501348947,46.20303004684329,53.23093374360375
115.98747426518105,52.84863043608087,46.38000042988254,53.78226163175071
116.23156452004025,52.615337474721855,46.62521329126933,54.04648653700315
116.42721241880173,54.560207156977455,46.62759100310575,54.4583399993352
116.44998051180214,54.621008700680335,46.5460538798815,54.63106733003934
117.00596577378974,57.457832097089565,46.48513521099358,55.37975282405559
116.64112368644867,57.76521004016778,46.541142537264165,55.67290788093048
116.8819865726142,60.51505683804774,46.33156349654817,56.92519125202846
117.75967154166014,62.12447552583086,47.32303999591052,57.703975412717114
117.12227031405526,64.80382416518268,47.91841494658078,57.817453255320856
115.70687917868524,67.22165803967707,48.248682471608525,57.94254991444365
115.80898487719566,68.26663438503925,48.2849820747441,58.32101868291728
116.03528614721301,70.0256114851422,48.26024116562598,58.063688653014694
115.30982164296962,73.70583981277593,48.566350437632046,57.855701155919874
113.72348972476318,75.19106111157402,49.3149720491609,57.63476884656224
114.23021219909907,78.31854523382759,49.60461755363703,57.3291352234845
113.01364663488852,80.10287159885803,50.4646140213373,56.674164715789956
113.25044465181655,82.65917854386721,51.00830929493057,56.139691561397825
112.47950418558887,82.98056778178997,51.889050023909995,55.831273983093354
111.30949994627927,84.42413104083265,52.87965607485582,55.58904564120124
111.75811408619589,84.22170587588508,53.852760274499516,55.388835036075925
112.0167865635913,85.83035053788477,54.55867202690019,55.1404411474098
112.69510202504436,86.41826452377607,54.95270128503957,55.2821076872315
115.46282610848694,86.94020347828453,55.42025814592542,55.26677170078388
120.62023389110414,87.71325531325076,55.30563217114512,55.22863633739285
122.83202372030962,87.58565572349717,54.198219628899324,56.16507500264069
124.4892854978975,86.726130141196,53.998066658211485,56.20295236582092
126.07837634415282,85.26428967375617,53.83651394633746,56.261508121409804
125.28455941734225,84.72945611817804,52.882395938386296,57.01681634250946
124.98296197583953,81.80437762793,52.51042539466065,57.02930919565567
124.91753311667556,78.9475686500563,52.49037824891579,57.39511831351246
124.44625178473153,76.1135299660074,52.331205320915416,57.758044695892465
123.28490590682523,74.19640811606384,52.26075366127696,58.20448865594196
123.68640419758881,71.5222539293371,52.30119278445791,58.18276281156096
123.78797752243099,69.80143289420481,52.42017136103277,58.11072084747801
123.14131702001343,68.39322588061786,52.744049521477024,57.893892887423505
123.18630618282948,66.9426749819342,52.86382384491376,57.602900120352956
123.28166017001573,67.69232702547293,52.68163434471781,57.54330927294531
122.84728814924159,67.18670887123659,52.88360107351046,57.48938053854077
122.21700477593146,66.40724169530091,52.91601351848736,57.58732779934769
122.95212454717904,65.35018875280952,52.841674940729156,57.5022704858594
121.7848128960612,64.13489489881088,53.285469514289005,57.28938337658068
121.12022098637604,64.80047808620222,53.776273950572154,57.349867678525285
120.81969731520115,63.065647631893384,53.64263688521089,57.04940176753237
119.3480930012964,61.886555591322846,53.21716932741248,57.28590463529454
119.4954905792224,60.14225035764374,52.960394629632916,57.26243133380815
117.21765961726351,58.000285633770005,53.02267076177213,57.099245360260454
115.32438831595435,57.133841293835275,52.99597259786517,56.90602579904868
113.8945319790626,56.96632306714121,53.16676835003305,56.21727022400968
112.30370484244474,55.976113392233444,53.272245026222905,55.4317408013948
111.55120615923849,56.29518692740325,53.192058891391795,54.6075215901231
109.63831047402408,55.32946159888849,52.95503841031916,53.767646897344875
108.09738476591895,55.71737896063844,52.40067509340564,53.42620102000396
107.05007078590066,55.91992633334791,52.169265646520834,53.10864550785233
106.97402817232711,56.52791661847804,51.92063745971416,52.70940288744025
107.19458398288255,56.985794477577215,51.52223685066869,53.044639109740245
106.87693326836772,55.37535334718329,51.26687006633088,52.38479694044386
105.79606226158047,55.437575845465524,51.24822553663145,52.09038028409985
105.56658574903074,55.48953520043492,51.1788134861427,52.00695034297705
105.3575196337078,55.039280115637546,51.15687672679643,51.88287455027627
105.45943884880901,54.276222455771006,50.92229139146089,51.85648723786824
106.11766334322023,53.370988362517494,50.86256509131337,51.561037016935074
106.56238325092585,53.904715839036506,50.64558970623432,51.15844416020671
107.21071927113917,54.57997568756999,50.546120944349234,51.562368585454195
108.05097522709488,55.03416437827607,50.41991923503638,51.99783990933379
107.20580251987388,55.46710698349391,50.35111807831901,52.181128650047086
108.70969810506652,56.588423343009744,49.80288968640665,52.663168486938886
109.56462612913907,56.92550406753282,49.56975349452374,53.45071856380979
110.79790173425175,56.71980497025929,49.47986334653899,54.64244860840873
110.13519640873224,58.935936003118286,49.86649094799456,54.97966152590607
111.05362457581114,59.32078987918733,49.4775617311845,56.04965423420194
112.47832725641717,60.51133629987675,49.40655631427786,56.73737757782065
113.04507154951062,62.50236999492228,49.521612063456246,57.458123813065285
111.89145048369014,63.80353150118498,49.571446291425964,57.78151505491917
112.46901606272878,64.06626248049345,49.75782483317013,57.431688434131814
112.99651483853815,64.28081217116822,49.899900502758065,57.57989949570677
113.3805944600415,64.74225730751391,49.991805706677496,57.15566895297297
114.62514518588816,66.66828678692752,50.53948008239202,56.97414818117272
114.69435725912226,66.25564701705883,50.31876036912654,56.5629340142069
114.65819929350737,67.31505932452839,50.258078340504106,56.577253062674174
114.51996995108041,67.81887653619175,50.06568510141547,56.19741373955955
114.4990536862652,67.42416064632654,49.918773190371084,56.31868728612424
115.05924997489362,66.44733535876891,50.02333855607692,55.88554639357287
114.32522782069977,66.98513356683887,49.96231618260274,55.941466314827665
114.70942021424334,66.0698540978963,49.80809819172302,55.987439657581874
114.5781525747156,65.66030636397093,49.85435041761876,55.71347057884755
114.51435373605416,65.7732422915517,49.8331491672769,55.531994364178445
114.99291543456555,65.15732041992645,49.79978588635445,55.331388408980764
114.5253617860583,66.17496372643528,50.017259101528424,55.86204193764095
113.85705768743611,66.28985923003904,50.081441647222505,55.88152016258731
113.97644422390235,66.38116842343625,49.85089906583134,55.7205036538995
114.0333136828176,66.40966525056271,49.987482698536056,55.59205259127798
111.57468546779629,66.50756816426261,50.4241950383077,55.289422336035116
111.80903108968585,65.87177599551086,50.244181367732615,55.77200091716041
110.28540470523319,65.81015400165003,50.26777347684788,56.15679375184213
109.22685982297801,66.18078029550884,50.397020323915925,56.40295820637992
107.75272558189437,65.4151154050613,50.579978995444776,56.34111555628289
106.7636937211823,65.28651749231926,50.38892240513182,55.90555568260926
105.60329811979558,65.71269672856491,50.44452610599794,55.54098579792655
104.93409829084806,65.79337380826102,50.65216378288255,55.02058482170846
104.2807921191517,65.51606634085454,50.79894555605433,54.731104288000324
104.34673972855303,65.81689909833095,50.81379347091578,54.22346086825089
104.25724350582225,65.19961095718693,50.83972510759954,53.77203882995941
104.72925705821125,64.76547611621211,50.74104606295262,53.63139952486377
104.51000007253684,66.09293085222733,50.81159695866362,53.868418248786696
105.54221244299737,65.39491515414942,50.49119005717431,54.62538825358891
105.44612925879844,65.48369042907387,50.27218722443655,55.63377796939551
105.69058154987735,67.26872876809082,50.809671764288,55.75922836808279
105.18093697901537,66.69899626702609,51.04822457884064,56.49258391796466
106.18852017410508,67.2293391262863,50.93032934497226,57.22285123956722
105.87721169204144,66.94045014497377,50.70470831776651,57.9432769752197
106.52636046513658,67.6135550393868,50.839630442825644,58.154300043144126
106.43138531208876,66.25731135457475,51.19909920478425,58.66927621663175
106.40950282296913,66.34521751411302,51.15983937574919,59.21119930729185
106.50880505624588,65.79001428251743,51.609019976753984,59.71865138281822
106.66810395236486,65.56919879809377,51.89044175868136,59.85909286945348
106.68018487201645,65.12195034049442,51.98418301784219,60.093255733996806
106.17435865141329,65.91351878585526,51.99031153898933,60.48343753929718
106.0289654871309,64.31099229690177,52.42549062616196,60.47027028328691
106.63152465205967,64.66046390290819,52.724188185662946,61.06130772122221
106.69160462673887,64.24698942467683,52.77131226304651,61.08275670677199
105.73562400916997,65.93666219225003,52.8829647938081,60.72539074201438
105.80578626437537,64.38265298841364,52.756024901262364,60.791707594435074
105.60191298631015,66.1465161508423,52.66422206850731,60.375030921677364
105.3245737766305,64.85743067680565,52.74175952478906,60.27813849809236
104.65430253497132,64.59094494084418,52.59018806023907,60.301110992830985
104.88330181670221,63.3602973237855,52.368996947429416,60.271793958500474
104.16734488272489,64.27304055211262,52.34901891627518,59.61811121469109
104.48043692598525,63.2717995256545,51.92006214386904,59.325892406630146
104.58349644870191,63.676393721899515,51.46404174412282,59.03109072764491
103.84132391102233,62.594032585539324,51.431934268593906,58.319974959059756
103.49830366978858,64.07167565016789,50.70840226895233,57.82607551040564
104.37987766923311,63.98137198036639,50.03014713905896,57.71054831851068
103.95410879665116,63.04202627225803,49.786475166472314,57.27215423019555
103.57539711796642,63.15870945773915,49.399140299354485,56.82619320109694
104.09542809107579,62.73295476157349,48.79646638581054,56.784600245577465
103.57284484068842,63.48124901888904,48.35862235611346,56.408535302914444
104.27270609534358,63.794586407184894,47.88261621309419,55.95545993339957
104.13994442041977,64.24735477703766,47.435996559001254,55.51799769425482
104.3939151908602,64.50188937812008,46.816507875853155,55.29339282157107
105.25895840272145,64.42026726718306,46.72989090498861,54.89377017685652
105.41073624346134,64.36216398830814,46.513344929111966,54.11158709713612
105.4752291968358,64.46615420764564,45.47412200806937,53.759613087060465
106.88136963878722,65.00162315852974,45.706861466039705,52.90738076493076
107.08994312012285,64.50926721247312,45.826757299980216,52.54208536143549
106.54925460597283,65.26152991579926,45.96580557719308,52.112436144015064
106.5344317598405,66.5951305088117,46.071405140469466,51.89953488474799
107.15791560087376,65.5876356397273,46.03171070326074,51.68154770946468
107.61854517018497,66.50448917336607,46.23535035595148,51.53564093038749
108.64748599509619,66.80105831249023,46.26598303413196,51.36195266696882
108.83106276297818,68.04037000879967,46.531136431771,51.38465917318415
108.71316198687005,67.89137009850822,46.43160100078339,51.623845850245516
108.56684848967902,69.0733107654928,46.44685241628513,51.899612715357776
108.59387031437798,69.64549491821224,46.59607775680784,52.14974895703805
109.57303104095782,69.77270371669651,46.56441898713509,52.582300938335635
108.84062056149963,70.42999235790202,46.38682752196394,52.64302644752008
109.99749882766392,71.06307496000854,46.40273712733068,52.67529049402421
110.06928931179266,72.48196935741778,46.55951627245554,52.48674767660745
110.64940203565004,71.75653655773861,46.66145386776293,52.17344692083273
110.22282551248024,72.57099371198943,46.82718839365194,52.14037592745561
109.3183326444728,72.10535995205629,46.94225637835457,52.05751297418498
109.62536386248475,73.3853981654737,47.11654160382589,52.27072861201691
109.51320675337027,73.36938051381964,47.37615601354667,52.058842918539895
108.31461230651529,74.00670029015981,47.40934530207782,51.84409113269761
109.02754265939176,74.69466987017736,47.29540786178202,51.903132722746435
108.01678455477838,74.15637843729266,47.36411163776598,51.70944738668784
107.8957090222594,74.67508729349088,47.38856536553416,51.73712092661836
107.56055967070942,74.19803171723473,47.40860081876,51.61892687664654
108.58321770749149,75.02462710811629,46.85001067159511,51.51066452639432
108.13189792099476,74.03593404229737,46.777754171247196,51.241047817990044
107.82474098192114,74.38480040601422,46.674121758424576,50.92008618297119
107.59942686639195,75.02020479954685,46.51622519013604,50.69974357575367
107.69451658665074,74.54929300431513,45.97088062567896,50.54297738827062
108.21578353432191,74.57376517674473,45.82845733271543,50.43616191032237
107.60202026338982,73.64375731653831,45.314815614005276,50.24279380352573
107.372621557995,74.18356786922703,44.768248129927976,49.94174358857493
107.7938239865254,72.88258771411162,44.20395237630843,49.797465905565375
107.5353899879938,73.43745775135811,44.005379027203105,49.46501665214785
107.14909391551355,72.78797571574123,43.751496934721594,49.32080135440884
107.06316051244274,73.28554929194914,43.52408653062761,48.77482786107925
106.70298007551743,72.0127508358119,43.311748200987005,48.36052844728866
106.7231290343533,71.87445941675429,43.269373382052635,47.85472283668865
107.17753464071029,72.01528009747064,43.08116205909391,47.12387863969613
105.77158604294439,71.0094745441001,43.19301295373765,46.81077317844404
106.71573313517072,72.40003884021178,42.988443887922074,46.524335242882685
106.27119618529177,72.4207374614657,42.96458068297799,46.20044181626416
106.30818879536017,72.48742558116817,42.634869006199054,46.26144018287254
106.94489062288326,73.57983136657005,42.498889939356275,46.54536526062836
106.97598796800034,73.45075094747213,42.321559743326645,46.82303263152307
107.44099759283077,74.14069589909586,42.31108274668321,47.06660170978958
105.93750444694099,73.95034345665653,42.494113264155516,47.40008300807915
106.18074228338358,74.65514129745138,42.60021105518712,47.695309985981936
106.79888383979826,74.1473621674115,42.70218883141108,47.910873240930925
105.36976870215074,73.24498940983366,42.72857430003502,48.27836909559466
105.96840709035483,74.44500355150049,42.86804600442363,48.28125676685084
106.52189537664214,73.67008101004195,43.08190001542141,48.292473867628324
106.49571518687198,73.41574507742101,43.419970699937245,48.296465158929955
105.95222053738243,73.59841229326004,43.90797146589631,48.26659881087195
106.38926920207855,73.46058384218351,44.20283852249039,48.92923219350902
106.90298922966065,73.37369279377891,44.41803145244124,49.63311928509208
106.89320860614848,73.35896421860257,44.49921209299312,49.69856994816464
106.37934034805146,73.23571210658562,44.94197253210738,49.54426157611586
106.65474389007058,72.6795812952534,45.03912092530683,49.54567012279915
105.08068751677882,72.80211723913582,45.44219587777718,49.39770102610524
105.59342056163729,72.69589659759379,45.60907314228541,49.208327162981504
104.96016419886828,70.93818607424015,45.48554070180779,49.43273544571174
104.32134915528196,68.82791792787634,45.428349922395654,49.79298121109561
104.45021610453105,67.5882031689026,45.416317992567365,50.03818092595775
104.35540283813816,66.38970531273029,45.439602594725315,49.75662567966894
104.8975525517863,64.62565703188088,45.65906989487654,49.30549469849056
104.56372901072868,62.86004642970714,45.63775326573005,48.865456547293
104.77282144679752,61.13085375332497,45.92222925222351,48.64775642795042
104.8807596842419,59.571709669892435,46.055505580755764,48.53602216439556
105.07403543487372,58.73309116611076,46.063192491872336,48.64285404634093
103.70199136655573,56.656510466718565,46.49091300231814,48.69278973711751
104.5975645120925,55.511069722342754,46.68545968914985,49.233012832962935
104.07409098442211,53.652615870033955,47.017292449008,49.05988180886656
103.69296493899607,51.78673379087352,46.87449903052171,49.07516213578178
103.95665286224866,50.594669039433185,46.85785392742473,49.00917023592197
103.63767835600979,48.783944382372326,46.667309404383836,48.7973149064127
104.08506584895025,47.09945376320288,46.84699373284923,48.65987195613771
103.46019660862125,46.964988149955445,47.06970913649614,49.08166494169916
103.2618795391894,45.176201538256166,47.31692180698273,49.54127008266974
103.77022272609385,45.11354979957297,47.580937785697614,49.98063350299687
103.52746900610651,44.03954451116732,47.905811587171115,50.48647722685712
103.79840338454235,44.156002454779866,48.10579106066137,51.07358553196525
103.99569640398757,44.224096374284464,48.35933233919954,51.01783200041207
104.64551783977177,45.16846756128413,48.66104347058372,51.00038853560006
106.2532035764365,46.08523932286883,48.9235627271584,51.07423238826226
106.53407899491297,47.031191528994825,48.886470331749045,51.3227119348268
107.51672637766507,47.7092653483834,49.03596958212928,51.361732481283724
108.24025945079516,48.940139667602246,49.01845861355767,50.944696386333575
109.45160799603293,50.32040678724511,48.92064093096482,50.91241384268078
111.00181040880103,51.8583464585747,48.88970269630997,51.07197594632592
112.45956478057911,52.97801499735512,48.68327655620841,51.15355409093306
113.00520272480259,52.79276944269777,48.39700597972739,51.87975680937289
113.83839598351746,53.088988506738204,48.29098299341033,52.07367369990774
114.21060352094298,53.892395761989334,47.83397221734162,52.66931566370968
114.21449617671692,53.19833496436983,47.47613189666708,52.462936121215236
114.94586893868603,54.738789246632074,47.364678744478745,53.097860505375436
115.06139157856494,53.50827241933491,47.10288312673279,52.77807784336515
115.16185402111857,56.118627887212874,47.37691761509965,53.499841749680755
115.99539401066743,55.85313448909061,47.22710140610539,54.25060948276248
115.80342992920234,57.630959441061584,46.977174643403075,54.47435110599643
116.78932560496138,57.34550554152098,46.91149035994684,54.948999117398934
116.99400893732052,59.407481319786136,47.042234938953385,55.71054656141793
117.53841962829463,59.84518555921535,47.62697143454575,55.59100526576796
117.96401141166331,61.40076025789541,48.02983943393234,55.24908337313807
117.91596716845362,63.3385292094373,48.64071034909317,54.99869996529355
117.8005972168409,65.23744906027767,49.10452695884729,54.672697068956445
117.41859599729524,66.66360310980654,49.24787898728644,54.730616268635266
117.06186692919667,68.39952609860423,49.38458833512682,54.98599034948106
115.97372285836869,69.55109763686589,49.66446148158927,55.51832128723996
115.41138532205605,72.38070382671293,50.14234974524698,55.49674699958688
114.26714224252008,73.02345463501614,49.523141802985286,55.92709132547773
113.83905501757336,75.51575383300792,50.09397069852693,55.141233411824494
113.43728172703544,75.97717939431018,49.572351292587996,55.36187987547025
112.87862961763949,76.35452035271508,49.40952941656177,55.55765731973681
112.2120351642313,77.36550776233892,49.168673738150204,55.8818312298135
111.56288585655868,77.87707838224426,48.92514264825709,56.47193750377386
111.4804330665408,77.9624697234093,48.8885618493847,56.95350280337355
111.62968341560227,77.76289782465528,48.89054694103761,57.39630111722089
111.41038166180195,77.48229140902092,49.82638598521355,57.46238081674716
111.5549730221091,77.39632380745054,50.192595374947025,57.55023325252054
110.87102001933496,76.72865066846434,50.0044776635687,57.96458942104928
111.32136214548555,76.87054150424012,50.26424291611982,58.268891255128196
109.92932199378185,76.15854582390304,50.15381700347802,58.60863776850469
109.12833231121161,76.0661014534164,50.408165271778614,58.71535340852968
109.88281135554075,74.55320919572053,50.411951013801186,58.973614158357435
107.9539278768598,73.26336416145321,49.875777999239254,59.176026852624496
107.42783907348465,72.87021072444799,49.75975141764269,59.13844453071591
105.77146572958165,72.0598177546577,49.26199009267707,58.9968303199974
105.2219954119545,71.64337075496161,48.90048437020433,59.02062464516473
103.93540245091793,70.69533007650142,49.05783157386317,58.71650830539931
102.41963919605304,70.21347188373431,48.74193309961467,58.364582572479556
100.77672058267413,70.75986690632226,49.25697355055462,58.17886805163381
98.95259480097693,70.51290982980618,49.25492580326481,58.08407803586944
96.33911930577395,69.32797524626679,49.75288766937267,57.85760320880759
94.91773197148812,68.25814294208412,49.60513947646362,57.42339668146124
94.00584271137276,67.56687645832409,49.57122301321199,57.42533456097624
93.24163437452889,67.44214906595693,49.7355567544275,57.292321420162025
92.24286817879897,66.67861953102752,49.56631582664295,57.194209067062445
90.07365133685552,65.81990990642942,49.97854602122626,56.984763215398075
89.46910815360356,66.98890227347351,50.2741042433706,56.78025569230841
87.30221151266977,66.59817316792538,50.766760354446546,56.572132199264956
85.96081066068814,65.71084084437132,50.70539043899454,56.93802342413188
85.51207484664229,64.8957690675173,51.00602454648684,56.516477829890675
83.38010986429931,64.37887690275352,51.11157638693575,56.167800730775966
82.42391470980654,65.92031007914565,50.723601486341835,55.97305955918985
82.088469749548,65.28447816100851,51.06707841414309,55.773627475855044
80.13236057030645,64.85524727870089,50.50745734467819,56.3527107667116
78.3639493610075,64.53985110932395,50.0029832811899,56.667581143204266
77.23840129487854,65.8356789834081,49.450202059779585,56.618018910432085
76.69409448976067,65.53267791271946,49.242612652780544,56.631774519369166
75.10893784709424,65.75967469653187,49.24562070701906,56.8561329500735
73.73726494686849,65.79840468217031,49.3142753072142,57.10116575709789
72.85110523344721,65.33196978260005,49.25854054437473,57.220789425295095
71.04804008166927,65.48631458025166,49.44437370208712,57.18527298339231
70.48202814722792,64.92783299913366,49.33642652929043,57.050435846937525
68.8988281255279,65.47016189824092,49.39044129971076,56.699537809579624
66.48597520546537,65.59138035095032,49.720136836338504,56.72071019428381
65.26433446751143,65.44408132473568,49.608310241872836,56.52103705773872
63.71613587949112,65.12181923857679,49.68817881149866,56.429087431304666
62.03427320185955,65.75156811583133,49.66391011578218,56.09123287433204
61.90099000386898,66.08698069990132,49.406106914328326,56.12738799422077
60.6858738090638,66.20589876229197,49.51259476849252,55.9903566751951
60.05953595788925,65.96148513133627,49.604599236710754,56.10780420402084
59.452206419511924,65.66629901737593,49.62043831853896,56.35853527812911
57.88517386380025,65.72309787723498,49.40876454217545,56.27357846008091
57.05622774613687,65.75418671677035,49.24317378723731,56.29840364698028
56.44174381742577,64.87298565118232,49.361058017912384,56.772550086628044
55.621424794045076,64.30668881671743,49.269616916381224,56.841160434367936
54.627859907349254,63.8988575501165,49.19080607125785,56.93979035619969
54.340668811896435,64.11473855473108,49.35771782725939,56.89315976567552
53.65803618038238,63.073631901009364,49.432429401284516,57.03631131221655
54.17551080565974,63.205113512218965,49.65320124295391,57.20907416616187
53.77358473609486,62.05226173927867,49.56944586722542,57.5445544044329
54.978229042672545,60.502583768082744,49.40342669758202,57.44218820174418
56.527036529024464,59.41856836380909,48.816736541009774,57.29875470059912
58.15891358541356,58.655745468424804,48.6079457785276,56.94535738910328
59.772744367489544,58.033496041636106,48.420386934636255,56.53834481194032
61.03941443647343,57.64474840026732,48.375657541144804,56.33568343459795
62.3342948853806,56.3524537299223,48.492055758168114,56.323708243961676
63.87102783421399,54.3282473333201,48.61004546314721,56.67178529612299
65.46165291077858,52.68420348689452,48.757966252324536,57.041701583181926
66.59050773963762,49.60557054337184,48.63638621229751,57.620855344830545
67.39754905428208,50.212673582167085,48.6520162838524,57.323199605508336
68.35085087127759,47.9454073620976,48.74173838113885,57.173537957665125
69.68088176621966,46.79406865378773,48.74996053061627,57.20235086660969
70.89986074824736,45.70583043145615,48.70819416354573,57.01977846788907
72.09667107789875,43.81234067113053,48.53652618101604,57.40537792643705
74.1805938850959,42.145592217450606,48.326701492143584,57.674580972407725
75.76226838650592,42.11441377109514,48.4298951624345,57.807190253834406
77.22103359510675,41.85866925345243,48.49137008199433,57.899402723806475
79.64277493623564,40.58420147636641,48.6561257153188,57.79859543625794
81.98195717914086,39.50080170151383,48.622528513901656,57.26599527626156
82.56086004017851,38.987595186771635,48.74645403972829,57.12279697094523
85.66937234970834,39.38356059195238,48.75355099125578,57.07523447532678
86.71647413589638,39.346530874622665,48.785748843287685,56.59852958770533
89.57889813274514,38.625994591625044,48.7547537510489,56.394427173537
91.1320942085031,40.20438890712517,48.91147247561633,56.61923725355054
92.88254806720121,41.029224467454426,49.10169372741264,56.85413959251727
94.71241332827091,41.91232138048647,49.31053806298501,56.966537184719485
96.12180259342699,42.73908438816852,49.588188165409065,56.94100344173239
97.48605482411087,42.973176505858056,49.627211761139705,56.749850091572895
98.44181141546781,45.04044102884164,49.604127624103,57.39184797355373
99.47970616810836,46.61150608533895,49.643634721071045,57.54971924338686
100.72938115256972,48.14626409495079,49.64488795115348,57.70607669446959
100.53099369159227,49.38263300491601,49.762613208372564,57.71282486315609
102.03135565964504,51.19719536036887,49.93600206905046,58.11599537930114
102.74748249039848,53.514057410192144,49.879207601726925,58.94748505528936
103.2321107605083,55.68841364558031,49.8844729964934,58.88112169416268
102.98299488043182,55.97437048847359,49.83613457479974,58.808311673728
104.13616340911199,59.34354077425408,49.51012321629195,59.25874664156521
104.51224987918576,62.31476683337519,49.33735087514724,60.00867256745141
104.27942438242849,64.19231242495853,49.17749677890197,60.683601239784
105.1385599244878,65.7135638492812,49.23081092084233,61.306945215784665
104.53181208970808,67.64592638457322,49.136050441109745,61.589639121030686
104.4559449166216,71.18263543510957,48.742645593747866,62.04513690206856
106.31214220779304,71.37580015112711,48.72189281896114,62.30405332011973
105.40683581372376,74.12489042653463,49.07619783827798,62.52785477156297
106.76054492220415,76.4986596457926,49.09692975063545,63.126464823952794
105.93239213855054,78.63757285042837,48.71806142496779,63.35450160437854
106.30020922517704,80.98870797934467,49.21279193200502,62.81157268184258
106.310848817114,84.76845171486815,48.91510461224013,63.37345648002167
106.0805025711526,86.79880509546327,48.562532495779735,63.72166666905727
107.14993891835856,89.20171348150676,48.31768882263098,63.782733651700504
106.68607439309898,91.88687508238394,47.89128140617016,63.4469248771312
106.6524160058392,93.49062264685405,48.161129116096376,63.17097357524787
105.45572361723659,97.4321320699871,47.79750295656456,62.559017579933915
107.19251170324672,99.14691138960475,48.04020605280905,62.05425957508275
105.85686527215853,101.68302023996247,48.01299399021126,61.611119785744265
106.5651860772949,103.68948894566861,48.329842489382216,61.816495591495084
105.50037345038572,104.04409629699347,48.73268172578263,62.503205457021636
106.22731716540176,105.11836841826792,49.624575383625924,63.503619659068086
105.96322670417501,106.70885957397451,49.94691451146939,64.54578569360217
106.22095688021419,108.8026297311091,51.04494021095051,65.95617056549018
105.96294673413043,110.59827609455922,52.2475390153098,67.06396927306872
104.54008381086403,111.8107915283882,52.47306494309563,68.3866872571869
104.79056413147197,112.79908124810007,52.76479893011843,68.94036790382273
103.4308176478961,113.94065203234217,52.973806724998425,69.31394411259072
103.18234436456208,115.30426769738983,52.50099221807717,68.63455218564786
105.41628227561537,115.46480989212543,52.15138917734266,68.96156250986458
104.68662058810051,116.96671491503315,51.999560618702326,69.4358448960712
104.02479314859501,118.40852052450532,51.69489885685945,69.66244934103678
104.43070227107037,118.34988097820113,51.52213496991425,70.41438116744797
104.14391128982342,119.29523115749738,51.19449869691546,70.78291929037707
103.81944148835973,119.4141867775512,51.06379428739166,71.53076808340009
102.93829756794364,124.39572745569288,50.849128502544815,71.4557072425586
102.7980249545574,123.37715255566836,50.22518403329143,72.02541143065392
101.73708723411951,123.1163631072895,49.356615052399036,72.43608438956116
101.76646471296101,130.09897773438345,48.8415835885305,71.82354201739228
101.37922364351826,130.02812737644524,48.373168693724594,71.81265907457347
101.38972668237552,128.53007043766485,48.12826600825347,72.4747680731365
101.98921158582539,128.91306571343065,47.561491256838515,73.32698449944913
100.82700125032686,127.53700278740669,47.253110395090204,73.85223480790268
99.15908865751479,127.27887476869442,47.1225101618606,73.84180715716346
98.5010433438561,135.24317336612893,48.11169020401294,73.39760308210646
97.97653452306302,136.97475306166098,48.63671995630924,72.89661762979355
97.67878661994317,141.53899389180805,48.84777453582815,71.8619880126513
97.232458237279,147.69754521785813,49.510544217983664,68.8557374113324
91.41388972474837,153.12620731952538,50.041110999209465,67.06464875029525
92.62250591022584,152.4587696335816,50.57485643053115,64.81789055437278
92.7304690296449,152.54711329716642,51.02937605112528,63.234091940086124
92.12096624014502,153.09079109152054,51.275634900274234,61.75619372499691
91.09798552722205,153.86662317980566,53.767228008992944,59.08001627995592
89.02431300735712,155.80251763938026,55.33734807885892,57.17965611275221
88.09539215377113,155.98001380168628,56.365939986779345,55.720720797837146
87.10044314621014,155.954534268214,56.78675800674599,54.64057694520318
85.02478145941814,153.9629536702222,56.786703702412524,53.873367161877724
83.95490098373627,152.55116334531894,56.64557156638917,54.05217170580346
83.15087780281307,149.291128011105,56.78166703960184,54.3104616354008
82.45451976193846,146.99421755082878,56.965558606008344,54.60501431025621
82.57794104450171,143.2217592407105,57.513121858867386,54.86306235825766
82.01623175890838,139.95246344412294,57.904279189571724,55.04439896943812
82.08685781604596,136.91415515489985,58.58261096811882,55.25126695550759
82.29586741516087,131.25126615797117,59.1505350276977,56.56519840700658
82.00873385444945,127.37416244440155,59.34942282516117,57.7287328643277
81.80811981015194,123.14541564827687,59.919644461315,58.96937665265251
82.64399801747197,119.07442102097669,60.85635300295847,60.1920629668842
82.96314059031668,116.41869081398667,60.62506088877083,61.432737858403314
82.94083052428736,113.44467929979245,60.02936358079651,62.62861702692844
84.85352576122689,110.21245940016688,60.6587746663657,63.17259707886515
85.24422878807692,106.59552961881977,60.96968225993585,63.70990055025079
86.12806796475742,102.79101426516108,60.96937317689955,63.74816576226786
86.47712407189958,100.60359875546862,60.323171415159926,64.16551182109676
87.75417747719356,98.98293589207032,59.62688952617991,64.50757273542386
89.15554067559522,97.09984067794612,59.47036974673196,64.20363615332681
91.08502144950499,95.45411064077403,58.64848252638129,63.9550740928901
92.73190206690327,94.03946243054666,57.95997308067774,63.71810493030651
93.88690693389364,93.00539955332188,57.34436103460898,63.21366536760215
95.5864056244755,90.97044557738795,56.73184312655929,62.72726218894634
97.58677991336134,89.80430595611918,56.58621186980203,62.43560024839367
98.7059045573269,89.19554131494235,56.5825428602675,62.221611572106255
100.08739152777954,89.79832865900481,56.47944598120609,62.044175521524075
101.01601490061839,90.59110409457392,56.289760051339556,61.900363851931544
103.53585605414297,89.97981518991935,55.45966341094688,61.83813445604051
104.95369404935555,91.46606180866098,54.7376956781969,61.63005743636119
106.34637765746133,91.008437076924,54.393184203486186,61.420251944352685
107.51756416661125,91.78862386694325,53.88476301605031,61.145483079661474
109.92449350588446,91.52984864565715,54.131955229380104,60.66957489357919
110.08899690813666,91.01463244979224,54.45020140177006,60.29845258159654
110.88609730323975,90.38186154869656,55.31889624335405,59.747868037199765
111.51823337657285,91.28818436396152,56.47125102692466,59.505536337181326
112.68472425984451,90.98511101356215,55.61027832314838,60.63607206652926
116.13663893611312,90.77384960275268,54.90135186749228,61.42255446880808
120.50140631853287,90.1315768536866,53.97797087691423,62.04300951236182
124.65732563318215,88.99334532066749,52.89832190291965,62.39773884140818
126.48406947668654,88.09780662405575,53.380826266081755,61.29117672161591
127.29074377645357,88.0342776599872,53.5817438713817,60.49135858163777
130.60675051662994,87.51134772754605,53.45213651132922,60.48017572858639
132.49046516872332,86.7156077616894,53.461079878269786,60.27716091218417
133.14621452701857,87.42934725219952,53.323737112225544,59.7518878752252
136.1481076943205,86.3146634443568,52.91976137790251,59.42278404964173
136.24462792422793,86.45014388217699,52.70521429192863,58.94846900904336
138.1621948485323,87.3464845315964,52.36820194333521,58.3025803604273
141.4647800093039,85.87065914562052,52.07211889825072,57.81687752138663
142.05210982608193,87.25912722118409,52.16725039094585,56.77603965974926
144.65297982851496,87.50499868548238,51.945651548952135,55.84679243961824
147.1524623289936,88.52760169019878,51.125323575735315,55.17512647401631
148.56425069742826,90.4526758099702,50.54881548243593,55.20703184813619
151.83730620882847,90.79019834484046,50.66804774424248,55.28178614916136
152.86818657745337,93.53096297452156,50.98113847221788,55.386014622190515
153.63464105963573,95.00751132678224,51.343130902697254,55.52921804279123
155.1311578492759,96.02708088803638,51.22178044414443,55.58448147193393
154.96910400815005,96.5685231833493,50.946217060588744,56.40742094651654
155.68514248025963,96.39228722207055,50.179220127260585,57.003947857100655
156.51907032969493,97.2168753484783,50.17096528230998,58.4301102063512
158.9114821080791,97.81679817304646,50.857346960069194,59.20845819792379
160.5945848510242,101.71734906036042,50.8159984707153,59.84036080256833
159.87646809692177,100.57234284738425,50.905136966255355,60.37895070406846
161.82276816565636,98.60029426874056,50.4993916204274,61.32993553568751
162.56849936300947,97.40679502105051,50.428970833577935,61.90499562603069
163.18815566618454,97.63127544649751,50.32803386714322,62.23165457999586
164.1154310553536,97.90265490607021,50.55126476605119,62.059569347116394
165.1494854883008,98.62045683569939,51.03095811001093,60.94633276857971
165.27288783400653,99.91637923002224,51.40846850162635,59.092750871703394
166.87179844874402,99.09603395356795,51.37690298466052,57.75388128781694
166.46915585811252,97.94852767269286,50.51060940100811,57.381877104953475
166.793571390092,94.74610882229788,49.8689571041677,57.64188314833376
167.77180886066947,91.41301799352493,49.90844919353798,57.50423990429884
167.72311109695823,88.26082990107805,50.61517841494163,57.2150773280537
167.084677454965,85.95381004175736,51.1069941146843,57.47836278567823
167.21492219407324,83.73450116717183,51.72881109303371,57.53532293444646
165.9754419081149,81.08396549408178,52.87454438814832,57.7063021366141
165.5339350015766,78.70346278256304,54.04569435563814,58.2010641018574
164.81485653308226,75.71309368980468,54.641965487496776,58.52369691399157
164.9267440095855,73.02695123700916,55.47152024068234,59.084829361391684
165.09514890741485,69.738955973202,56.48586513004406,59.28778445809779
165.34278891994722,66.41405094950778,56.31545914844399,59.94663152330848
166.3010688986858,63.09353903515565,56.070055358950846,60.319048689262516
167.91441201788234,59.51692133394421,55.38892423530385,60.4613649975997
169.5433462316135,56.960265331187586,54.83372995830851,61.060543072906654
169.57136385514235,55.18403602684963,55.36305732445193,61.3759840500518
170.0158157272892,53.805901649636986,55.77160579153823,61.75006663008439
170.75080417297173,51.82123422421239,55.80787022173689,61.986029031058706
169.72755529895272,49.173032305324966,56.06412350966902,61.35869248187066
169.2883667080486,49.301456375730794,55.8629746246971,60.801478535433084
167.7456738121407,48.20667465380086,54.58059403620291,60.47527297447118
166.84379412451653,49.181290961479554,53.189533961072804,59.95913414535342
166.40469687562495,50.12389624402565,52.614732920144434,59.56808327874755
164.11771170130837,51.540090855618416,51.9559199512117,59.18995011330128
164.43577360583842,54.494757097957674,51.41785057353044,59.197731886435264
162.24151178889193,54.52349839317556,51.595518246577456,59.54643557863424
160.48241920592616,56.9157337021542,51.544819278216366,59.53575818119697
158.08396953851874,58.12064120787647,51.41089528692039,59.35322497860558
156.38150719465546,59.54438116666118,50.99682616780794,59.232508309479755
153.38882446755403,61.247511237850645,50.325675546876525,58.97072291189759
151.56222969454632,62.987388457938174,49.478244250912,58.366289383129995
150.14299779845615,64.03422335670747,48.573658421510274,57.75770125825985
149.24391743820405,64.5150223906492,47.629396561295515,57.11779857773985
147.02127562651788,64.95222357795367,46.7330993169005,56.61036155661982
146.02765362334998,66.54782196405347,46.01024004984457,56.060603507030706
143.37479683983506,65.12295316513237,45.713142280357104,55.86117800176925
142.04872214548,64.78699900701216,45.513291670974546,55.373763817780805
141.16609515839363,65.25736280519104,45.48301472988697,55.10591359273423
138.83995201713142,66.03508763627019,45.573929685964856,54.87065281054265
135.75273725348103,67.00455137056913,45.6508255104153,55.01616605010516
133.11711736698797,68.05206928186686,45.62300493870536,55.27191286033746
130.36295701674402,69.63877368225741,45.223374761049996,55.556092732194315
128.3592686104335,71.40170057083458,45.085594236482294,55.20501789333345
127.39512404363242,72.75982237065568,45.07329191557853,54.803503745824386
127.27914294485737,72.77195505335283,44.715727459838824,54.77582244242899
125.99235490721767,72.68074824361938,44.47425984729779,55.1503343665252
128.14604080345504,71.50201227347235,44.34578495881477,56.00886333558972
131.74309372809753,69.60254225545512,44.70015294452121,56.309199073986235
134.18054084319465,70.48027254101206,45.753489953645854,55.95728567065039
137.17420619036236,70.25594408841904,46.238390647402454,55.928855137729876
139.26349880349446,70.13155457622098,46.52871611526056,55.63198487204116
141.18831090174797,70.52557574039518,45.99208329944511,55.54591484946744
142.99631466990226,70.42075338401712,46.02925850811634,55.66555427618564
143.56443840806114,68.5126708741773,46.22828715866017,55.902547399884426
145.01710553740392,69.53821762910357,46.1306304073751,56.15207396907242
144.5565576575418,67.44752104921008,46.78350025881999,56.4998787671193
144.7722366665549,66.32355812308691,47.136884715349694,56.715797640377005
144.56827754726575,65.794716443316,47.29348035666276,56.55524646088683
142.74580528605844,66.29017354423075,47.42232661819785,56.39892925059634
141.04758170036965,67.13311388866099,47.67500333326135,56.7079803787906
139.20576545186947,68.96184765007555,47.84535710749869,57.62974554867997
137.2429356920852,70.27525491569938,47.87013128351556,58.15054263547434
136.18913601135375,73.00844471490188,47.60608781699082,58.471429291494374
133.71894416333734,75.32954959182652,47.38369218181636,58.350486474900954
131.4751011349526,78.64204149980068,47.15693360128724,58.39615647899048
128.19793644653586,80.9447609383532,46.75911024908631,58.37340784083807
125.5201965927379,81.36804357032678,46.466212061327,58.62848149004551
123.90151331680258,82.7710417343907,46.29723634520751,58.66735620607659
115.92987458406985,83.08531254346748,46.40957833246252,58.77033351215935
113.79310464515514,85.28360050289703,46.717328653788655,58.541508905556114
111.28362596919408,87.22736351979947,46.63004287216586,59.109878295640385
110.06895423761802,88.94366798485922,46.877863727514644,59.41473665449183
109.01624061925378,90.34338729165333,47.139784151193794,59.41369200567106
109.18975822592317,93.22890697920045,47.034776503691916,59.631856560477964
109.26165784007007,95.81948887800853,47.16017256381783,59.883910765181135
109.97101361207119,98.68163886135159,47.5439752152578,59.8998499418666
110.72220177471111,99.789681903293,48.263921115548634,59.79911601176184
110.79069130365092,101.12982983957417,48.81480189090954,59.865753599435095
110.56781811472274,102.60792393662796,49.184181978315785,60.48499460645363
112.00401030455797,107.05656832480882,51.384995917126794,60.91866515016025
111.60657897075231,110.06787019944618,52.78147741112742,60.90120790433403
111.9072792204326,112.72047344613242,53.55975873740464,61.35579803037682
111.49054402753903,114.35040224703971,53.828247781829795,62.14354641992576
111.15613167740554,114.4574626141855,53.42815902231892,63.08182904027896
110.06198627973774,115.25760866401687,52.51675628089611,63.585753277820196
108.86824015120763,114.91151174857029,51.21517211431133,63.57273904558774
105.77465217683667,106.91713601633035,49.84060575729764,63.69094512279959
103.52413095437596,105.76771196906145,47.730362515726114,64.58666101709628
106.06998575106616,104.12643342760569,47.666112543775185,63.35948060840015
103.5276136129632,108.52966972870308,45.863725129002106,63.62471668540455
103.94069791512152,105.74304874043634,44.737817461899354,63.301222993755694
103.92391917018409,111.36223043323281,43.52713693278463,63.04986198090444
103.88869467596595,110.22871447819936,42.39681387417808,62.86935193883815
104.08707188871253,117.16823936290277,42.13469425639079,62.353390777219445
105.39979387290465,117.82615658552602,41.974956159588565,62.030874055247146
104.6116764136693,117.85023202994998,42.09356330477435,61.89093182718063
104.03872794002197,116.28108220368031,41.71770706012107,62.04732220466501
103.20029343781833,113.40547855234554,42.56429647582902,61.205423714335296
102.27643329109858,110.09100128884943,43.33420517049076,60.85283183934999
101.68565393903917,106.63981702061288,44.23887237485181,60.60989378860385
101.1195896263516,104.85722541410999,45.22812221449753,60.51324848369582
100.2542693795254,102.67905974980285,45.947621646367125,60.00609781386648
99.8082342957968,100.92975882944154,46.58954131209626,59.92022294522327
99.92792905022426,99.10489074608199,47.10511955236011,60.11064357353597
100.3066783224852,96.94292121377713,47.45694403258803,60.40247433126094
99.06840322448485,94.0257386441859,47.898710388409256,60.880106625136975
98.75160753087414,91.82934520159635,48.12224679392215,61.01019056842156
99.78519355242751,89.70962444285371,48.57644993010618,60.862194742309434
99.15653095420788,87.44466872329915,48.62094398698095,60.79010642174449
99.71666066210518,85.045160200688,48.617674422184244,60.76082060670679
99.29252180046869,83.62654009810527,48.214311110377274,60.887575115079635
100.462556131648,81.18098239801813,48.25865116040575,61.05214088985719
100.59064294021559,78.013471128761,49.219507353222355,61.438015727108024
100.53971021652775,75.8202636166105,50.361728244552495,61.91143994292206
99.93198897140442,72.88366413856019,51.36873488644386,62.4049110585991
100.28149960287438,69.70593678903836,52.013207085112846,62.68790558308224
99.30738812635663,67.92379787188419,52.50030025356429,63.15340421588299
100.09304095649865,65.45144556307162,53.085209545749116,63.51308829136338
98.82578935397689,63.69789413411455,53.24352637994305,63.57837601141435
98.44637454295453,61.66051562648747,53.466659078254985,64.2454594293327
97.24536099249534,60.66913727972139,53.87013564492504,64.62951643395341
95.65324196012315,59.18728428430535,54.21248838137656,64.91693143586338
93.96409343501959,57.432138764391425,54.391175436695356,64.68432687251129
92.76056741163507,56.68153695996648,54.46872442407722,64.11094408991221
90.64639390871154,56.23492366701612,54.38577115221429,63.45475687557336
88.13493533397657,56.34106414416894,54.204398388506746,62.853646421784624
86.36576426602733,54.55270949586422,53.831632507437455,62.89784090783192
84.43777239461585,54.154000124037665,53.42600431178384,62.126639684978066
84.03139960425987,53.05312937995418,52.69442799785011,61.71464096738028
83.82617791059431,52.5935505086097,52.0859738517645,61.544056526383926
83.99063914688331,52.092879358834594,51.540283397538055,61.2671486084964
82.89782929758921,52.069578925159455,51.16202122204178,60.781836314568906
83.31157606512906,52.3931318855209,51.03335566891093,60.709594542939634
82.38671852860136,52.31955011688051,50.90461174137886,60.451008759236544
81.4213033078389,52.76595971465829,50.96328949678471,60.25636445753703
80.85200758958331,53.85359765154038,50.78954043532532,60.190931361025044
80.15438485801964,54.44056524276361,50.61016004872883,59.63273153061792
79.37045652307118,55.89021386148009,50.015057381391244,59.127987477694234
78.81512549211212,57.91121340466665,50.75590120290525,57.993259538095415
76.45258015597585,59.17479660411213,50.62615827227249,57.15235288575595
78.19822493814544,59.208593509049486,50.954500046052814,56.49689253115774
76.75203563110934,60.234458764479385,51.29288901130608,55.28736420688241
75.09016328325144,61.58299291874491,51.785085254644535,54.30612300578088
74.61576621228838,62.62162337822869,52.29647252882813,53.45589510587916
72.88337052807927,64.2016099454196,52.05025749427698,52.5247174999092
71.03180820496478,66.75655976456666,51.69425719391174,51.48836951643076
69.80472353269234,67.77342396142386,51.262901073445015,50.68220116605132
70.44151870351328,70.10677806601193,51.111462225829314,49.5744619777187
70.3109679567244,73.65318000832806,51.370079989435524,49.118299595466794
70.06601549350898,75.6947936431517,51.39917404593416,49.19523048316816
70.384362375851,77.87764787882723,51.39747460927212,49.69891297632515
71.19520186941597,80.34365031277989,51.87086360004747,49.63892501515813
70.66869118928498,82.28534648288169,52.34702703584807,49.91947215096768
71.32706512113285,83.57695125028391,52.2015717155636,49.84917965794182
72.53039504844708,83.71615522682835,52.17047762822334,49.85480390065945
72.97447052003825,83.73592827491566,52.20618067845683,50.05272111484571
74.7150191646343,80.2071215595372,52.17782548902669,50.77153840683923
76.6668887654316,78.45602316669746,52.38898544590991,51.28491964648292
79.50005449947002,74.27971046891233,53.24851285692239,51.90954726220703
81.68649465921412,73.10597932999623,54.02292610509166,52.4914176802217
84.43719897391426,70.46738963670846,54.91125269755416,53.328426778711304
85.87814707921333,68.75548785895819,55.61368585364001,53.62687747471476
87.2731571495031,66.63662165570916,55.87213311075026,53.964973612597106
90.72768602096896,65.63588171917927,56.04988452614376,54.479898743797456
93.07401896219537,63.04183662259711,56.207541843916786,54.4246112514149
94.79613768156153,59.92792570198922,56.787553005190546,54.461154634989086
97.46060073492114,59.131873900292874,56.92993656033656,55.57553389484349
99.79256451128091,57.86132000241175,56.98538414113142,56.4358114503561
100.3198910562669,55.89889888639569,57.32679282922798,57.430242343582066
101.26298672156358,56.171063593776395,57.63255873397094,58.54824439072709
100.70290150224878,54.6095168818249,58.088275129688995,58.96413919478754
100.41778927828584,53.875864701092254,58.14725545940124,59.37300573200358
100.93276203772626,52.457879773697684,57.97819579905614,59.55036071290661
101.05378255552614,50.87926311394244,58.01740914439779,59.57897912992075
98.18510666750716,50.301068817614336,58.095974623591275,59.16189510352027
99.37339303386992,49.26908561559462,57.85084586822171,58.72692390074818
98.23792362930735,48.344936127711,57.93402098639835,58.2490054635668
97.80330642759795,47.37634662351016,57.73847324717801,58.01594693076975
97.80893583308924,45.50790480140152,57.03874252285771,57.89408523845443
97.89177408633769,45.402199509046255,56.70995471708445,57.72022877409079
97.10265745882126,43.22889113069197,56.270996800471195,57.43192016535137
97.01813642401001,42.968824133340235,55.84216750693069,57.07715131562583
96.52928956516877,41.41378137645655,55.72578578325273,56.41121916353016
96.0338727772913,40.70501044930056,55.52286337470133,55.82889894299015
94.44771903038506,41.052187420205044,55.46917961942933,55.35878515520912
93.27909156344803,40.47424494793843,55.205379408039704,54.91422053766959
91.66556929503788,40.97436371722663,54.88445436516335,54.8048457620212
89.89193512812835,40.8818171512314,54.52893429833239,54.5595310122749
88.6151037068868,41.203379304884585,54.27616131737495,54.44388689000043
86.65173284984209,40.56241555691429,54.30112647926405,54.172922416260235
85.93862561458634,39.889945862007465,53.976142896415546,53.94919797054837
85.26283225522783,39.27914102154981,53.386891993443726,53.50651018995397
84.27324412374136,38.48199510277471,52.88486088565861,53.204372607986656
83.19567859589517,37.22092787961827,52.2822008990231,52.85055552575034
82.30948584260221,34.59475711943277,52.14197861656942,53.05528962424634
81.65096542770621,32.60910076919551,51.78735091685094,52.842779216047774
80.68873969708443,30.272085517071332,51.36240185776978,52.766580838460186
79.98161101614642,28.85888252347867,51.12564727582868,52.460154775322025
78.67962345558531,27.484867369941636,51.17408421946064,52.64192736717087
77.21176444313664,27.021837208162133,51.04174566095343,52.556132088465475
75.55404295441298,25.96269795344849,51.43154590959523,52.98618580541229
73.85778031556075,25.666235751552794,51.81454731873892,53.55261471339258
73.06639353044082,25.541653007170368,52.157168291551386,53.95688187397235
71.71324050384128,24.954701097969505,52.37377140476329,53.92890404526409
71.01695844220298,25.773258278203826,52.60964898362156,54.62874785473258
71.70968335941649,26.240802456264035,52.646496984544555,55.140580012718914
71.44558826599311,26.768267890094677,52.79099600952037,55.46036220829768
72.1908546731293,27.668796933487226,52.68937670747792,56.04224775173109
73.23554183693258,27.849443790924923,52.47131702468489,56.91758578791618
74.18117933582843,27.905595139471664,51.99627485121876,57.331013045065404
75.7246884743179,29.65804458962523,51.706535216894224,57.31420823617368
75.91467431595424,32.9979043813511,51.499032240587,57.08572013236672
78.00686417236105,35.49976041279098,51.62312706848382,56.908336823912
78.86966333565127,39.06564397238944,51.620659325666495,56.16564403027662
80.23627650011217,40.931506779104524,51.6542012138315,55.24704140459363
80.41590652993679,43.69724692213738,51.59794097846777,54.36425134222177
81.83477869998863,45.785833359663606,51.507859897870304,54.08246015624097
82.70632010776394,48.19871911040235,51.77359952342076,53.79151493345
83.65310671641201,49.32761137927368,51.88502093693822,53.576124795350296
85.55126895773509,49.98642946982724,51.68655917478158,53.60417910305848
87.09656155853338,50.707068725185444,51.614526276499184,53.60698368693893
88.20282668690885,50.65825362028552,51.50654638138154,53.77635166300464
90.02228766570644,49.86305650507609,51.72803368358252,53.559165541593984
91.94799521073547,48.986520069910846,51.883242815326206,53.860199408552276
94.57023131119527,48.853830765154356,52.14851096703724,54.254656972523485
96.56544107835182,47.2152148366667,52.27837694374097,54.36795436027578
99.07671833987196,44.94162605131557,52.28401398716798,54.69765985456202
101.84295229346682,43.86011649694724,52.27577894435815,54.354008249874
103.98577255132308,42.130611500460255,52.270167248683464,54.06578985883003
105.59903504181534,40.63486890535252,52.167325243468,53.50287532027047
108.86597654838233,39.41284832927749,51.72583753596754,53.41636789988026
110.53810292376517,37.91190226855887,51.59384741566451,53.27162734996129
113.85496102311373,35.551298642227934,51.2768011579159,53.28952458980578
115.75771211505068,35.009082653281105,50.95859817791468,53.255694872791295
118.68764307586366,33.90317963036475,50.37496420733851,52.99874948811254
121.31925371862077,34.16785276163593,50.095109888071846,52.654635179429505
123.10947307386228,32.94017734452972,49.99663171263828,52.64777655052241
124.80339968440282,32.389431803612325,49.92649151378925,52.71934645830783
127.65721783033234,32.878566432444714,49.571831544104256,52.871812597981915
128.81503584935552,31.223604312394322,49.84656449218764,53.121610056619076
130.68761834921472,31.94254785496441,49.622164797034706,53.13409829000612
133.47659601039555,31.741986291372733,49.59258746539569,53.25670893931472
135.0499287939077,31.27998863573614,49.50098395395918,53.14714969660231
137.65057085506902,30.928707380828214,48.710102129610156,53.252487613255624
139.88101265018278,30.329489151313318,48.12374265589873,53.112017903347734
141.1505210112301,29.951099901322895,47.15408535553414,52.88318061343829
143.57330203572212,30.619303417146643,46.536519655884845,52.870907693195214
146.41445690677344,30.448627457185708,46.7474031587163,53.1667302997316
148.6166947342115,29.699987168777774,46.91269545580546,53.616432422529826
150.19315333257768,30.110544035668898,47.34431886461816,54.151223744747334
152.31595525147114,29.437697354057413,47.92764015958271,54.61053744879443
153.9828857678576,30.221832161327896,48.63643888633128,54.91458562523857
155.9561712920033,31.556491504115776,49.215539320126084,55.786067272685884
157.2145366037918,32.64911101065903,49.487102296631484,56.25971636117715
159.0809595327635,34.59038724240506,49.606385898069185,56.12903286092666
159.09824189842104,36.02333338357596,49.95606042313608,56.05211557896632
159.80958188357928,37.53140817739815,50.05557614965035,56.037926745716476
160.13653303048434,38.495972771853765,50.05042875057363,56.03104198639356
161.68104196155312,39.90874382700593,49.92135418296123,55.90698026473059
162.35446578938257,41.94861723292968,49.95327425610787,55.53854002484354
163.43957009021568,43.73868053204408,50.550800897285264,55.0170133754978
165.15165856668827,45.70688276496712,51.19176657587087,54.73682886891075
164.7893639161858,47.20802633840789,51.75894947226135,54.32491285392618
165.44532300583742,49.40526185665355,52.09579971794593,54.33539243617875
166.17847947238312,51.076442562646946,52.31025145999493,54.021897315238114
166.3874302849214,52.35221992650707,51.399634088753984,54.398439835595255
165.6100858111028,53.97935147186054,50.461937887389126,54.5493190521698
167.12484331520128,56.156027053987565,51.31382727906399,53.96776459125438
166.7647851590654,57.402892147850665,52.17031477175089,53.347677086557354
167.21906489513717,58.81049244211277,52.287142944375155,53.49327094688569
166.33949296404114,59.149901535862185,52.369547948344234,53.29015802538569
164.77061468572518,60.25445635287174,52.15299661503779,53.14807715227661
163.7063963204522,60.63671190402806,51.94584584405786,52.86309748712256
162.60889914296288,60.73455866359525,51.63655510191431,52.54257858724563
161.28888160961526,61.35847473877892,51.62364918006891,52.570208587452015
158.63770646317218,60.6262335822301,51.87302667937596,52.805811568007236
157.8960038700978,59.7509278950146,52.16396310312702,53.34555279568685
157.50225822570494,59.45845479117904,52.293643942312464,53.79521797699459
155.16843759734593,59.360777179201776,52.653858746393766,55.00975564456789
154.79991199205585,58.99171780148295,52.793184565585996,55.41052185593626
152.74127786997744,57.40570619418891,52.580920186451806,55.67441490160954
151.77949944784476,57.44961795067898,52.55380643077973,55.50856633071753
150.26247925720418,57.56835531468366,52.742662009051884,55.36006053533679
146.4824770257618,57.57007508221324,52.92369823310604,55.56295779656135
145.1635406327074,57.840341847223414,52.76948227219029,55.38110072990656
141.47875389261145,57.879967121288686,52.07766201458924,55.59456498618695
139.4078595857759,58.38955539739527,51.03140464971419,55.73622763399362
136.40713771916165,58.32095769313854,50.45488550757648,55.690500172586354
133.2172429568828,60.4035379568036,49.84477730416786,55.74197630297107
130.9296982622127,60.259040318239684,50.055088651668484,55.72334777648334
128.404171701615,60.860057701261425,49.54750653803107,56.31512826560495
124.4204480498465,61.01798990329327,49.61947273194896,56.464157411221976
120.61052093832473,63.45588687366212,49.81918668857408,56.61687070315028
117.3509672930575,64.01321949609894,49.76604599708338,56.48202606736936
114.3042066448966,65.11099126667492,49.795822748422275,56.51991791859719
111.33304000151931,65.65333735618508,49.99867553972396,56.82455505380872
107.81823344595685,64.91260413489657,49.80765609774828,57.56412182721536
105.73661775045383,66.1490550452074,49.57596618595892,57.947074517854674
103.73851667565893,66.72491215652109,49.1873335691608,58.41681763356044
101.86072235598836,68.91609707836463,49.100809667303196,58.92407953807283
100.2659706085709,69.77186335249355,48.87793795042243,58.924599692718715
98.18220616914266,70.56819801893894,48.786708284357005,58.63514967821784
95.69531827344679,72.01462131995105,48.56816706677658,58.175600948736964
94.42909796110699,72.09077479233386,48.225025234867445,57.767514290579086
92.84382634973089,74.00890151887532,47.79772767163943,57.09735132592999
91.51303858411751,73.66550431896705,47.43553072476256,56.69541634418524
90.71989319261009,74.0096785621142,47.22524369653624,56.33131909242234
89.21006664489022,74.1338767207233,46.90543808798121,55.99517413591861
89.24795256608868,75.43850338050096,46.25324385226231,56.11612587541479
89.45432494476529,78.12232317048762,45.83460124371391,56.72640921185382
89.76955311571784,80.01097905334386,45.637929118451176,57.27117853516111
90.75568045037666,82.99541673901143,45.163804174589785,58.426448194801324
91.19358564980557,87.50986621530832,44.88876383197968,58.87027511043264
92.69598056937622,92.29702344695431,45.07711068488548,58.78450797227491
93.89723320211198,96.16934594080472,45.97002248980279,58.385070198929576
93.97101640405056,99.94070810659576,46.44681229615739,57.76591506977057
94.26827292772904,102.769967223597,46.82319191657079,57.105069870436076
94.908965090589,104.85036864872187,47.253136097320606,57.022518382033276
95.93894808042654,106.95393119048028,47.64235715797452,57.48105367983359
97.27938135517246,109.02304823463618,48.85751817348513,58.43899812316853
97.91228167113255,110.65749138180588,49.66029959951784,59.873062306429205
98.59117694214932,112.61348557334033,50.004660832844394,62.02439074541231
97.86217688499084,116.19986361768831,50.92579732211175,62.91917864017583
96.80009733967434,120.22500921234737,52.15227189822221,62.627530124350116
96.62607388206095,124.9258736364698,53.43150888693914,60.93342761887871
95.39484057824419,126.84424132108532,54.499181388089184,59.148204491011185
95.8796914737389,126.96380912143209,55.307053659447185,58.252784617646924
95.60625770991118,124.54918345115806,55.989978504359556,58.18539708795572
95.71088256027356,120.55769565607423,55.860062392115736,59.42200236257161
94.47888655014198,115.89331290903972,56.12717049552404,61.19315257648927
93.71508176735158,110.92911002686765,56.123108179429124,61.88636699561859
90.44862143430323,104.75827308269916,55.925152399755554,62.20081157487351
91.17266661181446,100.1724047870173,55.18065815984541,62.056944910011644
88.5532710850633,95.94316632172409,54.56359708627253,61.34603974526115
89.33780632442927,90.0946699394327,53.58630214407775,61.007756096880065
89.19998418795062,84.77410127242716,52.98940248602767,60.307285383405805
89.16872851392638,80.32925730844671,52.893673143248776,60.196157919826156
88.81463423759467,77.09830497879865,53.33433164205822,59.68041765877316
89.58745551291528,73.17509234651834,54.01502461692967,59.48006424443973
88.71470992275479,71.21868758794446,54.284125077836904,59.72404956572571
88.88816036679444,68.6485405145718,54.553886036395355,59.71909625305936
90.7006743633244,67.06548016995743,54.84170603909348,59.72690819785761
92.30839046238917,65.96943987474808,55.273267716467466,59.44559224858817
95.23279550660249,65.42656938547402,55.60282858064704,59.0571743440415
96.92131327991066,64.47515202572768,55.0910853447454,59.01750012760583
100.69042980782797,63.24447276675478,54.67321743173306,58.63224952995106
103.09996615161035,62.9046458584549,54.605935744534534,58.42403297520911
106.46134775009334,63.5644077104506,54.4041724560158,58.1056228051914
108.76445568534179,63.63527867457917,54.177098869912214,58.008096120244005
111.10968917231355,63.8926862710946,53.99313309378362,57.8212430575213
113.47232851436047,65.07108119153635,53.31201286839949,57.67465424164695
115.29881196358058,64.88574489124642,52.659031426425976,57.479968322672676
116.21828874311049,65.21272206589099,52.36167547211771,57.059683388499856
118.31688433665781,66.12286889278383,51.73998644223439,57.05679019018903
120.43858779151913,65.99808460127426,51.14659011829666,56.828665871119995
123.18364838816562,66.36155187776164,50.413700637344995,56.423311161904756
123.74511618852662,64.85692430927254,50.16029106525609,56.6548377412963
124.60842350541624,64.3883791612023,49.856315682232186,56.566965254576985
123.02516520155106,64.78334824589923,49.428956881789944,56.486446037648165
121.08094082527693,64.20195410759632,49.72309797328168,56.580553908637235
120.62159256422788,65.44223620051079,49.941598825251894,56.59339077337593
117.9672386808186,64.94828744569509,50.25985096462907,57.22026944650908
115.27136996454291,65.50108996105723,50.49214883342921,57.51471255249591
113.48733216137227,66.01070298318194,50.68314614501648,57.735437522765196
112.35946056095328,66.29278114287048,50.86793383094661,58.098523303626926
108.5564285097951,65.88676768941129,51.263825280064744,58.29765960938718
105.97102463606367,65.5451641928112,51.33198476931837,58.406087926554335
103.6953971629645,66.65485093124822,51.51473614496006,58.805828133380864
101.3909465475579,66.95261978126024,51.72764271253473,59.179401160666984
98.11368407244467,67.83915774922934,51.901791800639614,59.374962571950164
95.56638548488866,68.48706465280745,51.75370651878143,59.41092538375148
93.64721535203705,70.6023602685035,51.13755946072365,59.30414587416114
90.30818699989888,71.45647305509547,50.622316394644756,58.76746866752383
89.71107124899302,73.08236742248158,50.09167053897357,58.77335462681288
88.76860531267394,73.40101113053211,49.50819644962138,58.60880514887749
87.64982884494933,73.94805484800487,48.923049838256645,58.13514049444572
87.17997859028972,75.58368789370445,48.529526051006016,57.47891923527619
86.82097104582498,78.18600362545266,47.92969734511283,57.32553107698607
86.43037644172989,79.45856238652408,47.603110149875874,56.98111550682381
86.87443113945585,81.57296690612462,47.14712551815113,56.508451468080494
86.74153367495873,85.66482337651135,46.42108515099136,56.63652422524406
87.34958292878476,88.54842868507586,45.87375159218421,56.365145097678024
88.22541138598868,91.61979350180404,45.7828029859963,56.16254331380052
88.98221521450616,97.04468260705062,45.81772328497024,55.87835596176684
89.58343196547479,100.65397987534759,45.47033891633376,55.31626367202958
89.51400199687107,102.9228470378493,45.37369205074386,55.104169071757596
89.78499110726568,104.29358141932693,45.440131102522386,54.782204236033195
90.12227792076422,105.5833032105079,45.69709826274532,54.53706069486996
90.28281650879376,106.9499873761988,48.14194577884018,53.53601350663849
90.33151041797689,107.89362114016188,49.9395926313037,52.94266685330798
91.70531849590483,108.37778794364812,50.9832786795799,52.591669102296336
91.89288004239926,108.83446271899459,51.76958213078049,52.45967296566211
92.58567257660823,108.52832126411734,52.019141415275456,52.854865715761974
93.96479869894146,107.14315241991066,52.06613528533981,52.96475056146292
95.74644735646194,104.70642231092657,52.28062184099589,52.823560911419634
97.38341571617168,103.46985297637858,51.88468347362718,52.79151612218739
99.52645235103144,102.58942377251039,51.575808089420974,52.53766601094182
103.05080717054217,102.50296337466412,51.68952587578403,51.90535702357619
105.69374827384512,102.57165270896562,51.93183618931974,51.4371104386276
105.9389811187853,103.69392810791209,52.039602351493954,51.56026236328408
107.49321743725662,103.65390604723605,52.34765269428766,51.53959468447814
107.77879147766461,101.93388090556516,53.41900990159575,51.483233167435394
109.46036709437513,98.55108758957827,54.493989046897866,52.29076907156493
109.00363670392973,94.74553405093164,55.93659894287426,53.1554161879207
106.69832726355058,91.77352311859443,55.26994941390356,54.35246263068962
106.47013524600287,88.73198772948327,54.502973983399926,55.44438827493977
105.82746214900232,85.66154546277758,53.46747218927237,56.20700075177153
106.89450235478935,83.22709582529005,52.79801069897822,56.84304518360696
104.6230067980986,80.23180316429935,52.60373145713511,57.10952037909301
104.08308677460943,78.11571361991749,52.312319563386225,57.20094143028958
102.16364665390996,77.48723248410685,52.937550531866435,56.91041024411666
100.10684207895932,76.19468007571211,52.34978991934707,57.89487202215646
99.28085883704189,73.94982265720515,53.08906236622132,57.02204852146285
96.9798553999664,73.95247609035843,52.31319820384276,57.69614931134909
97.02163553246885,72.02817383499962,51.95585786114202,58.378550323226364
95.8217048655239,70.53259905488964,51.88173566880207,58.727257895454976
94.58945836767384,69.44023651847797,51.7282446080294,58.69865579886
93.6616913339757,67.74772370293499,51.391397531855745,58.77512725743007
93.1939658997342,65.52404817077257,51.36850513289794,59.552020481789114
92.63160502977146,64.39117754735899,51.26927028789301,59.80386430964043
93.12303899748164,62.865208727947106,51.43787265600811,60.529722818291475
93.5442093155684,61.50782127496077,51.759064157705374,60.88974613735009
94.1820910635492,61.23099835453472,51.874930715263986,60.94674524611028
95.11464836278562,60.39972043465751,51.89860040615119,60.884096737300545
96.75258436553713,61.46182621257887,51.98756223243525,61.13423000720246
97.35435591318046,61.324171368419826,52.02381303382374,61.02577131583229
100.17886934456895,61.43355645318973,51.80095890435362,61.378829750036985
101.49179722168837,61.493727457574145,51.96398778985478,62.04929022005844
104.02509084918813,59.87265999754375,52.05743566821708,62.590531738019614
104.27941579445692,59.834339151482354,52.38598296224218,62.80223473888398
105.79254281270505,60.6337471093841,52.68121134571356,62.76332959731144
105.57748912722424,57.81036254678129,52.79557944265022,63.31546466642576
107.3923379224594,59.6889962654347,52.593938807517404,63.26737925312101
109.22535532154289,58.685431876206124,53.10752665949693,62.87934640285502
110.19245583129477,59.26882785685143,53.37801919582509,62.760797487371285
111.88709554480812,57.80581903832996,53.93108109646561,62.797472577951226
113.41864132904519,58.05609323317316,53.57641743402787,62.74782739532851
114.91605185103644,58.900150678114116,52.91408969525164,62.5414771796333
116.45138898339812,57.11322550094816,52.43604772422948,62.57274144578466
117.58741171338967,57.23528746203684,51.637448871836085,61.81483126729398
118.78468895311265,57.05850030458586,50.6264499238919,60.68072145152728
120.86018487538915,58.42075722858872,49.16919057941518,59.85301551253342
123.24602042290257,58.18706162815475,48.15032900892449,58.80798176757006
123.7940350621173,58.10382341107067,47.20499843700271,58.27365206083856
126.11764392183034,59.0135624114828,46.71989915248265,57.527023810533095
128.03415743337413,57.532350445298704,46.017506198837815,56.9744888844113
128.8517967309021,57.26267697762282,45.053849999297334,56.32128718714131
130.72241682155132,57.50015598054537,44.385318901556005,55.55357029925046
131.45812942710964,56.64350409608679,43.532249143453726,54.99709486284536
131.89181746008236,57.11486832516052,42.84592674576887,54.56340223042726
132.32557039797976,57.47570406163945,42.522213892606636,53.98494990062165
132.5160458931561,57.510528395285945,42.18581391715415,53.44284239391214
134.35774850972763,57.815724647249766,41.69049519371572,53.25431878050841
133.8877377528607,58.22432395111331,41.36870092108788,52.86842966417727
134.7844369578759,57.92094377063877,41.05700257380928,52.88453356579483
135.10612092726788,59.2788727723233,40.67755395870807,52.923065563722794
136.04487695112041,59.37070410605985,40.45496642291249,52.50813268729488
136.36291300027787,59.33503277784016,40.31070676237034,52.667956963688354
137.17866271671403,61.072906568486076,40.28748822663853,52.853300948482335
137.8697777316297,63.18235764245888,40.40397121331715,53.360920292541124
137.56638689973278,65.90705629432546,40.4497446025558,53.99583876563294
137.77417542651108,68.69903864571575,41.304776570186036,54.119143254594306
137.37926966845566,72.91715913791312,41.936541274477776,54.45047658050229
135.97760614980206,77.18483993790912,43.37719943990547,54.71154556827884
134.62745801734343,80.24428090501625,44.1052342759897,54.626856673004994
134.56067826536687,83.42643244628024,44.98403828296403,54.45517815941622
135.87140867383172,84.77298219574338,45.64831784155314,54.497541802884975
136.23304004402524,86.59450671774744,46.03559692169221,54.84507355607231
134.92864883021917,88.38216512994435,46.02681586320514,55.195682940174564
135.14487984132825,91.03084840370579,46.18080900732686,55.1472950074588
133.5158325447051,93.12351072802777,46.180068046450245,55.34961512657608
132.4118795575971,97.1610099036561,46.690804001516426,54.802406368062336
132.25767008555962,99.04095044510079,47.198125716468276,54.552670472550886
128.87437548037155,100.39843332679345,48.1706771079357,53.797064831846214
131.71201809107416,101.61955258135684,49.11372808724464,54.06160747162997
129.39576091292182,101.21566000808077,48.97789374970164,53.97476808691303
130.11876564139547,101.45147684183151,48.58296904960556,54.007690956086066
129.4287423431441,99.7252254000577,48.761526555188766,54.09705039557242
129.1984956872026,98.01811784674334,48.65477146304574,53.72923682712177
128.53277315548831,95.75435950908093,48.956022959198314,53.55236297662872
124.52374310336852,93.47555459147152,49.82149517281292,53.06464848628602
125.88344873234627,89.21296014202166,49.57397364912562,53.512858701714066
122.05161406863665,85.96704488522823,49.991420480512126,53.536189554808985
123.11088504523154,82.91242923746398,49.7180903908401,53.68156224590631
124.21689849048744,79.06435477174642,49.574705401344545,53.9520090823097
123.22124321319822,75.17618025979915,49.53962635707653,54.00089056927796
124.7142647736773,71.6865678377387,49.29649767436606,54.01738023731244
124.27666352160128,68.26025693551594,48.67800372733098,54.24479700177993
123.2360699788307,66.16788101236152,48.81505407409499,53.90451203626017
121.8924470773888,62.71272304347287,48.42008027630128,53.447504098610224
119.85590127183379,60.62855755793852,47.778705792440604,53.30177295114865
117.64966128286392,59.76381704043949,47.25699692760692,52.876448325898906
117.61571486050804,58.42302967433585,47.02552910961993,52.100759349991556
113.75226690754586,58.62347644698329,46.99266558942733,51.35400597908557
113.50785550933213,57.234352326328086,47.09005160039527,50.77646885052293
108.68582836567724,56.90966918199829,47.70361405878659,50.14532483282419
106.75342859264904,57.08463950956726,48.072782386886445,49.42623452258256
104.43030867105746,55.8864582261303,48.33417411224124,49.01612931792633
99.73406571883754,55.144082307090244,48.95397305836809,48.62154837516843
96.42750355173118,54.052183497215864,49.44446822693139,48.18004177281026
92.98441294308473,53.58647573463741,49.58074528849309,47.922335336373536
90.23363443677358,53.38113123134174,49.40082141656338,47.44669850678324
87.58701404840505,53.11684363287411,49.3113345703146,47.14011803784402
84.39812716340239,52.96812309819997,49.40640923219617,46.9142933281739
81.90379877637378,53.881303935489605,49.1614987683994,46.789944430923114
79.73574035373537,53.88370252380276,48.87702492687809,46.86658083362248
75.94808794517684,53.843167842132324,48.69801961292218,46.86597900372128
72.96091091215375,55.08707767809719,48.41326179771223,47.25726323079363
71.33727581020729,55.88638064818887,47.97900581752313,47.46734259334464
69.58168490708692,56.24934142910591,47.580583074355886,47.66523121551247
69.22076997849291,56.502897766388294,47.307775978666896,48.112297768299854
67.9719511888348,56.581546901518486,47.23265607545444,48.3927053426802
66.71760397391455,56.51184117674468,47.35582098716749,48.41780789109666
65.90306468278871,56.22679502904319,47.34339587774589,48.533785361966174
64.34922047951326,57.405849114780025,47.373306183329355,48.640465865800735
64.73874325055934,56.73193497558693,47.333625503679215,49.51829155257697
63.72872599954853,57.38437576787271,47.572311061990526,49.462338872538794
64.19411661825596,58.317782434847224,47.79576018079209,49.74087361064177
66.35753915913743,58.24200278090623,47.680288905028895,49.70437367794415
69.94760642096841,58.05430439809109,47.23603189525245,49.26093601955557
74.29164057031056,59.31949512016359,46.777271724925086,48.978594774690364
78.60681765076086,60.46620454951611,46.41298220788435,48.67832400444052
81.58732688382091,61.29997324206424,46.4065883946268,48.07954653755714
85.26494365175336,62.14374733092215,46.13539883840668,47.83778483597657
88.50750899756567,63.54472446539643,46.634331772117754,47.449410269405355
92.18641909622428,65.70279471323315,46.92439260583688,47.49732826829979
95.92602992485669,67.09670275505775,47.186488220758356,47.454079817325756
99.86484789475863,67.7563998573425,47.01914223609365,47.707782364923
103.59186599896117,68.8216593738655,46.63573800858454,48.331474280821084
107.19922342099979,69.55879128320751,46.34986141752856,49.098907535119864
110.19885155310456,69.07787271135327,45.85394301342644,49.57070544943534
115.12942453969984,70.43064767543552,45.86480154920805,50.06995970332345
120.10870394663586,70.4229188073014,46.58954752201814,50.34592710937241
124.55294263512278,68.96987622087974,47.517189339075045,50.954674273335115
128.15938982536764,69.82194807251875,47.748378649228655,50.99400409987276
132.19787288215574,70.43392354666088,47.7259283742755,51.003545406799375
136.21632974973636,71.04110476281251,48.65466996595748,50.687711669602635
140.41691609666626,70.93432326192898,48.889601855837945,50.36718307953467
143.73121267147422,70.85032367955931,48.97290655625863,49.97833276459872
146.7251867030025,70.97051417227068,49.12387021729269,49.513439246822564
147.9728060737062,70.8203606381687,49.041818502862796,48.82764516451384
150.79110168478545,71.49108546629657,49.5934439669531,48.80249888064123
153.68571374075376,73.39669545146569,49.90413917416932,48.892115378045915
158.21944931930247,75.43295119808758,49.385484697980054,48.945079291448835
161.87673224890713,78.472199741812,48.780216972620835,48.66096477617406
164.44898758519287,81.78512437596186,48.13280808380179,49.038729456696394
165.14172312125854,84.05658278088194,47.63287022528591,48.84022306632035
166.7015284566381,86.66666717710542,47.47238888802285,48.89418080356697
167.7019082948117,89.04592614755134,47.32884270883753,48.97760469617123
167.92713545948953,91.98664449021277,47.42268941250188,49.337528198378884
166.35066508735218,95.95108611693124,47.717708556434815,49.06369140795464
165.71461390789258,99.48930446386916,47.97289952791045,49.59169111163129
165.25212869572374,102.70545277113024,48.10430372528891,49.86814808292456
165.72268613757942,107.56910755598311,48.073011186357505,50.35728062137313
165.39877249917572,111.87502215215092,48.364960646487816,51.037524678854396
165.607688597925,114.6674962054801,48.4187074046396,52.047874862448715
165.77993862460053,118.10114060662113,48.87033091553185,52.98038073408635
165.39959293979334,122.01360674866194,49.53764950059126,53.66390086547103
165.6046273642796,125.74445195518285,49.56900657115154,54.56048777329103
166.72094156955478,135.5198191128766,49.91941005337764,54.61241649806466
162.39218983405814,140.50251863144194,50.36959712575033,54.25426195251113
164.86110319448724,143.99158972415572,51.003860553817916,53.957425175561355
163.50560126689885,147.44978463392192,51.90393499138453,53.823572816356105
162.17897931524476,149.19943058139077,53.05580941837434,53.827572289902875
156.25576521123293,151.0962206102246,54.40770027288238,53.328220070751456
156.88465106927583,149.53373616847125,55.01470850598478,52.77575450983069
157.34629994726424,147.65041977460174,55.66040872917209,52.429635336815274
158.5854258147803,145.37807522618797,56.13079233387693,52.797859875995144
159.9126075640859,143.53515806459612,55.53449687229878,53.51620090350927
159.92617949321811,143.65363191860467,55.67046227185163,54.07070637818947
159.11725625227518,143.02308728528413,55.59898795104892,54.56709040410411
159.40308323880166,142.6392543356771,55.29370123463737,55.00174673248111
159.49966719271382,140.3443322347186,55.19033385599497,55.50083547175163
153.8113550642056,128.47603320151705,54.32381026297479,56.93398009272014
152.27855781209226,119.53912417197455,53.989569895909355,57.90973067743994
155.03347292727588,118.10756404965946,54.096695422683254,57.85694020124491
153.41141379626677,116.02501558725501,54.583591985940465,57.410039521683714
149.762900936412,114.60363331463208,56.28541955120056,56.04202487686611
152.6258078670778,108.87797543814459,56.62110862337111,55.111239570881104
153.66315060866057,103.88781806229959,55.643150392212135,55.352727570862136
154.93691510846097,101.43863466570048,54.326275036219464,55.31398346318145
152.79488830402946,97.94321698286154,53.34951922354317,55.72145243481636
153.5510103565248,95.16781705678794,52.06082312854408,55.90761538892277
150.38418597976076,92.44072791593567,50.99903082677433,56.203933391544055
148.40018653218317,89.69536257975486,51.08368054170795,55.78529411837958
145.89446100772054,86.75925497745303,51.46573658254607,55.731112953049134
146.10346482981834,84.52512657143723,50.6473777716253,56.027793265141796
145.29407080045178,83.76603065535839,50.1266811864223,56.59890323341929
142.92551716495956,82.8120619320553,50.49369940329903,56.89073083200301
140.23602111552844,82.4399541997251,51.23855959374451,57.04589695736899
138.83393237080267,82.70685502673487,51.79681642508449,57.1736738989877
136.76483736772246,82.9399317094101,52.606289914750135,57.23367952211305
134.23295520806204,82.68546451663755,53.368506229920634,57.434303905569614
132.58728423688842,82.75283488163569,53.41809173305885,57.52695762230394
129.49881692792763,83.1354131133682,53.52244982815332,57.61965230649058
126.32668661908816,84.58744181102199,53.702370426606166,57.48001017531264
123.13375210325842,85.88369309346989,54.02432372874297,57.1901423264508
117.93874032412761,86.53144899586894,54.81063806611835,56.60165348660705
112.84345822862478,88.21473761593855,55.81617036625485,56.20114499112727
108.63709161930906,90.49831612349044,56.98701649229597,56.07647903055841
104.23380774806978,91.63976054331283,57.61024130111975,55.912742736842574
100.56313071918167,95.28213581448304,58.54005294327706,54.87128452619772
97.29411897328879,97.44267716773042,58.91410358044858,53.888355897232856
95.563940883708,96.83855211375092,59.26088501633927,53.39742969369895
93.5337030175781,96.82720682906427,58.541054409335146,53.87773563859105
93.16980323668759,95.50493034391627,57.27560908471788,54.10564618144258
92.1198753321931,94.91104451626606,55.97419831884721,54.27484252603591
90.5046282966257,94.50403544399029,54.96185734512119,54.13462851431076
89.51207856057448,93.99468841344222,53.65219706685741,53.90472280772197
89.36405760481566,95.05067025804689,52.45347703455792,54.02347129388187
90.20688671880794,94.74136927985914,51.44319087068699,54.199939644777174
90.8867998598237,95.02517993702472,50.86128608647726,54.33056218687609
90.96212850354081,95.45862124835548,50.53990506275687,54.625632894254515
90.95699260076529,94.97108946707623,50.31919112252028,54.92932481803817
91.14780099179345,94.98189581721098,50.28849206721911,54.81419707182776
91.07398981199091,94.75160190483594,50.006572630378336,54.382803354467434
90.34122213600011,94.8446124488378,49.85798547240357,54.072951053943115
90.42347385815935,94.4046944272699,49.95538886054168,53.788124497515284
89.08927710958376,93.81295040276262,49.13785072278992,53.87731501826295
88.02774612225926,93.06418921061442,48.69142441046689,53.61233926222428
89.26763345325442,87.36621068053813,49.23415002504211,51.5587790723158
87.62051349732704,88.0108113786078,48.94440389296682,49.95219766509477
87.54597190837622,88.29999545013136,49.272090943525285,48.10490397444787
85.85100366139403,93.47576139846694,48.94998820523562,48.9729012296932
85.88657482892569,93.34010206679469,48.656253531252666,50.27448021751586
85.4617660900117,93.478135129434,48.48292286321428,51.41996388929537
84.02526069224317,92.87319431416059,48.41584014144786,52.7076908101454
84.23323219915567,91.4602415448879,48.86833882855822,53.44004042141418
82.91538141788415,90.36431632254568,49.30208149637165,54.41503891640684
82.00973921553413,89.03075785300419,49.87120689209189,55.16081240971192
80.02747507884739,87.02876502898187,50.90081700025846,55.230325973711146
79.54458065216298,86.4699401240734,51.84879072007054,54.949264340580704
77.44396842567559,85.63722451952529,53.129967413035544,54.62159383363537
77.15839565437979,85.02384342591654,53.66296498831841,54.38784385959799
77.03430755314928,84.42394742640052,54.34319106127045,54.21208260831722
76.13581421791378,83.06787782744395,55.59376389287809,53.67121940106372
76.6264310417854,82.00566577541872,56.33954395229581,53.00516026880131
77.02545457449314,82.11788844236256,57.19673861470929,52.36501455887985
77.46870207910739,82.0718170558429,57.801446436749096,51.53713526151132
79.17208786885982,81.45199978648985,57.655959447011696,51.58819942000653
80.51655116175534,78.67751022431753,57.351172637450496,51.81628764087828
83.07594082326376,74.9179806287699,56.87363248069344,52.32454980820033
84.21680076905373,72.83322202065308,56.35492428306796,53.19356233998573
87.78757944107232,70.14498407489197,55.183256579838876,54.117841633455
91.91089092545771,67.44915571107354,54.25580503974854,55.34705472324392
94.61868366547534,65.38690880960885,54.52461439613906,55.91048642862388
96.966173083951,64.82040958557874,55.001464305983376,56.6342166762866
97.74485166668497,62.13442851793441,55.863123501752035,57.47158141472469
100.20013251480124,60.53500792569102,55.71811289575995,57.52263693560673
100.4237615306016,58.116326835703134,56.148014876881255,58.010835106488265
102.03240276560147,54.618968580400015,56.13279477527445,58.96476582760475
102.7269577659422,53.03338284282399,56.09722161884654,59.06137141530563
102.82238574181912,51.144547407998786,55.77961728404749,59.8954745321179
105.17432093271618,48.44597716713895,55.262483962800246,60.46753986430144
105.13836252252682,47.69119147433741,55.31010462052899,60.0161067542838
106.11343853316372,46.3595550428775,55.20059958144819,59.31918183468713
106.84476191813823,45.37970754869157,55.513067705412425,59.136351150146396
107.49557571200972,45.79369928392225,55.73977688105141,59.39542741593686
109.23638181330732,45.48042647480936,56.40206316554728,59.080340524931074
108.85554546282887,44.79283356234046,57.25375267859026,58.856073496666056
111.6674297189038,43.811694032329584,57.732112672147196,58.86034426735065
111.14543731382189,43.557300839084924,58.251726752387775,59.16671706507769
111.07575094586872,42.72136015459743,57.77596191123723,59.61323601397059
113.95113620000188,43.39273035895562,57.01175699287568,60.14893658139709
115.25473853815652,43.11829931324907,56.496372556587175,60.649873736992475
115.09171675351028,42.10466458862453,56.01149308596647,60.74272748819009
116.0606937939341,41.57135904705883,55.72838150103709,61.37185114790155
116.9102694606317,41.71065248176991,55.84066431738404,61.40342333585815
117.90713732037189,41.60233471946958,55.32349372050803,61.22089114395566
120.9169219523672,42.01080411668594,55.03245009509771,61.689545978406315
122.41005617859696,42.552241086372895,54.590643608199116,62.03163384437603
123.77939076590428,42.821436396595814,54.253335899038575,61.88628280809004
124.52383908094184,43.4135978578259,54.20898143853439,61.83950809386657
124.87710629317232,44.306446898186294,53.909935896615096,61.50501288256106
126.75282327574965,45.88941595805673,54.15197498443892,60.924272688387816
128.18457940215146,47.47332328194588,54.26766476372454,60.10117482794777
128.26401317281085,47.76376971773967,54.456377416879015,59.30333665089354
129.34594228847064,47.6875102042793,54.318403813855355,58.719494472236434
129.38313235042295,48.72831702582382,53.857572892631325,58.35247483568578
129.6027870671096,49.057335191079005,53.101044678740436,58.17499174475938
127.22378629390593,49.014269889747474,52.86829257448248,57.72629445941051
125.29375694819453,49.834340259119394,52.65827289294999,57.625382398416306
122.57303376933879,50.139507814076666,52.56247445390852,57.25091991480639
122.81431411455817,50.90129313745109,52.188053390151566,56.69758771524686
121.30128038288734,51.41775704937441,52.23979066664934,56.6283609011506
119.69936422969818,51.96059175867944,52.74957337624117,56.59162665748254
117.07143989561911,52.45215693531708,53.12402002871329,56.72650563304945
114.94838117723555,53.09246438260641,53.21914078045232,56.91587443540834
112.54608822984945,52.730418328523754,53.64844581813836,56.73732488955907
109.22468676734945,53.51423488596286,54.38692897995473,56.38574919445777
105.91647162416176,55.61563785282849,55.37661690335407,56.48699942832904
101.21350402334852,57.360334238213376,56.14462600329596,56.6421421990937
98.0589821480041,59.52185198310012,56.99008151622233,57.358087193329
95.34174563847168,61.05696665542243,57.31523103370027,58.611109572927546
93.14699145176291,62.86250116074861,57.59049446922107,59.281627686146045
91.32551904228967,63.39375887653006,57.53467973235091,59.5230608954065
89.7649665054791,64.89089444309462,57.48046656485268,59.382645610589755
87.47822345000041,65.11096284571195,57.591137867918206,58.73755166288284
86.56254795055847,66.75447785653324,57.96665054416265,58.59135811851992
85.3385907751159,68.0001266332289,58.0881405347725,58.33934841836955
82.9277192200054,69.22639448507104,58.438188698704444,58.16511276160607
81.68480672351353,71.10699478409211,58.549123841071705,58.2694524296009
81.31268327596608,73.63762809855776,58.69160206370035,58.436004766581476
80.20165858115605,74.66985721823616,58.70246575957955,58.43660523541557
80.00273489495905,76.66505224621281,58.18783420817594,58.57662680437075
80.04356286245591,78.64953635876202,57.86132118545086,58.6018654846373
81.26864276227668,80.42538903277709,57.353304706846615,58.4575824407606
80.16279319890914,81.217985625502,56.80791970234086,58.157325206543696
82.33798341453047,83.56165609616718,56.85296172974688,57.77490112388644
83.76010889522205,83.91728557408067,57.28374734177376,57.5331014633323
84.43434197046349,84.0815761176816,56.64690664810087,57.50330796997196
85.22357700353123,84.83743232882117,56.36631746995061,57.400701802270476
86.98121131753538,85.5175468156396,56.1984084992299,57.47301479507189
87.68749554582338,85.35911301020579,55.964755900922654,57.19022636050266
88.98864252033235,86.01497414190004,55.55579891555829,57.1331297751766
91.15254173283954,86.38030382822446,55.23505386578804,57.029717795659025
91.00599545602282,86.16585154739221,54.908222648993785,57.026822945549824
92.95037031609368,85.76896791559327,53.83738550743483,57.116054963252324
93.50140683975829,85.522615041762,53.41196250740786,56.9231861793597
94.41496046776038,85.72239665404933,53.27880816945633,56.94098659843126
95.78209525198169,84.87669331072928,53.15719543275507,57.15106491688441
96.70296186730772,84.89291829307294,53.497432083160724,57.39557225548271
97.58620588505087,83.4935938372976,53.60755396912981,57.74129810756988
97.9785175992401,82.40763837962628,53.772607412051094,57.8729775566192
99.03653592994982,81.02799720078353,54.0562763990539,58.269784042264895
99.05676948416217,79.04199380178906,54.388657056313335,58.5664447041607
99.15922549867958,77.5753035171506,54.650774509404755,58.984048877639886
98.78606877576108,74.87088660458349,54.716964804893074,59.37357842726142
99.57336675198974,73.09726895046911,54.836097657024084,59.95277469969304
100.39213528369854,70.69280142898856,54.89615869331504,60.41308455954869
100.51834820460525,68.61287431967278,55.44326866244906,60.538296081799615
103.60719813159758,67.95597244011034,55.02432926073487,61.48647729067541
104.17685410419486,67.32670851653134,55.04261759916305,61.06450999489668
107.47436571121054,67.72194706992286,55.478367547973505,61.103323516546865
108.69437483201624,68.14753068071352,55.78397456385417,61.44850353159887
110.33260446575268,69.08204507009938,56.56970344487982,61.58646613924072
111.57656098512884,70.54055544447289,56.03594430150562,62.245231504232734
113.32017218476622,71.64881034390282,55.46356069312439,62.823479548390424
114.69083162180955,72.13363704093538,55.1425315739053,63.334427345845995
115.7516068493475,73.09492211823856,55.16000156179207,63.50428611389285
116.23963134077539,73.06406957895805,54.96585125628535,63.80254147886609
117.20015295152078,73.71337507235741,54.75180924405362,64.14928285565381
116.85197834839512,72.7055048516377,54.359624929606376,64.3204604089478
117.78349187100544,73.07248123462318,54.177855132310555,64.54437484811979
119.26551004216174,72.84898874525214,54.0259943023118,64.33747970753814
119.25838518366751,71.29093708024877,53.881051531702795,64.29203752248448
121.23235020577809,73.4051915805259,53.284670397622634,63.705539925967685
124.44141115689115,74.34503555082405,52.43832011710059,63.58431429520871
127.053476950081,76.79923618134654,51.32703585890694,63.183600125991106
130.20802016028316,80.94212993702578,50.45262513201458,63.0276582338343
134.26894839987463,83.42608150100054,50.169488020812615,62.9985120486338
139.37329495025193,86.44056909890945,49.70755338105653,63.302465987184895
145.5054600964463,88.77538154380115,49.55168542234699,63.723525988148566
150.90437903932673,91.27864788549006,49.550828394435236,64.00751397280052
155.6194334372234,94.88031352305944,49.699823068490566,64.89224784506168
163.55053961257343,93.98391842450991,50.92478990175046,63.873908472153396
166.42844326301605,96.31825916522317,51.504940604862995,63.40812310889094
170.2697717508915,96.05167194963627,54.646799925498826,61.96664322316256
173.2462872583979,98.0100471673293,56.72619860561544,61.36843622191958
175.43242931299562,99.03603661614346,58.48320889186674,60.36509197261432
179.42407172288938,100.49127664596942,59.3537620389982,59.61355699658057
183.65579646743626,102.20955677575338,59.98245942337854,59.52239897776582
185.73524461728283,102.87385816868803,61.570514226895824,59.04214606114779
185.18149663321617,101.99041231975478,63.54922983003894,58.769321276851805
186.52874727147505,102.01184665751391,64.0857296922083,59.134679925819306
186.15615820548473,101.31656321739362,64.37998125210451,59.472430772696555
185.42689048402815,101.62662968493741,64.9455456561993,59.34729456412188
185.31504461687052,101.95441852478294,65.2212661135757,59.14506447797673
185.49686045397405,102.12158312875837,65.3374265276388,58.75630421528473
184.84570067145964,102.52248758032528,65.26303377043253,58.56233638661763
185.3989713517042,101.70667418128939,64.6482237257946,58.76484097514046
185.0263540940702,100.89546023352756,63.8264853893094,58.48797973949955
184.61391578928803,101.16496584745481,62.89485138352487,58.34324486238168
183.7268971962261,102.7872619909886,61.76873827057646,58.30365536004311
184.71017833282116,101.52382143818491,60.49748015273613,58.464875798231034
184.82345057368317,102.69015038347669,59.337710516135374,58.70222308609903
185.8607337497155,101.60549248936383,58.51979187010252,58.34085797947306
186.0491832003873,103.66837497641909,58.01678783904016,57.95043622321227
182.65534938169463,103.25639443651289,57.61121626438933,57.69248550073279
185.29674585251405,103.55100143586768,57.472470106197775,57.508168834214715
186.85095269243087,103.66860030836563,56.85065014966125,57.09453953359001
186.9216245172049,104.98024077403701,56.689592185622644,56.84299489031794
188.12748481859836,104.52825839032093,56.22159156593662,56.46458730228899
187.80448182791267,105.6506425968851,55.83891793800927,56.20238190795944
188.3479116610131,105.00572158290058,55.70608878557184,55.816620665397814
189.77082350161106,104.86954189867257,55.28174146851164,55.380064442613886
189.55713768681886,104.31632950544125,54.867866373967345,54.92580895888154
190.68306531187915,105.59097953402045,54.66212461490511,55.028072069295135
187.20138801385895,105.30239292094947,54.57397507581365,54.975514772804516
187.88765570577527,106.5579967369785,54.82977242608902,54.89572412911926
187.6428774842393,105.83399045082353,54.82405781227046,54.42484634441165
187.37837705029997,107.05042042045103,54.434471829982805,54.71834052731853
187.52671389045548,106.37365993786116,53.903102789607246,54.483453260763056
187.89258655562963,106.852721409042,53.42136571450225,54.678584588954934
187.90923098551264,106.1527728214474,52.91685329178041,54.21685347015308
188.47251228443247,107.2835756295982,52.82336566895448,54.414978240585484
188.52357617013087,106.90448258720738,52.45998942820495,54.23957969487776
189.02876335770688,105.64582630547889,52.45377235781673,54.3261330668217
190.21003677544599,106.34656191975478,52.24132146197471,54.39954050705501
190.15619107495226,106.03063562201719,51.69131506614061,53.84905403030271
190.58794014810613,107.15139235182778,51.88898320630137,53.51595660347267
190.6650301265769,107.47475540400511,51.8419542659528,53.091911395638625
191.33726320547456,107.04003650467911,51.71465953874524,52.6814490010762
190.6654600147412,106.59077240565138,51.708571668197806,52.519052311474496
190.84291653480864,106.82674916788935,51.76598415930722,52.460449696946895
190.9598003545723,107.1514877507017,51.79865995115729,52.438220162872014
190.67462177107063,106.87191763708513,51.74069743746985,52.417627077975204
190.59631222554808,106.71488589792118,51.747455341772195,52.48527525414571
191.70410015350492,106.91140190588743,51.67976600052219,52.67183695626511
188.0968137551758,106.42693382185807,51.59567088946565,52.76114583693598
190.05715138385563,107.58306698533754,52.15070125573263,52.88636568169946
191.2283191449302,107.28389406967972,51.365207464654986,52.83447973439344
190.9188298780615,106.54518077891932,51.07132387633351,52.710374810329505
191.52757443504214,107.28041519223581,50.904961480893355,53.01765599895532
190.92750302383143,106.72275750168203,50.714303827240514,52.84752628595429
191.19252331735217,106.54977412393151,50.61489592085362,52.87620103663163
191.32476083894508,107.47733208074172,50.91826997730385,52.909593919703134
191.87695463819534,107.64872280592769,50.758587865100914,52.89970920857564
191.75885581019665,106.66947836834302,50.0751567221367,52.59333125482653
192.61045382368556,107.33755781723681,50.06140058792772,52.715853940443495
