213.5,121.5,21,95
210.8621779524168,119.9794306914838,22.70053962014503,95.19811722421015
211.88450804072826,117.42397196808989,24.821417277689577,93.89590104978215
207.9935917032608,115.77294748711574,26.78515856010747,93.75071585798285
208.81309611416356,114.94516347509992,28.815979822148964,93.8039227989838
205.0595999288778,115.69084474962274,30.29818142886552,93.95900516666333
202.2340309728397,113.9151565625235,31.5321221134637,93.15286572894163
201.97497204155684,112.24547085371293,32.15577581850768,92.99759870356964
202.65720489715025,112.01169353859105,31.205646341651985,92.83283054557486
204.1298297170966,111.28077928425786,29.879145366615212,92.51158336397177
205.50280714115854,110.81322873768758,28.725221520536017,92.561440504838
207.7411456811215,109.44438038121761,28.323767409665244,92.46446500517723
213.2292537506342,109.2589582868581,28.294889374887937,93.18191896514793
213.2058917780446,109.91977318348748,29.180310634329537,93.3134880816487
212.93800193298028,109.98790506382161,30.321630659636547,93.79693715057027
211.6341949912156,113.1832898064759,31.264983440489523,94.29777256562181
209.67346619697003,111.38417329054309,32.516521538166444,94.34948584117028
208.85940236044104,111.0151618177688,33.49053556090249,94.46181451181653
207.6772777781769,109.25387074501744,33.88661706281022,94.45832916197318
207.2076866573109,107.66887054632684,33.666733819541605,93.93336848833997
208.41147989275166,107.11586914256995,32.40967899824958,94.6403300008022
205.3667817676731,107.28769666072401,31.8906005169614,94.70928063756878
208.0122866981285,107.16649775938183,30.38401949096581,95.06691390303791
210.45322353531034,105.63773663907517,29.26319174937183,93.91454244019053
211.62408549355254,103.34497497413389,29.503805927598744,94.13504883281723
212.8691713788045,102.7575117040507,29.97358126631726,94.8619703821675
214.1141806194911,103.48684898727596,30.20058782652426,95.41623050047039
217.1342333125599,100.69602680660614,30.99567512074554,95.49212945089084
215.72379202907018,102.45077309471074,30.99635176082984,96.23862356520289
215.04261698087072,100.11290779412082,31.1602279268699,96.36022075116055
214.87882793876486,97.88345226859693,31.298859644771472,96.21484799254647
214.52011335794768,96.47425500882176,31.5529104962023,95.74329643284267
215.5497445296549,97.81094662347934,30.57326791806954,95.470683629324
216.2078801549604,98.53426217444424,29.817620611264225,95.61116507336132
216.9140878643263,97.67018602800613,29.947024645771876,95.61016206418982
216.55612933078055,99.13514262109153,30.844641063339644,95.41500224830403
215.62889107079602,100.6284498991736,32.15960757163571,95.47917037265138
218.18187156345942,98.5142542545799,33.998927138219294,95.9222397109263
220.8245050721169,99.21167114734646,34.60889613622419,95.81546074926861
223.70029950408116,98.65113629723739,34.911083536486316,96.0274141813288
218.669672139974,98.3086323507755,36.22251946282077,96.13845092194695
215.65526989621605,102.78407721531289,36.25083948378389,96.5340272573253
216.1955812902583,102.97884884054147,35.848398403558434,95.62956538151339
218.12264288182035,106.88605561155872,34.443066724340596,96.79366460345594
218.9766084463168,108.87000748783704,33.05181090071424,97.69902373313195
218.60148716098678,109.13003891094948,31.586099406051403,98.61286398501348
217.92671269601297,109.85904218090491,30.559339179581197,98.16019861732094
216.89795733076875,110.24732196948747,30.58874846582522,98.13277310387649
216.24330664052755,112.55860195825221,31.17515642942606,97.30154894749874
217.6575763782358,112.71729234530272,32.49737378994706,97.0313826404762
212.24633240828774,111.38645697446037,34.95387204478458,97.60708107304833
206.77484532291788,111.02486518201368,37.49003354767764,97.47997841259566
201.42477577062016,109.46356798053618,38.52298877623546,96.29376591934093
196.19746397634748,107.77051691470538,38.759290564548905,94.96449739594273
192.6243531948045,106.25709149981078,38.29084614252743,95.00933786119944
192.81770923616946,103.72410666798491,35.52120878780962,94.48225370710216
192.91243821231518,104.66051159900647,33.21435781870298,96.05178231170333
191.38159595870167,104.24059904347348,32.708766563371995,97.21780299061561
190.8951139794859,105.51643821113663,33.2783305178935,97.08687217382874
193.528587970155,105.26941277365682,34.49202056374642,96.64612588101035
196.00001755706222,107.42090331183965,35.94004102097452,96.9832710329772
199.36878891451246,109.58520375950343,36.582846988477584,97.657513517624
201.08749132557745,111.407073274821,37.875633873958684,98.56392583510288
203.2503788659966,110.83138550906862,38.50704501519678,98.80235597686001
197.68893239976575,110.35586284069794,39.90276795711897,96.87637404042329
194.4164377338068,109.94772949970755,40.70011715613282,95.42018073857837
193.54678130335526,111.2125480139687,39.692348737281264,93.96535385734154
196.7335072009005,112.34232127075396,37.27614205365618,93.16966523294646
198.97715163402106,111.84399401199136,34.95484115585991,93.78251739613584
201.557437564439,111.24582225913865,33.39357492475426,92.9185042848674
206.2274965620602,110.43621996041622,33.77497639972668,92.62265718362754
215.39750282453565,106.29383286455682,34.74422328944864,92.95459486182708
219.74827755105989,103.00849688927171,35.86654926364628,93.70406024272566
218.8077050675488,100.79614302086625,36.69091925679912,93.65252734461835
216.5992223457139,101.37645138699105,37.2574914051808,92.36247529664057
211.45851306070068,101.51228666936481,38.972684923327414,91.6791316628928
206.00578904223374,103.20287360446702,39.457237383784225,90.82104767840009
200.57229455280213,103.6024097905326,38.49816225284518,89.763096121546
196.31182879622506,102.04828649199878,36.39383436658527,88.50927883387854
193.90447031016478,101.73728513346259,33.84466164449194,88.3558500371646
192.62694674577494,98.7940385327066,32.4417867914601,87.51709776290757
192.07082534172133,91.76959991009818,32.713083163638984,87.844260988349
196.11268576699106,84.51142927149297,33.42593309099262,88.60478771325229
199.79649567306808,80.29849911011218,33.717297463103705,90.40045241833809
202.33674503912113,78.49603331732428,34.41699635138944,90.56901434639742
198.24146945981906,76.0753062914757,36.09124110969452,91.3635347471241
196.6732309021432,75.9087790479037,37.96835075907336,89.89322877207937
196.39041031031707,76.4823547090559,38.793388525567465,89.0685302333596
196.15948765315062,78.54667565529735,39.13643592670664,88.43406878177939
195.43058923499007,86.27992972501809,38.24244448063335,88.13803088006982
195.67122504471655,94.0658397416457,36.2677495184756,88.21077738276432
197.8425465671067,98.80171100235074,33.644089170228526,89.11046907308521
198.92430274366055,102.27618715825533,32.153554920281685,87.48262462565592
200.5062242828064,103.12577357563691,30.66220041220332,86.13897612222398
202.50433354266764,106.7504329603589,30.00555313004491,84.64791474184861
203.9227353492759,110.14281318098982,30.250618880613136,84.776970275776
206.34862805991938,112.01252482728972,30.253695672461014,84.79878412764639
207.40764336391726,118.1809928151835,31.620772009503046,83.76908863800386
206.86957848195533,122.96339975132297,32.51083878180785,83.85105668711165
205.45645206738237,127.69982429259062,32.79789988808384,84.38264791219353
204.78660892055433,128.71291090128162,33.008122032264865,84.67078453024548
204.2830536601504,131.79182740499385,32.134181608744434,84.27877393340454
204.315136440644,135.19257576811947,30.486010453503653,84.16698877789301
205.13962156610268,135.86556920874634,28.857190735532303,84.58381546475454
205.01886483966913,136.99814430993638,27.54936286740785,85.22402953735306
204.39573460954904,137.21800441986568,27.49630835190952,86.07145445528133
203.571692056115,136.75026591281497,28.058216467314892,86.91245961988163
203.83752418100093,137.90274990731447,28.397011058866894,87.64223184046212
204.06612822882494,131.79367482726855,29.1070695705034,88.4825886884812
202.64894137479862,128.52689806825435,30.356775238280484,89.99150069268515
202.30233814376786,126.61086762729074,31.32550208465367,90.91985359350272
201.24117618749335,124.0114633101395,31.94507273945125,90.79775034349733
201.4044658809982,122.91874568195962,32.16291431000685,90.44007165294244
202.50516739177917,122.73493367434158,32.12511888579599,90.29482547565075
203.41279306613293,120.77487446085269,31.554192340440785,91.31474925770057
205.6502507900418,119.64481559293588,30.996227356871735,91.74461410771568
208.29640399378172,120.43475518763933,30.81077920287087,91.83357794923835
210.52103524647532,119.55064259861518,30.180398209171905,92.42405242061399
212.39666250507236,119.78626428163652,29.664901281318087,92.70203288288704
213.46697280986163,120.9330920646795,29.281417255067783,91.63322677931023
214.07338599161213,123.51289328049658,29.104247701373588,91.02156460188749
212.91994975216306,122.10548100804957,29.17094517149792,89.36049803350028
212.18198845249694,119.76656383936204,28.61401679007149,87.97844114696787
211.6140398058532,119.29489975351535,27.97462395179008,86.33686059483007
211.91182888759104,119.20069215699658,27.834163133170634,83.43701537565143
212.70928978353547,121.30676990379327,27.950712660480423,79.77195291584863
213.731315214862,121.0750213726305,27.507363845175362,77.34430164939303
214.4967726246895,119.62158602079074,27.324904216178933,74.49899845246829
215.3855355809927,123.92817762882018,26.601321341559323,72.38800630315137
216.2418282254571,127.8829242074521,26.34211282265,70.9676341061231
217.21313687673438,120.37641378431138,26.761964954833623,67.55182003724343
217.951736253327,122.41512219341764,28.69298315492597,62.34494801025253
221.3304721172101,125.11726773559289,30.027534322972787,58.27831807301966
221.2409902048276,127.22686805752664,31.360108377229963,54.64568948020041
224.32752084880633,128.27465642521176,31.781259621315936,52.171730747483316
224.29673583158336,130.76008699532753,32.16888217246072,49.63108472756733
224.60582861693518,131.303823506347,32.344546487220796,48.16432938002219
224.57126408512516,134.29334164590716,32.04334122361989,46.79406347138524
227.13629671764,132.5807965309912,31.65735745578264,46.61942487850905
230.27627605414878,132.54113077543525,29.043944889103532,47.53917669534984
232.12406012927283,133.57035148831423,26.578145253488653,49.01100799183615
231.57823094358224,134.2058222890821,25.598541265250645,50.17038546111646
233.98798697819907,133.42762376062055,24.32097203087111,52.15176280082304
235.4233928050239,132.11451577146502,23.518769138055255,55.4181974542707
235.79608284647477,130.1522370725375,23.461170269867512,57.775550019095036
235.79084374895092,130.98622514125805,23.845997403380338,59.325981750992895
235.43066691263192,129.46071026049353,24.375697811495773,61.39141491532727
235.04309776609585,127.15029126849444,24.742411011870793,62.54118570915517
234.72518121738165,126.85051389497204,24.659330732967845,64.00881141624485
233.9759182309925,125.09097727921721,23.775340321621425,64.17402164688475
234.538071266518,122.16679613535081,23.44598980219473,63.35404468214561
234.2338702861978,120.25323882087639,22.352984807116098,62.70353489474313
234.04941962127342,119.10945379890937,21.920866349176503,63.861696698358884
233.61489875604178,118.54027892906979,22.3000837845958,64.44587898856373
232.82503235186803,118.7256896184083,23.2722663891431,64.88653199276406
232.32345573633074,118.05183558954228,24.465140086950683,66.19504393178366
234.2071733152249,117.37755848428641,25.40325655346041,66.92045721116594
231.03007133748537,116.29279228321732,27.09515610754184,67.49127788425443
229.73913308814363,117.32865958680577,28.48769034586455,67.25299895887838
229.99820142355358,118.34038484520808,29.750644053805964,67.30552290649027
229.81225989314638,117.31401085876188,30.281524620523598,67.79290580331761
231.32089877124866,117.68566289727625,30.23169271469137,67.84455423807628
233.62672099142492,116.66442937134721,28.45040773326218,68.21903322802945
235.75583247982368,115.57013647993875,26.65539462394205,69.18566025439951
236.4588590394421,113.82241373105714,25.347069459092886,70.71452106969816
237.63937709847292,114.93072782422814,24.73477937851446,72.83788254552654
237.43248715957404,113.7720434881203,25.301484837052197,74.54705513801125
237.08878252162415,111.99207315278579,26.535769410975206,76.35457156856796
237.04540744683786,110.35241909895524,27.741030164452518,77.87641097582014
237.19958238374454,112.20758284774644,28.19595078796121,78.15476574828777
235.62313487393476,113.61926007141088,28.909921494989234,78.13708346969058
233.75239314738033,114.28963716520165,29.76219520078364,77.85744728881528
231.04314976640606,114.10487258209157,30.15341069198022,78.1725035839107
228.64726478381175,112.70518410807946,29.65317273404262,78.18180046143931
227.56840215509553,114.04594635349812,28.226759598073,77.78492939581868
225.86086534555173,112.71872396420274,26.87502470733391,78.54192241602473
224.29943072241613,111.99299586333542,26.256090784354605,80.04695440545262
221.9235548637376,110.06966321453771,26.580728491854536,80.82874314665155
219.40392968549048,111.77387660082101,28.038966360937223,79.77891103007556
220.9374418611213,109.71456985943672,28.700943770158393,81.05900541646963
216.9966153803554,109.38053361676381,30.849627447632585,81.51796345457939
218.81109200499424,109.94592508997172,31.670930546011178,81.40076464512647
214.61048902446691,108.56969859876602,33.23773108485513,81.41996891690553
213.16067370741408,108.23896198005315,34.22502203161338,81.39767686216364
212.26646830534622,106.86648152185448,33.97153792302935,81.35052900437577
212.90915574217465,108.42737988920709,32.91352291050798,80.57001606788833
213.43957621870567,105.75491243511311,31.210806690417158,81.21722043484704
213.81114809445228,107.72351864603502,29.818243333191948,82.62139766907012
210.94623469001246,107.06564831553744,29.966908166211013,83.23849023493435
212.88768159664642,105.2897726710148,29.49987977423827,85.43712262749526
214.1070841697694,106.19808133404955,29.724989785310402,85.95173808760435
213.66000437469296,109.22956710871311,30.70022379955129,85.73569227375086
214.55649861793134,109.86262117692769,31.499752450601996,85.41887936008095
215.1734832394149,110.05981095172645,31.76202775738613,84.91842506006
214.69880492899418,108.8789986987987,32.073627494129525,84.14736342776243
214.49020991114452,106.27314633337913,30.949611169965582,82.42968726489428
214.24821264043317,105.30584542433468,29.959968845772412,78.75150612781351
214.66036939566797,103.74866320006716,28.979822061176783,75.1847554258969
215.53546153357175,104.45798060356154,27.818747921401304,71.85843092831823
216.78961219347946,107.61320536443694,26.830071311668895,70.00340809953009
215.931481588013,106.28232380228675,26.286681815356907,68.50335558051988
214.4420870802421,107.97115036839104,26.50649389455843,67.29949457210589
213.01859980066766,106.62312194986912,27.376181995691873,65.20828229370173
211.48300859809717,108.41728643733572,27.571004222839036,64.24672596090414
210.01283117267135,108.28614742868474,27.643932916693043,63.24690542740959
208.57462235934656,108.74204045430535,27.561086264930715,62.091638008341896
207.9973654133868,109.23028767690478,27.343503856725142,60.335241641393935
206.83933046206468,109.71892682379361,26.826834883026606,58.912997776451185
207.0420496630777,110.00893112074111,25.950305150949113,57.51737424382022
207.61570675668577,110.67559134416268,24.886524347638893,56.73886342689422
208.11465904606683,112.51370573316188,23.757498535771102,56.21602529487666
208.42262408722075,114.95994961214672,22.793501080425955,56.14495725278834
209.10037920358798,118.89481066329971,22.44344896422287,56.28771779360981
209.51647480184647,122.46595419722712,22.159259831933895,56.24662510746886
210.08467863472936,126.3970796197258,22.072030766479408,55.8569561258748
210.2996095854561,129.92379119019418,21.83054207307189,55.10927334138335
210.88579303411788,133.96222164213887,21.79621404942085,54.72182312398687
210.48462990899617,136.1477194860698,21.715091162453387,53.86098859754776
210.2020288394076,136.90534628246397,21.520864323664227,53.26702879986824
209.7451822532889,139.8507990117716,21.347033081839136,53.50869408481372
210.35453908054905,141.59640689621548,21.23702208692577,53.66967806110419
210.26375854673853,142.5817536008341,21.37958084778743,53.909435539547
211.58054984998466,141.66642193287745,21.697373964180336,53.85586981147257
210.99339998537195,143.34114158752078,22.396858861195213,53.70060073877347
209.96543224626055,144.3650094445767,23.487796272992682,53.36902007684665
208.84399274714892,146.2835930185804,24.422745993795893,53.6787964980226
209.32134680306223,146.19694586803035,25.0441534901846,53.27629604271023
209.39273631617397,146.6159203580302,25.852046375200764,53.486722550038124
209.5312858983501,146.9875755300724,26.50680700212733,54.42104739882478
209.01516820210608,146.21706291299898,27.064575921751192,56.11112255579552
206.60059829663234,144.26472770839797,28.011730783586735,58.180470823350205
204.83081470594985,143.48093450636523,28.31263476838801,59.49281276373354
204.59207509029454,142.0771031643551,27.28447098955918,61.910118013004166
203.13130262895257,141.04395697615917,25.909807530590264,63.34005427405485
201.81651500007797,141.0398270545806,24.737273070016702,64.97056717755288
201.10344648353484,141.44043453361618,23.540835535308176,66.66182081498647
200.05103686961422,140.72852033609183,22.97998699085633,68.31596879941159
198.3924719817363,141.24247262909353,23.11738873545374,70.01136991561769
197.38500923396603,140.809653291664,23.63798096378235,72.11969629265572
195.91338796965147,142.2998821319551,24.629777912882677,73.85743786515583
195.14328646910968,140.8180118194458,25.568654627173487,74.90343254233659
196.0257731272456,139.78260754965626,25.881145414600383,75.90810531779364
195.77569965642857,140.39396905642334,26.063184483033087,77.00758427149883
196.0725068037899,139.8556863180931,25.805655567434112,76.95575478680223
197.77400002245108,139.23922857719106,25.381715713287413,76.50655972058692
199.78608213276516,140.68616150156257,25.693518556563056,77.7540884870172
202.45857158748458,139.88459484671966,25.97287112142841,79.68147052783937
205.80094548820205,139.26048958243098,26.541754434953162,80.92359931371652
208.67809291513268,138.79279329730014,27.21904203195863,81.32253064988552
210.00401522725272,138.50936063699203,28.990985955234432,81.1137702051781
211.44162522291603,137.03570342502758,29.842538033838807,81.07952082257313
211.34177395455652,137.00033713582843,30.61678958989453,80.55569849984843
211.2561772277167,135.91218167085228,31.610228999041396,79.7365763376834
211.2983971253791,134.04220282029897,31.379781069828347,79.28184476495578
212.4759140920397,131.91362282690082,30.72188902226462,78.37753433854407
213.18511304581,130.09189542666275,30.16758042489321,77.39749737495163
213.70482809180038,129.41897193742523,29.445134420141244,77.26569096921801
215.4796460577378,129.4548914153344,28.421066258270695,77.27775598173385
215.01431314199934,127.57144406682117,27.44599361680908,77.37833440793204
215.3003086382368,126.01745301705316,26.689291972697994,76.86081868947493
214.8901428969856,127.10811227428015,25.981169747505444,76.9879596953609
214.31063280227488,126.73825684490397,26.364974072745298,78.81255519766793
214.67284760367622,126.04576022817385,26.652699287523838,80.00539442595831
213.09765853508492,126.48750814287715,27.673750842751474,80.73589450624256
210.30279142119605,126.07336603228563,28.865057584109522,80.95065512493996
209.3903893245328,125.55290913358203,29.79816037715605,80.95987570220859
208.01113144037674,125.96778655268473,29.963285680685427,79.90096667954256
206.88694623746284,126.42756144893866,29.352306597301205,78.94957634284073
205.97630859983258,126.85173015699402,28.23178247032477,77.05361338504298
205.47939896943868,126.5536547274773,27.191444216540432,76.10382420253438
204.71190054041443,127.8596505147699,26.31020801184478,75.95997179954952
205.12845775627133,128.02651197921136,26.163054886226096,76.02337727385337
204.75252606692038,126.85629093607395,26.279845795216733,76.26359081207829
204.1684894151713,128.2465713192047,26.575303403715147,75.75506826717606
202.79838972072548,126.85660918561926,27.276941686878693,74.96106274766478
199.76288777371587,127.06508074956635,28.579298863826327,73.70218487922725
197.00424889156247,127.00046531038653,29.367000994130457,72.94565247004263
193.91896982155217,126.92241894870746,30.17171726861151,71.50807625571767
192.32729560583778,126.11112964687901,30.22656571529911,69.4375746725307
190.27470725571425,126.6056215107829,29.95343984138845,68.24657928498152
189.31557207894244,124.19514772842497,28.91592492042644,67.76777032275035
188.8872742655165,122.82589732415443,27.517788653738865,67.13354635979181
188.0850444001968,122.30426629703814,25.896908971689072,66.33918505625155
186.6146067843799,122.56004703112399,24.316792401107318,65.6659683855719
184.92579465158406,119.40832233316257,23.3782183177,64.8984505840765
183.69133404257568,118.39039984392619,22.790939985088055,63.633260158343944
182.95763162420863,114.88765904994193,22.364967398535747,62.586525216466285
181.7106848822851,113.3637246141391,22.196022184949282,61.39938107995424
180.33271196102294,114.13107803199584,21.931109739662347,60.43273339064504
178.41215315811908,112.78456784031525,21.648461876872652,59.35098279889331
175.76005728493962,110.58799509636918,21.01964018405311,58.161209642834024
174.69092626236002,107.46517089125845,20.496989477060836,56.72595557197637
175.30618954520241,106.24018650585359,19.97831993223101,55.292352718030244
175.80205602528594,103.54049125326866,19.966945155447874,54.85689720345524
174.95824366929907,101.95204281685707,20.366671565343378,55.25039234860201
173.46774729958912,100.65814222284304,21.80464453318732,55.23066699587386
173.0599349820434,99.9325097779008,22.920914519688726,55.00943473247615
171.02563468253732,99.10092627432792,23.753379635912758,55.10510806248267
168.7356707029122,98.48555589945894,24.48228320589606,54.743816618083045
167.5919377639408,98.99186285328175,24.828805485091607,53.94814746456112
165.606807858034,98.06210039225628,25.507888739364315,53.692282085861315
163.2160396277697,98.33300942166827,25.803827589419274,53.27160282324764
160.51749620563615,97.55570725100505,26.03620963403425,53.06010508899729
159.5920746359964,97.44397774129507,25.810081957655193,52.688900250003556
159.2285185771539,97.52366140050464,25.4519630095901,52.732084117669174
158.91562019394254,96.49426532492205,24.72132447709312,53.62894260832712
158.48773593530933,96.24298211554398,23.169654954579865,53.983860573370805
157.486137877756,96.03059201683102,21.747511847732227,54.15739172566313
157.32311920893136,97.9473163788268,20.823985729799812,54.764429909630564
156.4860797271998,100.27300211581932,20.761461552431886,55.144807207312994
154.9026831895066,102.95967378500295,20.93507435285494,56.12334823402753
152.56032877262555,104.21822741712452,21.43312528103845,56.29240987885726
149.5339966098985,104.14516412631048,21.850933382432437,57.450869257535835
148.05444481267682,103.71595204608681,22.105960448326645,59.42147770410072
147.3233802164559,102.50984452595782,21.917332327993858,61.44956065712802
147.3135336873646,102.02900744581646,21.973783112398678,62.857959560061715
147.53098717795322,100.0141560588026,21.96305735413713,64.08113829577462
146.5446962876539,99.4470719462428,21.932009927124703,65.97780257506673
145.39727886305482,99.91519429596525,22.284809935739002,67.21384009455495
144.77959000596098,98.41195080077924,23.221233580312315,69.05455047455253
142.8900280719812,98.80951230670087,24.77434164207375,70.37311187852653
140.16739640511207,99.54622236457068,27.03988648139671,70.49689191804507
137.03095634483654,99.90436618927369,29.17446713676832,70.68840881737944
135.6413734129515,99.88345825477256,30.775568058178443,71.22787024330843
134.1401386454572,100.2482830277387,32.12732724885249,71.25496019456091
133.77230022975237,99.01966798164321,32.73180179974074,72.33246316158403
134.12719372908967,98.76997547794406,32.54579198793675,72.54462190927393
136.1531513884652,98.84666641440025,31.189177725093877,72.85250205385003
136.33450805148829,98.71881479254756,29.625864251800436,74.16048822697587
137.22189099237735,98.07819433636266,27.818357363558505,74.42121345903257
137.92680913710933,98.23797397965502,26.531441825666178,75.772557616738
139.36978091462703,99.9520963889997,26.003476853013026,76.81192506458915
140.12405829093535,102.77716237964067,25.892118989320032,77.47913298046299
141.39079861499454,104.18316267302546,26.297972495330693,78.65357281384415
142.577489916246,106.71748721533692,26.622995635472996,80.19748543194954
143.85165589649162,109.84540976978079,26.94044188276067,80.94613594378934
144.67638469266524,108.98771136168136,27.63586725550134,82.04878121646628
146.75582985918712,109.58253943937504,27.643486550753487,83.55467907909956
150.37030261669227,107.58220044255052,27.902624875159685,85.0075329283852
160.30716159912805,107.71460355131691,27.868466465341868,85.56191262346151
169.06554422545358,105.26091251372955,27.58759636955112,86.12131419936867
171.10976552048072,105.91573802338127,27.66564957951516,86.84283187932975
171.17101791342202,105.90372061588346,28.11835339796837,87.72036324583904
170.5796178311679,106.38734713075334,29.420290387680488,87.6471319059911
168.27281082236541,106.1216022877804,31.411584230114563,87.38042152107897
169.090802879465,106.42413824184484,32.62313644137011,88.0764388997543
162.73132188548192,106.78438332368623,34.28976459754913,88.12564056098455
158.377076031144,108.36140590333267,36.24938545661564,87.12836610786842
155.05118438120286,109.26235362017431,37.183780126584566,86.29140949359356
151.5230291807003,108.95685360160647,37.56782309060853,85.68051729306596
149.4902352501897,109.27291299872752,36.528897783294745,85.33658406548761
149.14525796950815,109.73789927707344,34.357990089561405,84.97606379456239
148.93430703994022,108.74324538265688,32.15938375472752,85.03923318236399
148.5583304496406,107.5319282263156,30.34665564374657,85.51943079994768
148.30257995859301,106.35568142904764,28.956929747675517,85.76831101786618
147.0346502315254,106.07681267092306,28.494867019727646,86.32573455262091
146.6971148366835,103.02726674277821,28.68858491391312,88.06234910635938
145.99161321606158,103.99061006765109,28.970045327550764,88.21023668871504
146.0790525117442,104.41606457123254,28.722112780153736,88.30359954405903
145.69710985713212,105.28022296893317,28.541521008079073,87.66886704774525
144.58728162424413,105.4505772188395,28.532160693001785,86.45819162374211
142.47279632427265,102.50260850290775,28.484603888159576,85.10787127362316
141.44713534473036,100.9648943126867,27.5445768653869,83.49039613538852
141.68970175944992,96.24929598403212,26.979573744893507,81.2543927041967
141.91731878207742,95.69636534924402,26.26672005046666,81.00762431221283
142.3243246258383,94.40693313488111,25.9236255580266,81.28892947961664
145.15613206028127,94.02237751265037,25.882712810875322,81.1542240837011
152.7222767107812,93.10579470556809,25.81198414067383,81.39053632243076
158.13467221930134,93.9022617631237,25.980628029639394,81.31625786508778
158.10993012041763,96.456003987077,26.695231219735454,80.12375263661782
162.86400576365023,100.14215538426814,26.62532666025996,78.5330860803337
162.1523323164546,105.07117579275074,27.825484141103765,76.91959596832456
161.50957657935726,108.061594382067,28.17072274761881,76.51010936418544
161.08865498006503,112.00292300344562,28.469420408826863,76.35132859771605
161.25289360703658,114.3893599175697,28.57663761098423,75.24899414858774
160.70040679223067,118.46691928612128,28.68017512628483,73.25232839915547
161.86730322000932,120.80506397679406,28.001654158506774,71.6096920386687
164.20782478475746,121.44539697456722,27.147638826709475,70.03588467807113
165.79998984928565,125.12740969113482,26.442358618688832,68.54075143777649
165.0284190567058,125.89250416468666,26.00963782000608,67.07566384598707
164.0115692002358,124.97784436560076,25.07947678274769,66.41243378633719
162.5284816778642,125.54773350406153,24.685784254706498,65.96320220083336
160.80570657110775,126.94577213158706,24.44085518965493,65.31571932520733
158.58137027775516,127.20237743484554,24.137009599327634,64.7700690323324
157.38856551809576,125.43257031273407,23.91817509169944,64.25987477435808
157.0222023533623,122.53125468719728,23.595725997544182,63.92485267460161
156.94268233300687,118.3225183410776,23.431263199643457,63.86246506105482
156.4388892308574,114.66957694295664,23.094133689487734,63.4234009006622
156.93834077435235,110.22818935671769,23.246847891087345,63.66346443373581
156.8171621535417,105.21726128415222,23.85819609044561,64.00181456690386
160.42022125409625,99.49591232689868,24.32225725640197,64.82549964876935
163.80941285065268,94.99404744697007,24.610625066554434,65.39802270544052
167.58020283078747,91.9947161499538,24.373945752494585,65.76472967584637
171.0703869251132,89.21798913262381,24.19610117681917,65.85493259661473
169.86690631423744,87.2919906983399,24.778510816234302,66.73389722908331
172.53998455390618,87.783256640666,25.135326272169024,67.4677290128729
171.0231462893885,89.60909678892082,25.69474485518998,68.02693567162449
170.22855748772915,90.24988589484225,26.123836899617423,68.6171837508659
169.0064770298489,92.4055287295179,26.31032121396799,70.23138321563935
167.0492129614227,99.88471290600583,26.591717369924364,71.00044043791986
164.4511662190839,103.62601985099596,26.50401502101436,71.27432774575453
161.32478162686522,107.99015482018123,26.201269869819377,71.96237860816524
158.86368331199935,112.61741570887486,25.44922257254915,72.45083015841472
155.6182942587875,114.95906986016331,25.099367286638874,73.16964721441934
152.00195413740187,118.84334751384048,25.368678159903332,74.54496798280964
148.66853126338043,122.11410008034228,25.54189492921695,76.50673872108288
144.92486947228105,124.99954046430142,25.916368799043873,77.24518345746758
142.82087786730804,126.46148701979824,26.364700109652134,78.15643486627985
141.70808419638388,127.02132817702812,26.404837136025,79.6974450052045
141.9856435633354,127.31358642661061,26.503836045955104,81.29715549578559
143.53560008477476,126.16392638567307,26.40573283851037,82.1345615151607
145.3057655820353,125.09889219898618,25.936918119395138,82.21066122055046
147.12177144583637,123.25340902340375,26.037668490105375,83.5861468626394
148.10765437396054,121.07904570854411,26.15723006267476,84.83115044319484
147.83374093046473,119.18422304185725,26.65085929181307,86.67334072800747
148.9933262627453,114.73313470082395,27.200443490990896,87.5731122434481
153.79413537924034,110.6903777905948,27.143165391667814,87.33110855444595
153.2602349118125,107.26864849992299,27.87521678977083,88.37223616502541
154.3738455937559,105.32491936816798,28.325929595653314,89.18478164205166
155.55395344172342,103.32080825244681,28.49424759684652,89.63227603879247
156.25664457506753,98.72713152795687,28.853145410953644,90.83436184861219
156.73245669580163,96.7736393162825,28.86326869660794,90.57044783446092
156.6152762347199,96.40723653356297,29.16723728639634,90.57506023602824
158.32855013839017,94.68922997986719,29.031438552084364,91.33540844168638
160.06168289997788,94.43964697193186,28.62780368229028,91.48429900065169
161.58529492343652,94.9363919870882,28.264658328762874,90.67556162834853
161.24847852214333,93.59565241843518,28.054166554303833,89.78028571881008
160.56578498941167,92.4747491632418,27.970734936142886,89.52453125126108
158.83005425484185,92.29128517635806,28.15875939165643,89.97117858222106
157.4963176198094,93.8820768500083,27.978912105080745,90.18039976411065
156.34701916249534,93.26534220977084,28.178356693124954,89.37029423455749
154.1107458369628,95.00428621220141,28.382653355634154,89.41559219809538
151.5555925646618,94.15619198447413,28.629347725248362,89.29167235906296
149.52327794409544,93.75130698888503,28.441121188640594,88.22077800163886
147.84141234799395,93.09436768473029,28.008600607009342,87.39729222243614
145.3911835386011,94.90279957624603,27.85190547768714,86.28054168822972
143.59874667440857,93.80333071799528,27.397489254747697,86.23106989507241
142.4134730716377,94.98486652446577,27.407213544258603,85.84443227451729
141.38100110826883,94.34262750413814,27.927287332827945,85.85672773136368
141.20247467393432,92.21150883377538,28.19681733715528,86.5120677179632
142.73205065584733,88.03435127787253,28.83859787607583,87.11729215822957
143.48799145355605,84.3126278494787,29.3663431174351,86.59339473095962
144.20926383810416,83.40835212212316,29.337951805026798,86.16379558905206
145.85651822635106,82.62802508487815,29.256674830519756,85.51251223602132
146.6488101293805,81.70380901710593,29.465619819703136,85.44807873283287
147.11802955635542,79.27475844711019,29.617277677865708,85.63527475960413
149.23019803681387,78.1522915403925,29.573419766631474,85.58121450870847
150.7959650078446,79.5081415807577,28.91824399984776,85.23384591181899
154.8307220729737,79.41597027696648,28.811666747793836,84.4535754393767
160.3083413365319,80.25801577992999,28.689182355809322,84.49363914421934
163.42518626270783,83.83486192125669,28.06750393610514,83.73585617095316
164.49262290789284,90.03081779831214,27.73626195142968,82.59023176272846
165.50130180871793,94.30317514161351,27.529271734008052,82.48044406282007
166.66586009962293,96.36083601911082,27.33600176703567,82.97119377999341
166.14581281039003,101.14092080695025,27.773987092094977,83.6697856102594
166.4873583727078,99.36627457477645,28.202564673399635,84.89833332172307
167.41484739981388,102.1280988667094,28.20280216865648,85.08030884140335
167.82508584065488,100.98117580709035,28.173658783545058,85.58306018067316
167.5532018025964,101.12572429908481,28.080906593129168,86.34462774078978
167.2841139509069,102.69655492521827,28.315042609589877,86.36910513750969
166.45914445378247,103.75566389549203,28.463051605440903,86.36047343582324
166.58578942354228,103.95700475082175,28.2213975636024,86.71870843506369
165.35741109458957,107.4421857113945,28.490609875652147,86.71524495523289
163.44052058251856,112.18227932181036,28.73266841139081,86.46956243410821
162.02059452836167,115.32215004901994,29.53566720625856,85.86325189933625
159.47120032579141,116.9393499357196,29.5448545715126,85.47471117668765
156.7682727991325,120.09871590814996,29.231308265272304,85.06366737269609
154.53163278253038,120.8296345228881,28.785960559523943,83.5011979003614
152.52866530992958,123.36557761179749,28.027398224604667,82.36470720174489
151.22017566357965,121.65665603217951,27.677782582841026,80.82684710246644
150.44622869047672,122.65857137013415,27.43355738365353,78.73061950414764
150.5740490029585,122.22457596975585,27.192711813371538,77.76690246970679
151.32579026294505,122.88897951546694,26.67495010667283,77.77501230180755
152.24285232168165,121.38699854789216,26.029525711489665,77.05658477734713
154.0781172772491,122.0481364012116,25.314585571625518,76.95383011639308
154.6737853830108,121.72757201787228,25.055392154234347,76.4131129796751
155.10600729772116,122.18224027931647,24.774071055068756,75.95159881897123
155.62169997272142,121.88312810426235,24.41949000919118,75.57443136390751
155.92374376331668,121.35012057355011,24.43772337803194,75.87440902079479
155.8296052373141,121.27088029767866,24.300437684704395,76.00368558206335
156.0338811284497,120.39491065090974,24.22394099429108,76.17690120654908
156.26258071577485,118.11480165702551,24.122242819139167,75.67596149091786
155.53016776557524,116.69554173148782,24.084366960199958,75.56550983205976
155.51705328284606,115.45123667842938,24.001136860757498,75.2849305804191
156.1143829328059,112.68298694223323,24.261615528901153,74.56041845231701
155.90067318711195,111.93272302625415,25.098835221943474,74.09216517065059
155.58566574498104,111.19388377955255,26.04692659756119,72.8301853083409
155.73341129652678,108.76548635816916,26.757205700921133,72.30052509205618
158.21552429406165,105.74915940438727,27.51699303440362,71.95736646910237
161.07637147923742,104.27057757379984,28.661799995381468,71.21728620136791
161.67651299056993,102.84895335669492,29.484553929503534,70.88538209537086
162.80773891646396,100.83652617075253,30.055206926577142,70.61524831189065
162.93282977097286,99.76967619315349,30.604847726848153,69.91957061587412
162.449044356256,100.99145931943515,30.78947924143968,69.03259015203761
162.9575004512236,100.24411423787245,30.710866111372276,68.30877755522953
164.31346688092435,99.34059494679349,30.048944171541763,69.11510159690592
164.85472867658768,98.82189235316446,29.583372165031047,69.63552327510023
164.7642262070186,98.59734377089887,28.457872258550037,69.67455791793533
165.6082481834784,100.20432379871613,27.627069101719584,69.65891014486307
166.41437161339803,99.98201861142287,26.836444077112084,69.70807460637317
166.0669831705465,99.4798829270679,26.539905001931043,69.9633310610473
167.17420788399562,100.13197670742758,26.663487582250255,70.06998198509206
167.00287079026597,99.25817695959437,26.708084782443,70.25516182781965
167.89829783580618,98.34059631595133,26.742193188120098,70.41206862997541
168.44865235960293,97.22062898873554,26.687930225502804,71.06664085001978
168.02584812645011,96.67400673338126,26.677758030702304,71.75967986775501
168.74641497794212,96.10077771325629,26.286011663495593,72.46409412672442
168.81706620700916,94.91705025279369,25.743520056935417,72.14364421290233
167.91693745459997,95.86792301632681,25.530536509126257,71.50856652870107
166.53220569099273,94.99935008787924,25.52736052332503,72.38654826682944
164.57142722414233,97.10311557595935,26.092793771189037,72.87388871629788
162.16359403622027,96.34060838758893,26.539403922210084,73.81961645811667
159.51544277876545,96.3850840621535,26.780539715775767,73.31799369198964
156.89755257821346,97.57178692394659,27.032164461972524,73.153025411183
154.32361844912205,96.42215232747286,27.284860601014728,72.70238520319052
152.50396095956705,97.16707225292176,27.401520569901297,72.76558537991113
149.08968719201695,96.18685284897867,27.783544915456858,72.80458680509923
146.48347130756147,94.23047316842185,27.926121948039704,72.81237528188976
144.51981360052113,93.18745987856016,27.851728854582497,72.73658431095397
142.41945220809797,92.75738956824105,27.221619158044582,72.54055875956459
140.7501962004699,92.0925885403225,26.50065098302361,73.70841553537431
139.09939737343652,90.1250412966532,25.62198130310598,74.25679484899162
138.34010757862626,89.09594840760158,24.770811108256893,74.85438299277934
137.27616757961923,86.02675543894463,24.865227151345437,76.57332484592575
135.9770134153916,85.7236733376448,24.95515005995511,78.03705272297535
134.87017843915174,87.59189995907269,25.1115559228505,77.9482139591845
133.99650424178725,85.63371238623554,25.380824998579207,78.24670423051494
133.11766082544028,84.63413265221297,25.574121529568735,78.60545053346759
132.7882020436493,84.9940033360161,25.914533925189588,79.08306837015364
132.98175253736463,85.22193712502224,25.65566130413393,78.82888064772648
132.5734891690106,86.2104419957883,25.591656252969635,78.22275675519334
132.75079781682467,87.87543477956164,25.273171147718006,77.89673275075702
132.28079265087376,90.39892375658465,25.388699277089906,78.50357531138998
133.40213061407258,94.30348350423108,25.483619051909947,78.95439691717132
135.0133981180944,98.64254316884912,25.771411144620117,79.61786274723701
135.86383212635334,105.01881469839367,26.845010596363906,78.85188527805269
139.94831062653333,110.08905424075971,27.30083329723685,78.54945035988555
144.9803391026727,115.77204138727325,27.366249077502076,77.96829566982477
149.2867523614051,119.00933263229807,28.189229788125637,77.32217196578588
152.84417175845132,120.801424258521,28.706721888503385,76.81837106044696
152.60804254277116,123.22692165125466,28.370379953748152,76.04312138072305
154.14092897064094,122.93611044253957,27.940476601029836,75.19038675107223
153.23499647211125,119.91087114969964,27.615034192617422,73.79797087798133
151.7925237151784,116.80202686218013,26.65947458334472,73.16904843007114
151.93289927988212,115.12605419075848,26.054276418147754,71.93421036379577
152.0889370162941,112.25460482694359,25.528804902738443,70.8541072298533
152.35589118996006,107.19266729800731,25.208795154554288,71.00162578137822
152.10254118557054,102.99177661293479,25.2146694601893,70.38819127780499
151.45106703630873,101.4471334818817,25.676651236019275,69.97923516167629
150.9575733045943,99.28114634969376,26.279162425196226,69.6835238791772
149.38442976763534,97.75828235364894,26.684398302062124,69.24256444946812
150.4412520880935,96.96144603227633,26.636674014081535,68.747008700566
149.30108324094195,97.05191612042537,26.738263816004935,67.93422966614031
147.10410685001798,95.32936481874106,26.555969382581864,67.82560845740568
142.71660969027872,96.57104300439093,26.500102610446618,68.49834997505246
134.76965520271912,93.24044918491502,26.543473331781634,70.99327737154212
130.9316657094967,88.96215565517578,27.65570300487195,72.73844446718394
122.59838691183728,82.52237110211044,29.155716639619534,75.77378864350504
119.46253195360816,77.40471146305879,29.893428066697872,78.21296677399482
118.2729311806565,69.1492763536248,30.558274739897655,81.4777203546792
138.5035124720678,57.0674879871136,31.85551212045397,84.2763125753725
160.72810639582963,52.59379012721289,33.25910366135804,86.47295966083554
178.50548721916832,45.50623606846207,33.62852872122363,89.6773484408738
209.53087272198866,40.805797031868565,36.12274062573921,90.94090122719558
235.63068006936237,40.94998630991138,36.77244920369683,94.77423154104403
228.5990062871304,39.04495425842434,37.52717822262855,97.08928729459947
221.0428754062274,40.277253830874194,38.71136228668063,101.65858125806768
232.7102110050044,40.872403853411726,40.72682117030344,104.84567636603828
244.87429416643693,38.02446213424811,41.73606672793152,106.60976158468472
246.3402869751182,41.31619255928341,42.88985076388928,110.6911700430858
240.19188646249958,42.90657514755044,43.24009092944637,115.27518967947898
238.88102547224364,42.64654451498451,44.50068708312259,119.87917857598902
229.60846719836138,44.77873811774616,45.74869211965664,124.31966540916201
229.19295962341917,56.08429552563543,46.698217947951605,127.6422683210446
232.62852293093542,61.68335126238068,47.80080568457317,129.6591226678666
232.81710982583022,65.68693591946986,48.70745252390346,132.40708793620777
228.23212154976733,78.62143621331612,48.21879870493544,132.02048061328577
215.03654117788545,93.04137138535143,47.54076465499806,130.8945327698255
201.59404538987445,104.91112930661075,46.84271408624464,131.8919801994016
195.55812284416288,109.19402851259404,46.29009228161067,132.17978801149505
186.24004962378442,110.41345436436963,46.8089577622846,133.83367779735428
182.19267308573774,110.55225830265002,46.66595315557767,134.88683755232427
173.872775632996,112.02267305419426,46.837932661891195,136.3887489664416
170.54002862999283,109.18504510344796,46.52755081340534,136.4686860736837
170.65313711914257,103.93520030750386,47.60545628307339,135.6149887866046
178.0054255215871,100.40323917565844,47.493520354954356,135.62064345691167
176.3972877731834,95.54111850730658,48.145371336991246,134.91206161246305
184.22238524370334,91.16549060790312,48.288365444718465,134.9126221826933
185.13040281375834,89.66275039608163,49.89480540417205,132.02412591795127
186.98169889692215,94.5017342486083,50.42595166023822,129.41649360108153
189.44308084204488,94.79042880599744,49.84633743201063,126.79145963271135
190.05724311252285,98.26537348213398,48.73420745962907,125.61381902540285
191.45804658883642,102.66099045948364,48.031105288724966,124.87916370687296
184.46484849972404,108.4739780627636,46.86350881405667,125.76357782831596
183.160854272768,108.70157848322475,45.580291957147224,126.1498878197034
181.79317132619826,108.97295563823675,45.11093520738811,126.29298055367049
177.96942798365225,110.55053545716754,44.88179063256195,125.92085953198934
