198.5,214.5,34,81
194.86814578142207,215.69293570340298,36.718092391560035,77.61412859319402
191.51423900586326,216.74715786079776,38.111473357663286,75.5056842784045
190.252468950058,217.07819471056945,38.87016025580932,74.84361057886113
187.95610670151544,216.83329754409965,39.926436532833414,75.33340491180067
184.8490387054291,219.84643887628843,40.759841886411536,74.68785288601765
184.5883940569339,223.40107849097313,41.28113118340196,72.97359124890559
182.2868912391535,227.07373313922335,42.32034113396937,70.97397547989523
179.93775227124746,228.66917405952174,43.47894015927907,69.55293309454959
179.83021704108762,230.93203279769313,43.69401061959877,68.56351540420486
185.20807608937315,230.97484977665806,43.480028181818724,68.477881446275
186.49072822581795,230.86915945456164,42.66681894895554,68.68926209046782
190.13005260152653,230.1882478139867,42.35467924716657,68.30945810921067
190.5718165439123,229.6304204153388,41.47115136239509,69.42511290650643
196.6104439878445,228.48242302796478,41.52119619280318,69.98863629292985
198.89970111864002,226.40469812738235,42.16776856298941,70.66069500624324
221.96185348026444,207.78480791976892,41.87119639047588,70.88576836126084
213.6817376760725,208.80427568587078,42.58294982175815,70.60777484873508
208.22471035885604,208.27484904733353,42.884086844398055,71.66662812580955
204.83919802752882,208.85214369048595,42.4964900779152,72.30169419678904
210.45239681532064,210.02587662550422,42.02537868510481,73.53932372101028
214.7201337745141,214.45925445948856,42.504507128090374,73.6871704144141
218.51531329127053,217.49932693316836,42.167115288778504,74.85999266125548
214.2280788188207,222.04020470075713,41.617187172979655,76.72751359891625
215.44769208813068,227.1693019118959,41.02103777227739,79.37085914206247
215.8477062023825,228.32069859210802,42.09274319314881,78.93979943101334
223.66398028175456,231.83669048586722,41.530697494954765,79.44306687376991
224.39861371336065,231.94132342347444,41.94299517568081,79.23380099855548
231.1669565481447,231.81779960767213,41.605302803507726,81.36641910121652
238.69621053711342,230.26108726629082,41.835495255145446,82.56875623028228
241.59923952721616,228.58210084307265,41.82750582804597,83.9940395590166
246.90735845039706,226.2751613831804,42.93182500366502,84.7010661381408
252.36062802089907,224.16921870159516,43.92254116429993,84.94719973409832
252.11054910466262,222.9240018252896,44.422698996772795,85.43406209135168
258.70156674546524,221.60001895916682,45.37598025261498,86.06269688967613
259.11720411887023,221.58881968078876,46.589663261303144,86.08509544643226
263.9908316949694,222.51428842688364,47.17287049672636,86.30025043176684
265.18523550274443,223.64326146805524,46.86330023791972,86.12154170616705
272.64742117501953,225.21719055961228,46.43809988096847,85.04499366413849
276.6863752134093,226.96532189967007,46.552845327796774,83.59689436492475
281.577769502413,231.07294896747112,46.913760203573005,81.46786230159299
282.43924396694285,232.7494621623723,47.194177807121356,80.11820244439863
285.43950913375056,234.3083510216838,47.15791162406123,78.9885127759608
285.61854367201136,234.60104995322067,46.79984254753967,78.40311491288702
285.6891781149445,234.0693600152435,46.658573661673415,77.51056082105242
286.0099104006189,233.5004981814356,46.01710909032461,76.70801371529456
285.4602378399243,232.8236398224449,45.198943162666076,76.14421938422815
284.87716241375335,231.90930374155477,44.469776678777436,76.07757420977792
282.275734104767,231.93718298607527,44.026637736041394,76.02181572073694
282.2654958456692,230.84209193574716,44.04711425423709,76.33833224676499
282.40366111623337,229.60290796886687,43.77078371310872,76.93799401168452
276.83729063400676,227.711665537734,43.606121874134494,76.95467793947445
278.5988303661944,227.33212397955842,43.84374024264237,77.71376105582561
277.49437469430944,227.0234815316984,44.157028678290246,78.33104595154565
277.5091128811033,224.95988000148134,44.12755230470249,78.63807874754411
276.75282358651737,225.28225887232836,43.72600602064006,77.99332100585009
273.4469885896233,225.35252741798863,42.74665897962822,77.85278391452954
273.8959722832339,226.10186882494628,41.848691592406986,78.23308054062353
273.2377175134201,227.2954311522858,41.295977054887615,79.58440404023837
272.30298949677257,230.5699773653377,41.28583011403366,80.55372351073106
270.7699846592147,232.25444290094808,42.458183367547875,79.0784488611118
262.3830339380328,233.76597402858363,44.09514534802657,77.94750403857631
257.7143858934084,235.2859779442647,45.81901161821132,76.81085366198019
250.15009704872256,235.72531753517183,47.53769843933455,75.93217448016595
244.11717262707106,236.27275572824783,49.94599459911501,74.83729809401395
238.28036636362648,236.4165824919422,51.84314346762601,74.5496445666252
231.55835099539567,237.0949172956872,53.39282601886335,75.17536632333926
224.29117307959936,238.50056858255772,53.80525496262953,76.39890000326294
216.64103159405448,239.16680697194562,54.8064494747642,77.10915014719502
209.62056763193914,238.3094820153421,54.35755151016093,78.82380006040205
206.12499897311156,238.04558205525902,55.08325562504808,79.35159998056821
199.30203312536523,236.2807926270238,56.07853061662382,80.77273605305254
192.92188283356208,235.37493508777496,55.96073984440476,82.58445113155022
185.72186431095236,231.87274270470326,55.158740667405795,83.07367751674286
179.27851144036228,230.57996892993157,55.05086722297159,83.49346186868391
171.97585972973718,230.70637616957106,54.46424124253225,85.41092301821769
171.35359610949786,229.08565216075567,55.70876848301086,84.27389292781916
163.73017183523123,229.7110491936645,53.412042411597454,85.21604568949475
158.06408690792563,231.1077262873899,51.73195934212654,86.76010914340469
153.9284006670227,231.06730939672758,51.34946305284786,86.84094292472936
146.44135624663176,227.93743050009152,51.21609030678238,86.62607432363836
141.61891488656207,225.477619619901,50.09716308393719,87.24017210682558
140.7496224091617,223.9058363943414,49.692820925435,88.24081144464186
134.53864349411617,218.0126572417939,49.20954605337727,89.27280916461285
133.5470899265535,216.07349165019795,49.03476504704118,88.83536406488186
125.86523194628805,216.07481970704805,49.359355161685414,88.83270795118167
125.85925734707216,216.5328888415758,49.371304360117186,87.9165696821261
122.87681704065514,217.70974149248946,48.91437148394267,87.70346887663501
121.5887928063844,218.50894833300708,47.23107542739584,88.23472745814396
107.26160295063823,215.24820396001118,46.36300249585064,88.42997635205636
106.49750873252086,217.08569349146245,45.794469632790715,88.9484398877432
108.19126559086476,217.20053537273964,44.5015083619154,88.71875612518886
107.58393882620028,214.82062243214756,43.64729679893313,89.34085182175059
106.90890386518376,212.5856802385536,42.934201949029344,89.68440666506478
106.21297920162317,207.48834639897956,42.270266550615446,89.60015071653754
105.54280728049874,207.21719915741477,43.61061039286432,88.09945886607127
105.04824790330082,207.68139504854258,44.59972914726014,87.17106708381564
105.05839268837882,208.89260269390292,44.579439577104154,86.79652952883036
103.72032628663806,207.47784441009503,45.21353936481343,85.5419800649016
100.01616430940899,208.2928362221942,44.483824264998766,85.94650620427142
98.70191326321367,207.05649843768862,45.08441750549453,86.39127292138772
100.36431068437088,205.15811671195235,45.849176697700884,86.0984823383395
105.59064352931702,202.02673149530597,45.66453642281413,86.2004375226289
106.58641756157758,199.26159244126424,45.72492613545974,87.62684007637905
108.68223412217056,197.09062860658997,45.681188306621294,87.82087245338008
115.93825794938483,194.41936600816896,45.701461636262565,86.9352600856207
117.93617287691387,193.89682880219846,45.832390549104495,85.9169551136117
123.16424974830613,193.078426615855,45.629462234388534,85.50311440068495
125.618669991714,193.85020649297076,44.80276857780365,86.0006280615688
127.09976747188438,194.38194211066096,43.87476658201216,89.00554275528698
134.8029268291508,193.93955326987557,42.903913504115195,91.95252981352003
135.3764735309199,192.66376712491663,41.75682010057704,94.5041021034379
140.67547248158968,188.2718384152261,41.68513852946489,94.86690645863699
141.63176549476015,184.93136359980141,41.88181223020741,95.22007690823614
148.67494140340204,181.61634759115913,42.62036136913106,95.49657994428898
149.22562894687027,178.8411356090979,43.653836030356025,94.64245466392707
156.53504513970165,178.94561787134967,44.01898299020196,94.43349013942353
156.39984134050817,179.60971395730533,44.28939058858889,93.10529796751223
158.1674695168634,180.0314049211028,45.012694566890865,92.26191603991731
159.2297845205381,180.79462560164905,45.017615168989806,92.86502528827316
161.39286007452242,180.2935617559854,44.968355599075764,93.86715297960046
163.0783539379603,179.91916108318955,45.901800726769906,94.61595432519215
163.77091925499312,175.50174209046435,46.69605042400675,94.73327098543263
171.2779295512034,176.00287250555147,47.046190677688216,93.73101015525839
172.4068742267481,173.8335717000834,46.97457690408777,93.69706061121667
178.98820381168468,172.75780158938792,46.91915705298544,93.66406094614588
179.84741017219332,167.53685548963517,47.38384240826648,93.19046276415978
186.528490472991,169.62016156158603,47.12681336282222,93.3922278056417
186.68235971082714,172.42704750753768,46.81907488714994,94.32657582784185
194.5216420898508,172.34639340959524,46.47795166746557,96.67894710063567
195.55771759119324,174.18857077071866,46.62531588143429,99.65313802834976
196.3489509059359,172.88519554651992,47.30828985295861,102.2598884767472
196.7043520706648,169.444298382422,46.5974875235008,104.5110416459516
201.76774456774282,169.56776733229867,45.812945075442464,106.59966438272275
207.07565615054602,169.60066002952354,46.957076386792686,108.88586988366433
206.03925721762334,165.5854788361089,49.02987425263801,109.70036686304846
207.49037552664157,165.13460448385194,51.034868008229495,110.60211556756235
207.70391817124295,163.69806280085578,53.109661247627244,110.97332040495418
207.78410686187988,161.83427640881848,55.49278226754529,109.61389638664491
208.05634584028604,162.6867584686341,57.5132492753805,107.90893226701365
209.74684899271423,162.99560957434312,59.28159083470287,107.2912300555956
210.3662659658438,163.29829785561378,60.63856914159264,106.68585349305434
211.44807476578748,161.67426718927447,58.474951541705295,107.32394883879584
212.42488313145205,161.30641797852857,56.52133481037616,108.05964726028765
213.78066084552268,159.81136308040087,53.809779382234936,108.489897691858
214.82894158798712,157.67708387929633,51.71321789730605,107.71970550775794
215.5798023914002,158.25391897885044,50.211496290479886,106.56603530864967
215.88572250004836,158.418072178209,49.59965607318357,106.23772890993257
217.27648453317104,158.85136819473163,49.23140275137604,105.3711368768873
219.08628762892434,160.47917147369682,48.006016759555045,104.50975051864255
223.62453129562724,160.9325501702924,46.010297295915905,103.6029931254514
225.36510584161843,159.2153403396436,44.8412095421316,102.41329011035285
232.33485769957355,160.28931057935492,44.54707347441283,100.26534963093019
231.9142674016488,159.25554837808443,45.38825407026235,97.8570511675985
231.82276428658463,162.63483839341865,45.571260300390705,95.53382516561418
231.63842042926535,164.39233862954774,45.939948015029245,94.20585043003953
238.66947243494107,160.26192659145295,47.09621095829544,91.59641239578795
239.50376691980443,159.20829208055716,47.583468072934096,89.39198924884866
241.5357158302899,158.68454342615001,47.78322148686077,88.30766094021413
243.54231309630612,159.60386930027147,48.00857921902497,86.46900919197122
245.0638793135409,160.5186783602605,49.15743204180058,84.63939107199315
246.27682943095712,161.4077997282485,50.9083951795714,84.94958002231881
246.7765218325608,160.84326979842746,49.90901037636407,86.0786398819609
247.36453611754604,161.31590123734523,48.73298180639361,85.13337700412534
249.27407595471053,158.86763211377587,47.00245893560606,83.7642448406398
257.6247176427266,154.23286780661982,44.57328562295696,82.83940912396403
258.49129026247334,156.31448097125022,42.84014038346344,82.64367682077255
259.7480631291006,157.7592384523715,42.277705717817355,81.70527292613842
265.9083246062343,160.29088463407447,41.52307194735201,82.42492515463354
266.2410592581,160.97502482888083,40.85760264362066,82.98182893235553
268.08430979744537,158.83633016471725,41.01473019062889,81.4937753221341
270.9563082944562,158.9721934372341,40.97900385048331,81.22204877710045
275.6085179483268,156.35572862511384,41.165377663025005,80.76050252917132
275.21924067105044,154.26262447690817,41.94393221757763,81.15748746392674
273.42998720966153,167.27974708121917,43.608581332728406,83.83110936971066
273.5138891621589,153.97265387175915,45.42255390042226,82.70042517099012
273.7692824346939,155.13816646275936,46.90798722180676,82.36561985544427
274.61623795779485,149.8959667902751,47.23064555543746,80.75060292141691
274.32734588710906,151.32694356260512,47.808429696809114,77.88864937675692
274.2332764900665,152.51652340935323,47.9965684908942,75.50948968326071
274.4547596991858,153.35239755419772,47.55360207265562,73.83774139357172
274.979470461822,153.67771108681217,46.504180547383136,73.18711432834286
275.75619204037554,153.15791107813197,44.9507373902761,74.22671434570323
276.57504140232186,152.76125910455158,43.31303866638346,75.02001829286398
277.3477992146644,151.58585748433308,41.7675230416984,75.52410854267332
277.98406238541617,150.6188490799862,40.494996700194875,75.63023741700405
278.56051914647793,151.34943449096102,39.342083178071384,75.97676286836298
278.8300606213807,151.78318490277414,38.80300022826582,75.10926204473672
278.77055378099186,151.54150385427957,38.92201390904347,73.82165543178576
279.7625010709285,151.54771398817368,38.69221526702502,73.80923516399751
281.2581137555797,153.3449337799951,37.45095513851178,75.46469130272185
280.31650301469983,155.22855872784726,35.82852442720814,76.95591969661264
281.7655481122805,155.18256793446437,34.6767954384356,78.79426248976725
282.0262983531414,155.255292142491,34.15529495671383,80.40166925145255
283.1484666352254,154.2603688075488,33.67787182495315,82.39151592133695
284.23828621543043,154.60727715721524,33.285398210824894,83.4848647682857
283.8311993563379,154.87448640636748,34.099571929009926,82.95044626998121
282.86043194655525,154.78071036351218,34.238379790618495,83.13799835569179
282.7172607852182,155.11555980438968,34.52472211329271,84.27619962003412
282.9306180422296,154.63568595215207,34.09800759926985,85.23594732450933
284.7922196387857,152.47887207460928,34.04606481228483,85.87831467346766
284.7457770002235,151.16329056306742,34.13895008940928,86.66553106129932
284.8323860513015,153.12721084357673,33.965731987253214,88.30848090961504
284.89687896668414,152.52081737400678,33.83674615648793,89.52126784875497
285.5696299067899,149.87281249286355,34.3837624874341,89.13972297756862
288.83869303521476,149.45816774568317,35.433114985155534,88.07214278328655
288.54380501459775,151.05221120783386,36.022891026389516,86.78434360813252
287.30707343347626,154.300499760876,36.604135598553356,85.96442227228553
287.8412417464051,156.4736817950029,37.42647735395858,83.50873658529466
287.80792740706744,158.01253119686743,37.493106032633904,82.300643677299
287.9002569503294,158.6784732662971,37.30844694611006,82.82198997331068
287.5550896517858,158.77481920370627,37.99878154319724,82.62929809849234
286.6459418127455,159.1187396294339,37.95021049968217,83.8083239686328
282.7660469737655,158.84325717986079,38.17739578059094,84.35928886777901
282.9592174744074,159.02230563003124,37.791054779307146,85.89633177933827
283.23770680811737,160.05161033546278,37.234076111887205,87.65901914550183
281.9585718226681,159.7970776769685,35.93969176703248,90.09441162036698
280.3241924966252,156.54689167101455,35.3315662885103,88.84101537105897
279.71168142255584,158.2894583162061,34.64704531043023,89.17496833311331
279.45074309731467,157.671523659695,35.168921960912606,88.50874091689816
279.5319395248066,159.95403944833845,35.00652910592873,87.74742201514637
279.49309423772246,161.65689425637157,35.08421968009697,88.11771233676734
279.25713464691034,165.82236749405786,35.55613886172121,89.26034831166028
277.78498072179565,166.4323366954149,36.58085792387822,89.95999869701865
274.3491021064514,167.0277139188173,37.60879466049037,90.71718441490586
271.7506333390101,167.04757763260676,38.85144800481611,90.67745698732698
270.15779229125434,168.79485105426005,40.03854088827343,91.1800885681287
268.0211805277654,169.31711911076314,40.25812637126251,92.16237147711692
266.35247031795143,171.25141029804982,39.505703806819,94.42855357865079
265.8877805671714,171.02753752814618,38.370693840842314,96.94068858599476
266.6563615879872,169.3460475898259,36.833531799210775,100.30366846263537
263.3885441102729,166.97225382381018,34.96508763296439,102.9502362142481
261.79686960522884,165.3867790375516,33.9386556798754,104.01629530517668
260.9577754470074,165.25760494076096,33.515567352616074,104.274643498758
253.60825637318828,165.2347090848071,33.53437286041843,104.32043521066575
253.59521386542087,167.22003633403438,33.56045787595323,106.64429732939274
253.55022269118638,167.483465956895,33.65044022442227,108.24907603041818
252.22943494791056,167.48155191640456,34.13595930417564,108.25290411139906
250.79935226242839,170.49695583348324,34.83105623028209,108.71730161181543
248.36729282261908,171.1635156669428,35.32625714247381,109.56864092860974
246.81522176800217,173.7443200459907,36.22474429625892,108.81834208141142
244.11379198275714,174.41113570401473,37.20467292602888,107.48471076536333
241.460080899114,176.39405698124955,38.091389908166285,105.72922080346814
234.46605804048608,178.72941810844242,38.8711328048645,103.2598823525087
233.6475556392331,180.22271499836552,40.508137607370436,100.27328857266244
231.4512919359743,181.60649893287618,42.734154705995145,97.50572070364115
227.30955364134587,182.27082216759763,44.519680266354364,96.17707423419824
225.16334644079654,183.5753272117821,44.4560109390429,95.74610601003431
224.1668990904136,183.87047633892212,44.278248417510845,95.15580775575434
219.89438401682847,181.67547850170973,44.18744530955068,93.06892848883128
218.70124635362365,180.51759693857497,44.44674727032052,91.13074488382118
215.8692878877007,180.15368597592652,43.80107300335925,89.75536974284907
213.30797840012454,178.07995118600715,42.70801822960442,89.75905682341636
212.47042938249754,178.00305771834002,42.33018196099549,89.91284375875065
209.95809956043738,178.69391023842746,41.209078465302426,90.57972643184691
210.0427467217877,179.78100643669808,41.039784142601754,90.4442153330336
206.81391962660518,183.35533212973328,41.39620736918579,89.39679491074418
205.46325396395673,184.6623410820123,42.07278057443952,88.80753512622935
204.12373987338788,185.97716705584662,42.723817961873465,88.20587397226444
202.64116972790356,186.41742240553145,43.6584127952647,87.3253632728948
199.18778601928585,186.70920735070808,44.4635457002643,86.74179338254152
196.93733450491553,187.28964806883823,44.885984816301765,85.5809119462812
194.8990951655847,188.66110722661904,44.90355180685788,84.86744947477234
192.67640866255755,188.71460881442457,45.31039324339915,84.76044629916127
187.44875400428532,187.65705464438264,45.64235558097714,84.85088524345184
187.34674859023045,187.23680178260838,45.84636640908687,85.69139096700033
186.40422889597966,185.39577942042158,45.68384221742806,87.32587211121353
185.59736587309465,183.6870886517811,45.22874981255366,88.67443519785006
185.44252841358752,181.90456031788142,45.53842473156787,88.07793563631753
185.3409441311281,181.1498196622663,45.74159329648673,87.51005345321283
185.37960919464567,180.51198006667713,45.664263169451615,86.71321449876324
185.48070149106982,180.75389800823885,45.462078576603275,86.2293786156398
185.2143753180605,180.95008360365327,45.994730922621955,85.83700742481096
185.151526657761,185.06343917212078,46.120428243220935,85.81929796565606
186.2366839551394,185.05206024197912,46.004256554488826,87.89619873196408
187.19035798002187,183.54439571195996,46.179617566061836,88.82881873066444
188.0395694363232,182.92020231061048,46.58062280344614,90.07720553336341
190.16352311260948,181.36506548176692,46.58204374968413,91.06281504164525
189.1315451344709,180.5493586833795,46.50684699830967,92.6942286384201
185.09766478498514,178.76796625512122,45.927548238406814,94.09524863021808
184.57617821210525,176.97587485698696,46.97052138416659,93.33498914506664
180.64804660113373,178.60326504307065,48.289284072589616,92.25937561740591
178.55496392933844,179.61571016159826,50.28933087708349,90.23448538035066
176.82380966735101,183.09586004341992,53.75163940105837,87.65520070083105
175.52584797105567,186.09403226582876,56.347562793649075,86.08049649575709
171.71290032721927,184.5736681744343,57.28132913930118,86.89051503120578
177.12891151551935,185.18573528277864,55.48298922900575,90.18322204766937
178.26698254401742,182.85848529033026,53.20684717200962,94.83772203256615
178.08987926130206,179.46078292611634,51.252803135608026,99.32487615916172
176.60093265702073,177.24889178913767,49.54890362798125,101.40776207502432
179.6523063901699,175.07421908598815,48.13003263963854,103.41516924234553
178.7818067534793,174.87374815942877,47.52453100812769,103.8161110954643
178.57096974344248,173.25732375380335,47.946205028201305,102.36548321846189
178.55745531485059,175.5162160866575,47.97323388538506,102.5037115045694
178.6682520671772,177.54118250091523,47.75164038073183,103.11476161458731
178.82013341597937,181.46326577231787,47.44787768312748,104.61264856556673
178.83433381987987,181.70421744810756,47.41947687532651,106.48271521446233
178.62823063262994,182.1761065876149,47.83168324982634,105.53893693544768
178.48524887436835,184.18249254353145,48.11764676634952,103.898323336643
178.34949949859842,186.6498210138853,48.38914551788942,101.3169821752073
177.45867085726204,188.08320592289525,47.85035370147256,100.77066145627695
175.08549847587807,189.25695118210518,47.990506511435385,100.72626691425965
168.96924933955833,193.3623798727529,48.698551222390165,99.43008166997504
167.421700048086,197.88340470867482,49.495372040620495,97.28286529227415
163.59748306208687,197.71894506264184,50.30189872614835,95.33114882218332
161.55657961966492,200.36414491748624,49.85198401091733,94.57247071256946
157.8605777267293,200.88189860356078,48.25608136879685,95.78393994741828
157.5698759535968,200.6978295011272,46.60022202142228,98.38934104592505
155.14576148875295,199.77085557013825,44.7086797009511,102.48987932462256
153.71727147970745,193.21444314030657,43.01965835940738,106.51070146501652
149.41753264308954,192.69147122247392,42.41461967834011,109.85777438925751
145.49154005197894,191.9996190720814,43.251256551621125,111.24147869004257
140.68272300380394,195.5346689622568,43.375591110742974,113.66467844691992
139.2548199526691,195.62014044709179,43.82104756343462,118.31443477640605
136.22684208441171,199.28839496197884,44.90694866601911,123.40306233145773
129.7446257643179,202.70606689028938,47.56146371481307,126.87763606623028
126.80378490243965,201.49984436118444,50.76800791414576,129.29008112444012
123.91832590539492,200.48291803545055,53.771593627568656,131.3239337759079
120.82909127273332,201.26200863851975,57.09985352402507,132.6159619386363
119.51666690734857,201.84850383494967,59.724702254794586,134.37085291287545
118.76900171972869,201.22749264391285,61.22003263003433,135.61287529494905
118.40913834666534,202.13762427450672,61.93975937616101,136.83649183776313
116.6663657923313,203.25036627442051,62.35102340709598,137.68528891566856
116.83926482666357,203.06230024291222,62.00522533843146,138.06142097868522
117.07877793118692,202.86392377410192,61.52619912938472,138.45817391630578
117.4489659681804,202.67300754112756,60.785823055397756,138.84000638225447
117.90064549188926,202.18725430718092,59.88246400798006,139.81151285014778
118.16928130572398,202.281604928119,59.34519238031061,139.62281160827163
118.69559219515762,202.64731319668655,58.29257060144335,138.89139507113651
119.28898851243457,202.9232727532476,57.10577796688943,138.33947595801442
119.98302275123123,201.61839395746426,55.71770948929611,137.9385526290017
120.85438035584033,201.47275496479278,53.97499428007791,138.22983061434468
121.64476998124424,201.43896153781765,52.3942150292701,138.29741746829492
122.06610842194851,201.3076016893583,51.551538147861564,138.56013716521366
125.6475023700812,202.76108707601816,50.217634738895214,138.5676086355435
125.84836615848494,204.329420107643,49.81590716208775,138.32140092577797
127.66332411203823,204.40940346570642,49.06565741180704,138.16143420965113
129.5137472955986,204.45982254357097,48.22859260629221,138.06059605392204
131.26254294814962,204.55324570036694,47.5781397652273,137.87374974033008
133.1948534920963,204.47710817177088,46.5461548428342,138.0260247975222
134.45442246292106,204.01169398853517,46.842998670511506,136.14087139466685
134.20942518256842,204.67217734179462,47.332993231216776,134.81990468814797
134.04180492251697,205.07022418184744,47.668233751319704,134.02381100804232
133.80694485518285,204.0136659442669,48.13795388598793,133.35760391111185
135.02383013870812,204.15993597293772,48.48249673458112,133.06506385377023
134.50959444946503,205.5084075704916,49.51096811306728,133.14848296513685
134.12323941241672,205.41117973191913,50.2836781871639,133.3429386422818
133.73049149275798,205.42274760471773,51.06917402648139,133.31980289668462
133.76588401528892,204.95382002090173,50.99838898141951,134.25765806431662
133.5038667378446,205.8588638169736,51.52242353630819,135.29037485056799
133.14529354894745,207.45783764928842,52.23956991410246,134.95946668469924
133.08355719771342,207.56955597342142,52.36304261657052,134.73603003643328
132.6754164200774,207.93955859005308,53.179324171842566,133.99602480316992
132.45851481411069,208.14906081193234,53.61312738377596,133.5770203594114
132.26796403488413,208.24953907500742,53.99422894222907,133.3760638332612
132.45604940070535,207.96250729422925,53.61805821058664,133.95012739481757
132.62059052463295,206.35454227550775,53.28897596273146,134.28074841912255
133.08299869081867,204.66843402197975,52.36415963036,134.76877477233666
133.2536091065145,206.0151649732544,52.02293879896835,134.94996946920412
132.41615832618743,205.72578067552612,50.826699727951755,135.52873806466067
131.4236923157315,203.93982136048663,49.95368984121525,136.24271478709122
130.5644981978279,203.72101605502365,48.81965559720928,136.68032539801717
130.93342231583566,204.5811439772237,48.08180736119382,137.7982287333034
131.18983305592184,203.97241338487686,47.56898588102143,139.0156899179971
129.62680363968903,201.00058554896822,47.84629518449964,139.26184653183955
129.9443541221568,205.83178142540555,47.21119421956412,141.02870833392797
130.02489023529148,201.16189597379446,47.05012199329471,141.75581091472893
130.26917533490814,204.882208817222,46.56155179406139,142.95005500578753
133.24044504271825,200.29558989077432,46.39164558736823,143.4643430452923
133.25092092915014,200.04180795679838,46.3706938145045,143.97190691324423
133.02604194753988,202.7929835861749,46.82045177772502,144.2642155372423
136.93198361392768,202.94022568133056,47.73780550123173,143.969731346931
136.05474881050012,205.69841713656248,49.49227510808686,141.3757279912325
135.36121367177554,205.12827997275468,50.879345385535984,139.59857790463525
136.2686485804295,207.53509054251532,51.98164968352492,137.7021308804108
135.52341387325833,204.45866887663732,53.47211909786725,135.1253014562495
136.89433979732968,209.34112454745886,53.62988042834277,134.0592296504613
136.588788866678,205.43726399406023,54.240982289646155,133.2056789203573
138.20411900996018,206.77802504643012,53.89601266686601,133.40984747940172
138.38944314417012,208.0204932747574,53.52536439844614,133.80739763378318
140.21587402603473,209.0779848690432,52.75410248741772,134.57401429791236
140.20301851481113,211.6544643025595,52.779813509864866,135.17873895441932
140.27338824127094,210.37616690965115,52.63907405694526,134.847339615146
141.93701031187726,210.21939846961092,52.19254072746892,135.16087649522643
143.43011889600635,208.48026539013415,52.08353531943557,135.7619308939552
143.7694726274504,212.26448244508782,51.40482785654748,136.84515350844921
145.40266242658674,210.71873007890508,51.025670345120574,137.0494361539689
145.38056923102795,208.07577872509847,51.06985673623816,136.5687009907795
145.09724152353863,210.46667533979615,51.6365121512168,134.66413454072833
145.05867729079063,211.08019438454528,51.713640616712766,133.43709645123008
145.22924770495888,215.52573745165222,51.37249978837627,133.0776076719632
146.63959259360118,211.66497555694207,51.3843950441948,132.3013763620742
147.083136678406,215.05779852859638,50.49730687458516,133.98067687949614
147.0951418042731,212.13940867039437,50.47329662285092,134.1578184254559
147.03159820983132,216.46810157639408,50.6003838117345,133.9962126707718
146.91099530437006,215.34700980973398,50.841589622657025,133.4064995771236
146.65057887704927,215.61208458654318,51.362422477298615,132.87635002350518
144.69740711007734,217.50540429193808,52.43925205632803,131.91922456762984
142.7293528270896,218.8248798684375,53.54033084100074,132.11530319593373
142.6136676545158,217.2850570316978,53.77170118614832,132.33745096307842
142.28095969342755,216.2809942038818,54.43711710832488,131.48075593785845
143.44121216022023,215.10132936236573,54.980915684377315,130.97578211125276
141.47427759180266,215.7418653565342,56.048120140866,129.69471012291586
141.41919495895982,218.36884984638175,56.15828540655168,130.17479330095262
141.75310734254288,216.6012840014406,55.490460639385546,130.83400477789226
142.09640132951137,214.7190672764206,54.80387266544861,131.72479381217562
140.81917260343863,215.84887026633453,54.483991385212846,132.33952656472897
140.80807734719627,214.4163483268577,54.50618189769757,132.32704456348824
142.29598654682115,214.27515121843606,54.408103846001495,132.60943878033154
141.95191762988375,214.32105369718894,55.096241679876286,132.51763382282576
141.71919698424315,214.54894309929253,55.56168297115751,132.0618550186186
145.99031369396124,214.94131867567268,55.69739664689003,131.27710386585827
146.9008668647396,216.0996333666344,56.760003458809564,128.9604744839348
146.4528378472797,220.36611716810637,57.656061493729354,126.1654005553876
149.0553735969309,220.96183047825707,58.13923020183379,124.9739739350862
148.72979387578164,220.83772748937787,58.790389644132325,125.22217991284455
150.22268824140363,220.25324650758301,58.65483495659136,126.39114187643426
150.05371475027295,218.88453849106818,58.99278193885269,126.2636727594949
151.2196571596837,220.6200763500032,59.52983280157018,125.66153272316393
151.01374843672716,222.26613978259383,59.94165024748328,125.23894142030419
151.01278172538395,222.06389698919148,59.9435836701697,125.64342700710887
151.08785050075784,220.2625078125344,59.79344611942193,126.36972400283368
152.4864805009927,220.20700329118347,59.88064028181583,126.48073304553556
152.65343816224652,219.83638780842358,59.546724959308236,127.22196401105532
152.79800513650144,221.2580771935254,59.25759101079838,127.27115006944695
151.53550036577207,220.80044191434598,58.894370780907735,128.18642062780577
151.57779737756658,220.6220001646438,58.80977675731872,128.54330412721012
156.38782506893497,219.97715110203904,57.88641933204114,129.83300225241962
154.89464841105462,219.4590793005529,57.97134994250615,130.86914585539193
154.73226648738728,219.36734251380523,58.29611378984082,131.05261942888725
154.57620682905332,219.58595766388262,58.60823310650874,130.6153891287325
157.52403701802092,221.14927314661054,58.563497055224474,130.41422032660216
157.40825532715877,221.16307314531372,58.79506043694883,130.3866203291958
163.30920315064864,219.31371679005474,58.694852185638425,131.15991119079638
163.35759290467996,218.813594176485,58.59807267757579,132.16015641793587
166.57335628918239,218.5038926375047,58.06193729358227,132.77955949589645
173.09664072129178,218.0884183829808,56.80428988134571,133.61050800494428
173.36744315679908,217.96215313759092,56.26268501033111,133.86303849572403
176.8133061162494,216.57374745427245,55.23314870434672,133.7087550559029
180.3557655597191,215.3933138281958,53.96941784637178,133.15902829357404
182.44224041423507,215.29891619020077,52.676649497236255,133.34782356956407
184.43811841850027,215.15947976585394,51.544718014223776,133.62669641825772
186.34718062170037,216.2944536641765,50.57015308036246,134.20030809415155
188.1908706389403,216.09412127982262,49.717052226728995,134.60097286285932
188.2983704014337,213.51048347590492,49.50205270174223,134.1189561529548
193.0635279523383,212.24968116406924,48.41332924645259,133.82669689445294
193.39764462781108,211.83154327990474,47.74509589550703,131.87296692679436
196.6427084515803,212.12398172545173,46.754912623067355,131.28809003570035
196.87400508126387,211.21931980918524,46.29231936370018,130.37373974804717
202.93089001010586,212.5903640629462,44.987432102021394,130.33387188952656
203.21856332887904,211.53951376343844,44.41208546447504,129.75764041041444
206.13775410643916,210.3661262853293,43.89216900996658,129.44518281632682
205.80118892783432,210.43576838600882,44.56529936717628,129.3058986149678
206.71794501599408,213.030446824505,45.387371872475285,129.42771110121242
207.09410735988962,215.1232534148821,47.307327052169484,127.91437778794347
212.590683688046,218.21069556637292,49.74122340333659,127.11031308795373
212.6961983205416,220.09537795728096,52.24781217891223,126.05856634670451
219.3862769518771,222.1854347339713,55.350674054363,124.62562264967745
218.76014557733117,223.03749689830403,59.3842243170025,122.921498321012
223.97871367602664,223.9601526779913,63.08223604612283,121.07618676163746
223.58574844583063,224.96538216099785,66.73212258719285,119.06572779562434
222.05329912527284,225.50391346258795,69.79702122830844,117.98866519244413
223.55808312378193,225.19231073305212,72.65307010893781,118.6118706515158
224.16385712329634,224.99827888540472,74.43175046495057,118.99993434681065
226.5585055713339,224.57699766639274,75.69422647405881,119.84249678483454
234.01748952542874,228.72442273238642,76.07442815597958,120.7265484069135
238.9029155766085,228.57061536923976,75.5412368650965,121.0341631332068
242.82375100884653,227.29190257010873,76.92420819467175,120.51670800011844
270.06166621547953,168.44351616904464,71.89320121388063,126.96262807917802
269.98713495564203,212.2584162016783,68.94084174084965,129.2740658023813
280.14818243882456,208.0645063802905,67.12954130392312,131.49162060201076
351.2517420970489,174.46962978198755,66.90435775608879,130.77696973536632
356.04019820059085,174.42229544386186,66.54403821414188,130.8716384116177
359.44165908074274,174.2437922963872,65.87585419037599,131.22864470656702
359.899273654613,172.88053081856026,64.96062504263541,130.8941117926953
361.5163745554257,174.47812005083964,64.76674261347078,130.73925270059726
320.02482302054307,208.01125838577377,65.8130763732699,127.40157438292488
326.354256247896,211.146691587992,68.17349309810196,124.134564614396
354.606361786961,187.2096495622954,65.6017057398012,127.06496223259816
358.2658949763751,186.4069133150589,64.27318822150998,128.6704347270712
361.384859574479,185.5125877411302,64.02700653140163,130.45908587492858
365.07207790238544,184.11021162398544,62.68811752471667,133.26383810921809
365.3418451823952,181.83729084515568,62.14858296469704,134.77427219605582
365.0167570973041,182.14226601946035,62.79875913487932,134.16432184744644
365.59737602145015,190.39616814837166,64.687976140861,132.90879186099292
365.8502692405167,189.9641732717697,67.24723416627056,130.70773715065403
364.53586056194325,188.7196751162099,69.87605152341744,127.04254767786546
361.8763642144431,196.28221746039273,69.0585689685465,127.2586511141779
360.81163659481524,198.1346287090681,68.13056757741423,126.61128524721511
359.44343047378044,200.28873638256724,67.83494629900046,125.33510342070024
350.07862867472113,202.8387182888836,68.51554942403578,123.24330635358143
349.8279460902053,205.6604205573296,69.01691459306743,120.58882164575164
339.25156955565615,206.98487537049328,69.46243995840682,117.93991201942424
332.70079512405016,209.43563815758142,70.85827453965885,115.96481501573791
322.00041697993316,210.12757030324985,71.81497647504209,114.5809507244011
317.12675045406587,209.83609073943506,75.7303297697956,112.2479199735401
311.9350437823493,219.87045241439947,80.22116399091324,109.85693399055792
302.7731097604923,215.81242262244547,83.62380052687666,109.02025466981561
293.7711542122522,216.37387465419437,86.49187739512425,107.89735060631776
279.1881689648443,209.97200729733493,88.14841001418887,108.47466848636952
264.9009248665271,203.3156304789435,88.89231231010885,109.41827283394595
241.5838149997307,193.86164823602292,85.62546950936812,112.73215527780785
232.2725409409827,198.5080931994437,82.4329257285809,115.90503214998523
222.91758441363356,188.88893272437926,79.35678950459678,119.58188932962662
219.67303836823768,190.34506752418218,76.49535943198218,122.90330117229169
211.71186992690207,189.6984644596366,73.70488322564329,127.31530948288459
203.78295638438763,192.27230045584912,70.73830138339328,131.57984195409904
195.5025668105426,189.00829820222452,68.39974016869812,134.9579564009507
189.93898408586602,190.51780036811033,66.88966561284614,138.2575720717816
179.16329858558566,185.90477843686287,66.17112511790525,141.12078407841892
106.7116587119989,175.88305797467743,63.38443865900172,138.68966492795198
107.46317764483817,175.93399765746386,61.88140079332315,135.46124704214446
97.48849517610444,177.67566934675466,60.457835311333085,131.97790366356284
97.5247766793455,181.5281032587714,60.385272304850915,127.25073556647371
87.64707807862325,180.47725725581802,59.787371910717084,123.53719968792953
87.75116399760053,184.6788476614018,59.57920007276255,120.82007356973898
82.46188609710042,181.96254661872757,58.95891679164362,117.85354634349807
82.16792453934639,187.38816425534395,59.546839907151664,115.23899109766711
73.07490700993326,182.92658998290278,58.711238102713956,113.29263286354148
73.50277947505381,188.04637381839967,57.85549317247283,111.07629615942268
65.6179493171779,191.11535861982605,57.862372244004845,107.56545676393992
64.75264376532026,191.33721210018518,57.01738485476829,104.54615131026983
56.70797461927088,193.26184283665202,55.490288633044074,103.21352333931085
57.5176379130249,194.07280624270223,53.87096204553603,104.06245831047033
51.24949197962108,193.07319813211078,51.67401244244901,106.06167453165324
50.77714009802634,193.2216107142969,50.171883454189846,108.21168211872964
45.14859534426677,191.6757984533092,49.16895109420986,111.30330664070502
44.55110740716856,193.46114610601336,47.884615787055914,115.17054487934789
34.02901546398584,190.35893550292025,48.82843320164451,116.34987446758987
24.502889039035125,220.04781624061764,52.602764852564945,115.53747758828901
22.865088593981305,196.10355927110854,53.27727207058467,116.60630542972474
8.855262483216627,195.58694457221912,55.012432071693766,117.63953482750358
3.623824618489685,203.78140320042442,54.77996394242841,119.9674693238516
-1.451670890442422,203.20843171050086,54.11641351017212,121.11341230369874
6.79460063965179,200.8925550390387,53.87565832471455,123.03653433416787
4.347738138130097,199.10898610434518,53.304828450757924,123.87139476505496
4.522516903696534,197.74912490756455,52.95527091962505,123.85682603560855
3.7751327833217374,201.39961059477287,51.72213825254342,124.73955738468553
1.9876891640669712,204.25772078559356,49.85942891400942,127.17973186860948
2.4976585810271708,201.72310709087554,48.83949008008902,129.52822726553316
-0.4482407383748921,203.32907444253703,46.5228567936209,131.78858051239163
-0.3974447996325168,203.36150248939268,43.69465310030134,134.45033623451508
-1.399200269169203,202.2462905502657,40.272379700836616,136.68076011276904
-2.4255718368528214,202.92510848126125,36.96257520542025,138.00439806616978
-3.82338238546844,202.8723308357925,34.48215173466255,138.10995335710726
-6.222367365269633,201.6732812290611,31.502280858843008,140.50805257057004
-0.6230453798920408,203.09911296134499,30.58062226828094,140.22563545105064
-5.01302974750366,202.62068887129408,29.170405881833478,138.63493735073473
-1.0259377372807172,203.7250553483901,28.690483385554764,136.4262043965427
-2.8773365822506154,205.237382134185,27.47729406076004,135.85954433232016
-2.36357611185114,204.76223390875967,26.44977311996109,134.38330241135333
-1.902630103819659,205.59113461471156,25.527881103898128,132.72550099944957
-2.724749322131773,207.63713061163108,24.82723286398957,130.97839568214334
-4.580345864860425,206.84647738553343,23.92466911733161,130.25282371828098
-0.986070541040732,206.7267665461718,23.57334940490096,130.4922453970042
-0.8544513297404546,204.6382007180913,23.310110982300404,130.1184090259353
-1.7170045353206795,203.12383438997114,22.770110210350964,130.88203449906575
-1.4714692420590936,201.5656478281719,22.279039623827792,131.733375608698
-1.2097575411128858,202.56887961600694,21.755616221935377,131.9940139362436
1.1134380709549578,201.07735708215466,21.629850726800854,132.71674613944757
-0.9780360923818154,201.67580623953143,21.277169422881673,131.51984782469404
1.3631728435969208,200.65276232283065,21.08319651607364,131.32171317552084
-1.7131530136470765,200.8239048559264,20.523008698861833,130.97942810932935
2.205228865145168,198.5293386317544,21.573010389556522,131.1251778335337
1.1661482886328471,195.68645024537844,21.40652083993049,132.32165320098426
0.7879673441793571,198.9807092306264,22.16288272883747,130.24892930831123
1.343867303089004,198.4274035313608,23.295313340512653,129.1113101773479
1.6663769254313596,198.29430659716346,24.901134769053044,127.1266633725175
2.58666517351436,202.01830198143688,27.570101255418624,124.1882155865022
3.6404573471095496,202.9369007874863,29.993663365277932,122.35101797440336
1.7358567227384345,202.83200391243523,31.516608829060008,122.56081172450553
2.3665513541910563,205.2850606027449,32.573316418875436,122.29089204932751
2.2229402477163624,202.3079419201963,32.860538631824824,123.57662955769865
6.610637446247061,222.13994378830458,35.87389891147538,119.27888985161798
6.034716458103951,222.93983760007467,39.37917814653912,115.32566496930033
5.138182982657078,188.4408166252246,43.53400995245315,108.74723155835144
5.111461022088996,188.719093806838,48.27247449929304,103.50565656942096
4.369379482679303,189.8156469442681,52.10694488579087,98.96224298688229
8.791357564615105,190.4304769749299,57.36455393802426,95.38232205620787
16.658463609469116,184.67571569435856,60.72444726849676,92.57126555221515
22.574535858680527,185.6104771635051,60.89753563063941,90.70174261392205
29.589828348694347,182.75378914580716,61.121917622165114,89.2876351635413
37.135227596899085,181.97918837971724,60.180613161209806,88.47858768981206
42.185342213690625,181.00935124521055,59.402231961622576,88.08779995032651
51.91622029563217,179.0097429132318,58.43382857486707,87.46367842000213
60.540995489205805,177.12167107339667,57.18767679437617,86.66742249777057
67.98388027350458,177.40400391815302,55.82297417521711,86.10275680825788
73.85095991292033,177.3070889331203,55.2003029663186,84.07428916433673
80.68322692759153,176.35927247668786,54.62468038493304,81.60695159454937
88.99317483377992,179.6103746139582,52.94862341987644,81.5092496831459
97.06909439521647,179.74083050304893,51.535079341502964,81.24833790496447
102.65816454662061,181.02497255233342,50.74667714694027,80.75800142804458
115.20701508644288,182.4485695798829,50.337935683069475,79.96822067426005
127.06089044802911,184.14399433516982,51.095296272167204,78.61613043970875
132.3259472537667,180.2989127133598,52.75221973084859,76.15042945819827
135.5536173135352,179.21320464391027,54.38321980115907,74.27867550217364
129.35431305736074,179.27837804271033,56.68129638067541,72.12822231800705
138.3181700040845,177.2987462189102,56.97720193792317,72.03779275434172
137.9459841133856,175.96498565008267,57.721573719320915,72.67704547352743
144.94144315956228,174.49260434235265,58.08165177408456,73.57166578225647
152.4302289958331,172.81757156904567,57.591909039338944,74.8520414806138
159.86454894230667,172.6734152367202,57.29236179127385,75.1403541452648
167.43161156884167,172.0570989658974,56.723935916688816,76.37298668691037
173.94971440311642,173.226462733893,56.22950941839507,78.21485220767111
177.52089986008195,176.48633731767796,55.4175734877334,80.13568301779367
184.17705525257614,175.78527836048687,54.8600969935722,81.53780093217588
184.47392760753604,177.59711966012836,54.26635228365241,84.32722557645367
189.58613891146518,176.92874673277453,54.89044493503239,85.6639714311613
188.7924902607155,175.82184364996823,54.277589976440694,87.87777759677394
187.74039377239413,173.34148082396086,54.158804226920196,90.61552452262535
185.46106658186912,171.27254531143882,54.19392509856601,92.49162879296736
179.6570573434617,168.13129454145255,54.35073857069804,94.19364833106675
178.8101422998986,168.38264493923657,56.04456865782432,93.69094753549868
177.32135414270968,170.9222967641511,59.02214497220211,90.95097738210018
177.26166034887302,170.97878238777247,61.48989488092103,88.4896438138118
170.82348675131624,172.72540269852664,64.95706214163506,84.99640319230346
171.32661804151212,173.2832265312215,66.30699390794354,83.88075552691376
209.2160009291768,204.08696802867462,63.72263890367893,83.662133178707
215.06634613522982,198.11207311964196,63.60046714741538,84.03340434092985
216.58707862430262,201.53012479610595,60.55900216926976,88.79414747357708
225.9096315855229,192.77177740932848,58.30430501022785,92.26192044993319
226.70707308040693,191.69465691645985,56.709422020459755,94.41616143567049
234.32875030797746,186.95626261749226,55.63409572177075,96.80893595537964
234.4811796483033,185.18305871179155,55.32923704111904,97.97665920295917
239.127562307069,183.78794345805227,55.59966343324264,98.37609178302395
245.1354008316428,183.37135800905477,55.59052496707878,99.20926268101897
251.09845164524646,184.35428093805035,55.73180542946962,99.65689324094748
255.7917231515605,185.31687713600007,56.03526446700157,100.15420135758805
259.893782807379,186.76854650184157,57.5712289924588,99.68588358517857
264.3592728213,193.37181390246081,58.45699903789329,98.75028637553575
266.6898203478892,193.25172244686394,58.7064870068116,98.99046928672948
268.81132195863034,194.52305677025595,59.389636209826875,98.91087685219424
269.6835762973908,195.76195954134042,60.118549792060755,98.90649356978001
277.0115825756841,197.41997767662608,60.37636521237305,98.07609529535853
277.8354495271064,198.86783477782382,61.20622585959305,97.65797564302763
282.2745611501931,197.95443175470794,62.26912049832191,96.99950221803381
284.7286442220334,199.21464189367455,62.34738338779593,96.97229645667791
289.6593916286933,197.7495203387874,62.462345798453356,97.40842526045789
290.9207264960208,197.15510979207835,62.44224372390855,98.59724635387599
310.6757629231026,156.50313187438337,58.21252971824448,101.78040759615976
313.5392957748524,156.15318339892872,54.98157420058227,104.97641473290642
315.9822570340766,155.36496701338154,52.58372539638252,106.55284750400077
317.8428121967692,153.55409225547675,51.332410651604185,107.70480143920354
323.2724918731642,154.3196064187523,50.332551253265805,108.63864810126537
323.4225883298584,155.01391115735183,50.032358339877405,109.71106559004521
325.34021157882967,156.51200804366005,51.139844156109376,109.18623797451605
325.04244558509635,158.1127427824852,51.735376143576,108.4678743708582
323.77493193003824,160.85111420090692,51.78738094016522,107.95717656106862
327.50104476607606,162.006256064434,51.76458950954011,108.12337091449798
323.40132482955244,163.13482945522279,55.00701714561336,105.86622413292044
323.0791252311108,167.84079920397315,53.14983100471336,108.96221132433523
315.01774806913716,167.30004025904609,51.668734540895294,110.04372921418934
316.45702369266104,168.36605127694833,51.2950120823498,110.41653596688701
317.3897332837944,171.58145226143796,51.93332121931572,108.99319063637301
326.3839704455081,174.4294003130272,51.403767385919345,108.28555753034624
326.03875524924996,174.60192862789532,52.094197778435664,107.94050090060999
292.5851671869904,143.123081049799,49.51735498350653,111.34046555441853
305.3075295265013,137.35730397851813,48.93244019184762,110.44211475329881
318.38328635610185,140.61297155391125,49.87020052073079,111.31876341744464
326.25732842228564,137.8166979720618,51.56520031628953,111.92757231602172
329.96578259365884,171.56356786950892,51.739608372907,112.7556801154021
341.50483336533574,154.90564534680504,51.57131922105161,115.52510863881211
335.45225059765266,189.5310801495427,53.345258649095484,113.427208730931
339.2501322463491,196.1527068975028,53.49962888084363,113.10084445024583
333.5507485515808,203.38438144984073,51.991820024287165,114.12538684088175
333.89164635889415,204.11855464628957,51.31002440966039,115.22690406147879
334.313913097198,204.2389306262836,50.4654909330527,114.9861521014907
334.84666211574097,205.8308089179505,49.39999289596673,114.3579239058491
333.9911193352689,206.24239579730303,48.583444729017494,113.53475014714405
334.01960925357287,208.47442768765302,48.52646489240951,111.57197953269016
333.8435309994266,210.93654499717053,48.87862140070209,109.11962546995197
335.1424192245139,212.81287892747372,48.72337435096521,107.80948700978333
335.4761614936381,214.1498928352899,48.055889812716856,107.5562417863068
334.81527534065737,216.00763765607587,46.972279180545165,108.65151802100104
334.98793501232495,212.2745484893538,46.62695983720991,108.91120103119219
335.11767434454225,213.9229542929416,46.367481172775356,110.41403061702991
334.39311952425857,211.38030004720522,45.39964235351954,110.66544218885639
334.66877753531503,213.50091000621353,44.84832633140667,111.2310007586392
334.67263543362185,209.99270152348157,44.84061053479299,111.04225318680119
334.73239503846884,207.56931383751748,44.72109132509904,111.09129800737605
334.46591580083947,205.9275163299119,45.25404980035775,109.58001183836403
335.34822169190227,207.6320199437401,45.87458276082501,108.55614935330051
337.41186994819674,207.07087926901798,46.510029033704384,107.29705931001052
338.4652727565766,208.92926547800948,46.77762002066805,105.95468349575091
338.2267050593719,208.46781337828068,47.25475541507748,104.51792106257567
339.19523926392304,208.17957797682664,47.664892815170376,102.74718605628868
339.2087942465181,206.21191227989976,47.63778284998017,102.02522211225015
339.5453511827805,205.38427846631572,46.96466897745544,101.36282477731842
340.30189781272037,204.7252797744684,45.45157571757573,102.68082216101311
340.99605721064927,204.35110191895586,44.06325692171789,103.42917787203818
341.825390791896,205.72728314863218,42.4045897592244,105.22719979967813
342.531627883593,206.07362372208382,40.992115575830425,106.80619472385897
341.7149584142477,206.64262582447262,40.35634583893052,105.66819051908142
340.9606091152753,206.98291222521027,39.623686472574605,104.98761771760608
340.08826577167963,209.52180080136867,39.149950113632876,104.34668665755567
338.92601349703796,209.01178770084405,39.273747910170314,103.16600610585903
338.660939266441,207.54436454326347,39.80389637136415,101.72884849126793
338.4333285695828,208.60463405682214,40.25911776508069,99.6083094641506
338.0359255745692,207.47292549985232,41.053923755107846,97.56674178111443
337.36313005817726,208.7498704585781,42.39951478789172,99.28718955378673
336.73887211476193,205.51458467590064,43.648030674722314,97.01431100750233
336.4952409311065,206.33122057253857,44.135293042033254,95.38103921422646
336.2951343625239,206.05626152622645,44.535506179198364,93.77122083831931
335.99231857007356,204.70131896275416,45.141137764099085,92.19454943429142
335.12902378737454,207.43403758452516,44.73693166048066,90.99070352878243
335.21523069841476,207.8353931208839,44.56451783840022,90.18799245606492
334.44455101024573,210.60556351702525,44.014418647384424,90.92202736584385
333.4793260903603,209.3271272282875,43.85223041234141,91.38626186850547
331.42472513515594,208.9396466137502,43.76824531364237,92.16122309758009
324.18290230587746,212.25682061742094,45.61328760722475,89.73974287856345
322.26876061300766,211.8186524498262,47.33853610409261,88.51304432488128
322.3087607219332,208.5033378822625,49.37322251275714,86.68492695394656
330.82140315731203,210.66173861914294,47.20481101645689,88.73535692638178
331.59620939989935,211.48208662423355,45.65519853128229,89.21032749237688
333.35110708664126,210.3568699867053,44.2413973943189,89.36476653091286
334.02002016992225,204.6613126747157,42.903571227757006,90.3867927141861
335.45075748701544,205.74179958425404,42.107591081152265,90.29131338269111
336.03958659384864,207.1284963428271,40.929932867485824,91.61834586042261
332.82020373755313,206.33919152027966,39.173251738239806,93.19695550551751
332.13200747889954,210.80549563281642,38.508938061209,94.46787825213383
329.1973305683772,209.84010793199357,40.283805761114394,94.35141059320979
321.8773077763311,210.4819590595368,42.461502167505486,93.06770833812334
320.5753224921638,207.28580967129767,45.06547273584005,93.16963381108843
313.62788756995053,205.31754921536117,48.24171529773528,92.81870380994891
306.76462439612595,196.99304428993474,51.00064926034031,91.91956584473112
