450.5,91.5,31,37
443.68625061518014,96.39002685990538,32.92926391970031,34.77853416014077
436.97036987416527,101.55667189591288,34.63320923108009,32.97456493950755
432.0332639913793,104.56150513738922,35.99054698476448,31.22333546249871
426.17789499524775,109.35111003231418,37.12307958368856,30.106689987319996
420.9461249427165,111.0270182751371,38.070972897996356,28.869461677397435
417.37393376914355,111.89496181647542,37.85354403634238,28.185261910263606
412.35149275864626,114.8719607557621,37.5265150263468,27.417219547185248
411.988123596086,115.68380529429055,37.23361978980985,26.81316403178596
406.47270651055885,116.96786841687975,37.206508192827215,26.255573380796093
412.93472230093647,119.87118376525983,37.22626552108015,26.422999103578114
416.3474021870043,117.9002679840572,36.39331305666509,27.368627012123053
416.93991188672817,111.83675925619745,36.209901114936045,27.476354975218253
390.44176502767937,127.11756281488185,37.176410269561,26.93193125985291
391.91308978807797,127.09431941047049,36.24646566532263,27.984770526955067
392.09983472039073,127.48891653959177,34.8635542769774,29.214419316151695
391.1765884934678,128.52958810420188,33.6856834413845,30.157439476370218
390.1075348155665,129.6546095449759,32.80873197675437,30.922455415254873
392.44191418243355,134.56063400683158,32.154096606983785,31.145714901452184
390.0778172702329,140.0905675080377,31.898211415224758,31.05082173459272
386.4941657239065,144.24384078912678,31.135107296601205,31.665983285100467
387.0118941158322,150.46252371129597,30.099650512749854,33.07440349936398
386.78594145916065,149.25552209204668,29.556964611737115,33.49922430915118
384.62418619037265,148.20565295939141,29.910372929805256,32.62138590983077
383.7519372474422,148.71430816185278,30.670350100767777,31.604075504908028
385.1438365425675,149.2290209884798,31.80923973594929,30.574649851654065
377.6050074245485,146.68701789504468,33.13364291993304,29.76440387335822
373.7088316088483,147.5643817937039,33.994838958192766,28.999841160774146
392.63797278672683,143.33156933506754,33.80452187466855,29.5353681259978
411.66636811193035,137.14489407500744,32.633475097057605,30.942686683935396
426.8295880434674,118.13187399705461,32.340361588139764,30.926513457909707
419.4226042169567,95.16688793983647,32.21033110342873,31.02822461663318
404.9030365323901,86.55382155043995,30.37844915000293,33.31676836838154
399.20283112569547,86.11325690193974,28.742363365860104,35.20070509596136
388.54152405792263,85.62030280001318,26.934048213917606,38.19799845524824
392.6187129409105,87.891394171622,25.93268835849111,40.80883362257984
407.64482461023204,99.44461774252187,25.126467409225917,42.770388528818316
426.3267866636405,125.05769794008451,25.928943809754045,42.43276214348654
428.1894729895994,160.49158497870323,28.615713177348656,39.96116960771344
415.19567146929245,183.2253979192257,29.84957382702964,38.6197801626793
400.5479876778944,190.02583973940756,29.015711937959235,39.00746734853935
388.55728172897307,189.2357567675753,28.42534613559182,39.519295131325194
389.16158941544813,179.8616697583874,27.216730762641618,41.204707251698785
389.9175177469974,170.63271175797195,26.776732984957828,42.51288108589348
393.03557654421246,154.07290851003413,25.961201313120572,44.19308923073072
397.2246181766326,139.1258747816369,28.537370024935793,42.31982595522461
412.7743883798585,123.77370860482293,30.754977367790993,39.70701055954545
414.0268994911273,103.79571006718157,31.57214462484324,38.68933738655342
401.79306097795404,95.14823554724167,30.62344294389149,40.51344721329513
390.1002648154727,95.33715823322795,28.305246236554368,43.488269975970354
386.6687631505395,95.22785391067603,26.174105154702353,45.955414724003774
391.55439386893926,99.78249086319822,24.27902116459338,48.09782288566012
401.932573166064,110.0864021680176,23.759280643982983,48.850874909307095
421.83115209581194,137.11298463904293,25.634082637719775,46.60609248749163
417.0962320376862,170.0637036610309,28.3503721906739,43.73779303429138
408.52914489431254,190.92152971525658,29.681869354065483,41.52883373422918
400.7265624885069,203.2024780813345,29.641447599336388,40.43531685158402
395.68819786765766,200.90562164228697,29.81553580620348,40.627855936420616
392.06770300776355,192.54789939127633,28.207941185660296,42.96435088540342
394.3433929583261,174.34712040797132,27.000915057017487,45.92237112719141
396.03972566986863,168.06320637291105,28.163020435443784,44.825886792777894
398.9836650488728,155.64668442016898,31.410492345246134,42.25287869482989
418.7334127465688,139.59653747544706,33.55966122277004,39.64595235684385
416.95321959379265,122.86744429661329,33.66450415690819,39.7005527908413
403.76673109337156,114.09710271171332,32.33242756131469,41.079954696053775
402.8191700790056,110.7929484903465,30.765408974055568,43.072075650799306
389.924263650548,111.77048376459517,28.74521605447141,45.75200606505186
395.12721937944696,117.03230740566282,27.663440174694493,46.88352825544282
408.0440029265938,127.39950467091312,27.44166519515703,47.1042363642882
429.8094850422858,153.62431397671122,28.131194177382056,45.85729410529201
421.8517690306237,178.78727068863435,31.32201335456252,42.95948310798184
415.0934243487032,205.34945244784953,32.01058160032081,42.31379689079877
406.27261985977714,216.9880609550229,32.137475262366195,41.22188594314046
394.0931661470495,209.97701966582366,29.976257723127706,43.713479406454695
394.903319547214,194.7739703407099,28.35595092279874,47.545005839905386
398.58798038929734,187.40931081510988,28.100843385462937,49.231598955248685
399.72856002848374,182.74001033469824,29.438926940478026,47.71247141590801
402.9160635721963,170.32416815142963,32.71538062868042,44.79620605251585
419.77430121608467,157.29593381586162,35.50718854570563,41.646048159810455
420.17919518939107,139.54899145540608,35.911450301725736,40.718441801734805
407.8047098340045,130.49562541815152,34.12454415538439,43.14488300613074
395.3980778341185,127.28743172593161,32.212940240800386,44.7022034970513
393.084706606397,124.96613711360712,29.59610207712672,46.930265848661364
394.0802441836037,127.07171123267597,27.60502692271329,48.70604546205994
403.9871964769197,130.14255263743473,25.64424389598186,49.70561127650264
412.3951648333212,134.85097951298934,25.227757123930893,49.65987177725172
420.66812070374476,141.2154542147259,26.13488577617057,48.566282635836515
434.6306510193711,151.92062338679688,28.44942274788222,45.76492743198025
440.34755359800687,160.68274430161523,30.94461645464209,43.330434371710986
425.6592227695694,162.94292949131986,31.18095361658797,43.47251591149037
431.7734082303315,156.21019294449115,31.840783181188264,42.87813392937566
420.45394040392404,159.7148484684354,33.35740309429329,41.73613280918435
412.13464463880644,161.3454544968024,34.646457458298286,40.836388008793485
379.5709346192307,186.25686445408053,36.825428171593636,38.52183173639288
366.7336020201039,187.74032147169476,37.583680824598176,36.74141353665247
362.3021901662004,189.0991019177749,38.25331856691656,35.194307782419195
354.5808429593582,189.34626329539623,39.819156461763114,33.543580317273374
354.6730413844846,189.9518909435653,40.78902107764476,32.33232502093525
355.8222281738855,190.24368027422855,40.7898282403371,31.74874635960873
352.5420601248025,190.06296016915817,40.509448167141414,32.110186569749466
369.3002056888562,189.81346751433642,38.960823019175756,32.60917187939301
365.78035090127224,189.21340811582922,36.99272174561993,33.80929067640739
364.68404952196136,188.53046179900588,34.72648240608896,35.175183310054074
366.417541333085,188.77619246467543,33.4611147109955,35.78452994229191
367.72305035562204,188.95517765130273,31.940425787276055,36.5168886903918
364.55376489285186,189.45646231031645,30.736738024578074,36.591784899255494
361.58380670693083,189.8075680337312,30.32092084711577,35.88957345242604
361.58044414036146,190.76651476063634,30.327645980254434,35.013442585283784
366.3915581454845,191.5016854827639,32.01706807644838,33.54310114102867
352.9570475857905,190.06600909947142,33.076747103260466,32.284959172801514
354.452896760218,189.47273979308352,33.172946737362125,31.41289913027292
355.33778012722127,189.3146715380539,33.43719103149394,30.712030126262995
356.27117217934403,189.08320975846155,32.58040296471546,31.17495368544767
357.7814414074058,189.156689707072,31.56778525646135,32.03195416216151
357.33508949776603,189.1710769972508,30.457361013923457,33.00474361271261
354.8536980760468,188.91262740024615,29.42493235075854,33.52164280672187
355.17329292171013,189.83552147370847,28.78574265943194,33.657373979217226
354.01319338250784,188.42805375139807,29.14072631330378,32.54187857477263
347.83331750782554,191.72694691018077,30.81936404844913,30.799144081852344
342.72613571425524,188.62278461335413,32.30039589215364,29.244507125784697
348.60918339744245,188.2573431740095,33.13016089474994,28.03756533232468
348.9447316722698,188.55118761121932,33.42150063556758,27.44987645790501
351.9561521314406,188.1850950584589,33.143362477145146,27.224611103439315
348.7733446889056,187.86276466820394,32.862241205756895,26.91973814731235
348.90625023019055,187.40713007071582,32.59643012318687,26.890722366995192
346.9791660818841,185.67950615189895,32.70768785151688,26.603059636346018
340.72179993202883,185.77299882232137,34.02894210445917,25.48328445827049
338.65995366144045,186.4887446828645,35.348289487923324,24.051792737184186
337.6765378085422,187.1824135027743,36.3839254222552,22.66445509736464
348.3932492701093,186.63503662920542,37.11689281173267,21.91200965178472
341.12188977322285,186.83989492939835,37.83190573323006,21.502293051398848
339.0693718863216,184.48487383903972,38.234910242613324,21.584796151592094
332.2211807534156,183.17865277268663,38.8710389962481,21.39861253168894
329.993041821199,180.53563007975592,39.57089960313113,21.050032031225122
335.335706481618,180.63002793753648,39.263584547532105,21.804692157958392
341.579771991665,178.66099231779987,38.197400906941404,22.887276552555807
341.6264297289583,179.01946233819902,38.10408543235472,23.12471631395544
335.3894163230682,176.18567308508875,38.1372155706984,23.050342509359165
329.6249522496262,174.11644715614108,38.19134954919263,23.36386297779122
327.50473792625246,172.70253544987747,38.582510544363295,23.304735651635895
336.54665354842484,173.78805966332072,38.87451997881084,23.067986243569607
341.1425224612261,165.07452129894148,38.39028173318351,24.04756376570832
351.69452596565696,157.12521980008756,38.77512691896157,24.317910621860133
341.09381584105495,156.00589361159567,39.24852970485004,24.58246609757576
331.6487026629398,158.6969770602634,39.16616988284384,25.191642203893956
317.2212023751733,156.74517418836825,39.81066885151031,25.06517628956045
326.6283797731073,145.5611881160518,39.26717855493724,26.11713985168243
315.0062168514664,135.91140959599886,38.94904109249519,26.97650821774359
310.41509588353154,141.27318957639613,38.82610508018846,27.625943526942535
313.3440853455712,143.84451834275737,39.224724115589886,27.69711762712067
322.9163249328728,147.88284013179845,41.07966827144653,26.970272214699456
333.10559799179475,156.20805024326134,40.95281056203664,27.373905388349776
321.33774209864833,156.91860723077443,42.004118733517075,27.023477299743288
310.90366874277066,151.54381306707475,41.259667686327994,28.047396635617645
299.979965817251,142.6504321396554,41.37746480467703,28.450471504304105
286.42003574190255,151.584265044689,41.1240368239027,29.196641623637433
275.0570042571499,153.9917487281382,40.678223588084194,29.898787638959035
271.5624553156149,140.64651019532963,41.018101306604855,29.992384046379094
256.25990927617005,131.68196873752782,42.63578596826157,28.96816211225344
240.37611878390334,129.2868313150879,42.97409633422501,29.268541154480452
236.6566653102065,126.52067498726106,43.61770721714984,29.13810708974342
228.8212417784482,128.20391653515057,44.46759034752485,29.191846440074002
214.75206359933287,136.8061308711928,44.9162303012445,29.293490520808987
201.0207969556781,130.30240961312757,45.64897477382336,29.51712099511175
210.64480967194743,124.94895233186853,46.40796108523748,29.632088163772444
195.51194969307863,117.6054245254224,46.91935076220188,30.03706524189355
191.53377863026702,109.63192965039056,47.64809553704888,30.32426073194221
205.13610540216322,94.37838208929362,48.51059126896389,30.323584902280267
208.39375743483336,93.580294725926,49.39446388278015,30.686563515822776
196.9392174366112,85.98027307715085,49.75879839845881,30.856776492862608
199.10697593077793,85.31497729094411,50.46640965721296,30.926586003504163
188.9949581391362,93.08903955834468,51.60276610878796,30.64860477406984
188.79039146578398,91.01181115843723,52.01189945549237,30.948823950719465
180.99671331433632,81.00185517377389,52.048476606369974,31.53026198002395
173.64936550865582,79.56214850204574,52.37445125881266,31.797180603676892
173.37539056551728,80.06905151163176,52.92240114508972,32.09897229839027
172.9133835482025,66.15049019834333,52.517573350306634,33.35925833671362
173.50434787727582,59.23786565948894,52.67959594239227,33.74499491209927
159.29841676528008,62.08392647781143,52.68210172648352,34.81700576114482
151.47103145428036,58.74538100146056,51.88799736967279,36.01113838757653
154.3123214972009,62.328268645747045,53.09832518468879,35.73827099986064
169.68684084126082,71.56217780886084,52.98005145243917,36.76275764555045
217.29507664120413,110.30815758844349,52.06553424378428,40.905325768346934
231.20989721515681,111.17965019258895,47.61938920981815,43.546746081419606
236.65608678787194,112.67739387117169,46.77431294604329,44.85724567353503
235.58584206234445,119.59085330349856,51.80067783011489,42.57382854094777
253.64056755011606,136.14078655556935,54.28655920206294,39.16267922718413
235.20169739544244,147.1601485109591,51.56028336514593,40.593001921598294
252.2580172219954,148.5166431844913,49.31819032388811,42.22599620342226
254.03061059633924,148.2796441969338,45.77300357520045,44.14055290503903
254.82549305086587,147.22834702908,42.76733549130959,44.82724406590896
253.95570900487743,145.89385933855706,41.74820990941517,43.35817893614783
253.40697066657367,142.81352442703138,41.50548844806555,41.47765993145609
251.7913855197896,143.26840852014485,42.123016309728804,39.2610705292767
254.53911264001175,137.07772382418352,44.31620825818528,36.26514754339792
268.37246368222225,133.01828259180954,43.26518499061012,35.51213706919732
268.5263018966589,128.2211640570684,40.47933895428804,36.43278051260896
254.82477427939395,126.13588808452346,38.8233067098724,38.18174183445332
260.02047210793273,124.98784437150866,35.70791549951973,40.47782926048289
261.4804125405262,123.37457609977683,32.78803463433279,42.50517831315986
262.6827197656595,122.68312493726563,30.383420184066154,43.88808063818225
263.2793407165641,123.0384404510956,30.35496446754395,44.34223579580931
274.5613900666939,128.3622641893099,31.214199590916667,43.06392184883362
281.15869600265967,129.63744133888613,32.0116715168096,41.67957453283323
277.3557711048189,138.40884679082117,33.827558486895796,39.19066697551094
282.2576079060679,144.26296835355663,35.51506119075589,36.675364895126506
279.6965112580529,148.05835734398758,37.22679331139024,34.7686888732574
282.2188619660278,152.15700851194507,37.85020139913873,34.50673984252012
289.28072571970625,153.54597019834648,37.39657660850935,35.146342148899144
285.995646101955,153.24995847945976,37.113111296267355,35.73836558667254
283.318598347637,149.5634436230985,37.87834166859568,35.08088131085667
278.8896289503402,145.6668358090673,38.69500963494402,33.6840731352101
278.36518197186774,144.83484048114042,39.74390359188881,31.93062889818509
278.96988347239085,145.3500340475547,40.788610424012845,29.773186848771434
279.23695384167416,146.22408624299155,41.36228883862222,28.02508245789773
278.92284562772613,147.05975253159622,41.99050526651836,26.35374988068837
277.85466762704255,145.77343505685087,43.05763948940549,24.649497716258878
277.56535989512327,147.0486860726627,43.63625495324405,23.15535193405447
276.7981405147589,147.13128019915447,44.13129358275992,21.95076354985816
276.66932141730854,147.15591654852062,44.38893177766063,20.875588569939495
276.6887990258244,148.1177740201268,44.34997656062895,19.96284797843477
276.93613223033185,148.42143463059261,43.8553101516141,19.355526757503128
277.1238852313299,148.68869107929766,43.47980414961792,18.82101386009304
278.0111528744757,148.27374592407344,42.66697961969009,18.689193414177602
278.35956389117615,146.90845925320156,41.97015758628925,18.576925685085463
279.30538073373737,146.87697648238083,41.01406015942402,18.639891226726924
279.695861123245,146.34029192661717,40.233099380408774,18.790495156229102
280.0944300264611,145.87316906338054,39.435961573976556,18.810698437067202
279.9299124230546,145.90348468614246,38.862217880893155,18.75006719154334
280.04205019208587,145.24175646501382,38.637942342830556,18.28681920423314
279.68643979054553,145.04232404353644,38.46714875315128,17.80366965442797
280.2344102947822,144.45399849959935,38.242297428812655,17.23814137403267
280.17637338839614,143.08933765209218,38.35837124158477,16.535816786933395
280.67465877967254,142.91016765602643,38.20902639165622,16.04693084644066
280.14849029505933,141.58953859345584,38.424948762942485,15.342530579821151
280.8688704256589,141.79329584508676,38.6381793905727,14.935016076559304
280.70231041937564,139.63399711845446,38.97129940313913,14.31699919012721
280.759668242072,138.59828248535325,38.856583757746456,13.939158566727048
280.6873936846023,137.5995937580579,39.0011328726858,13.512692550263443
280.21918857422696,137.29308432156992,39.13527606052456,13.323444390327412
281.39067543278406,137.8162734320952,39.19449367721613,13.07779661387883
281.46562421180784,137.0218388099355,39.044596119168574,13.072494608382561
281.96908098633196,135.47289920866154,38.832537628760754,12.9909535763687
282.0898247202334,135.50419611155513,38.59105016095779,12.928359770581551
281.86047033084543,134.78676666934768,38.26399589177927,12.791692559087464
282.43939751539415,133.29004772897576,37.88474970778807,12.670697699406091
282.6651625717381,131.36522618594245,37.43321959510015,12.665355714085145
284.4031739501558,130.24833526117,37.01507722127363,12.605727276373367
283.4289104612727,129.13906119224072,36.691330162667455,12.552001377859627
284.80081995105036,128.67948044670607,36.20300427448848,12.71933183847015
283.77294224809367,125.8227193010285,35.26711495956762,13.197475868365217
286.1391024760981,126.18971396508337,34.99384553607031,13.206661712340761
285.4054669566923,124.00445216941785,34.98227040986011,13.140646808606338
286.11986947365494,122.65213425169924,35.02960323567102,12.89300692457102
285.66285053334565,120.94827635897299,35.2093589669852,12.629311963501372
286.9370648434475,120.63784533724565,34.8571831513175,12.518089738777393
286.29763144561934,119.2738967427088,34.685979379196425,12.34584579229622
286.799941537298,117.53554650508785,34.40082576044693,12.225213444498864
286.56243750107194,116.16818856943824,34.16262913382255,12.107110519491869
287.0738232076426,115.17018083506538,33.84751708786388,11.980147886689888
287.6025784617559,114.12360434661636,33.49086111381444,11.970737261056378
287.7215952642313,112.78628568506538,33.25282750886359,11.863020156028437
287.4961944545231,111.76707451733618,33.01339473198859,11.830739302612592
286.89395379503094,108.71751133905553,32.845420827388736,11.753817153044915
286.1647358057009,106.74912286192087,32.938990954388736,11.595996552334139
284.45026812603646,104.76292470602627,32.96339615643183,11.482956675380386
284.5806053479082,103.99542222649609,32.70272171268837,11.659562340126792
284.14193879676475,101.48906045481979,32.22268462842426,11.921490230551198
283.05974934196587,100.62633535974965,31.680839730644376,12.293828517002632
282.27534544203945,98.38622729040635,31.223207715946536,12.72116502658769
280.11479850353464,97.43405817451429,30.808598595563012,13.272445259116635
278.2579287760375,95.1758839655119,30.4404272250886,13.706882851652642
278.11094915575353,94.26894376855311,30.05175296567021,14.155496245597686
276.2585465309112,92.03925729393467,29.64756232495477,14.50587330443441
274.8219806717469,91.79597487022686,29.095535032468515,14.992438151850024
274.348239362109,89.25419768292412,28.672296454164368,15.278468334924913
271.8253874277566,89.04268804321806,28.245552618167352,15.701487614337022
270.3659762380543,87.46428210119309,27.739400841093172,16.118320173203866
268.88800035037957,86.23952101897878,27.272430651646744,16.51408915875502
266.3691137679806,87.6938365348186,26.83557726126743,17.02709972406118
265.588166100496,85.47138137504717,26.33821373518998,17.353492321510746
263.1199910912116,85.54488052932179,25.79927037379519,17.89090568545698
260.972639330014,85.63586913272373,25.297499888544902,18.394139051173887
259.0957374829953,85.40244557436935,24.935862712162233,18.86098616788263
257.00055789632404,85.74155276869998,24.997901159177392,18.870825233609246
254.40125843284883,85.5273640987304,25.372383858956674,18.61004311252394
251.0068422898079,86.13720411930447,25.945933806983533,18.08094999782638
249.76073830415922,86.34279720629202,26.366445405987683,17.669763823851262
246.81903717905948,86.58194894213486,26.729092304540785,17.19146035216558
243.56989741690828,86.82085565665487,27.039214151665483,16.713646923125562
241.01980002750855,87.0640644692964,27.349954662659144,16.22722929784252
238.50359438881816,87.28203881496385,27.61786236663748,15.791280606507605
235.31247874161508,87.16088346415216,27.904968229851214,15.356355149109593
232.94605989983737,87.64177327321997,27.919264052666257,15.068652939651168
230.25928658422887,87.43227122765795,27.937847933461356,14.818286686972469
227.67592363261033,87.06514078135876,27.781748396302977,14.887194399521391
224.07754281280262,87.09635587433866,27.671904921234443,14.824764213561616
221.8054148010225,89.49884548097813,27.585315064073864,14.650630881003487
219.14753459780712,91.93406809961236,27.642762914638435,14.381209130117922
216.2631082463298,91.27387236187185,28.18357726336821,13.741086222764634
211.77649551005132,93.81743860777878,28.70207866352736,13.20649746224192
208.78123388133662,95.54541509177595,28.855192181345323,12.99354990514281
205.66641376515528,95.37863327888437,28.613906502748595,13.327113530925978
201.4822322813046,97.60222223168421,28.53970773312331,13.425930406963754
199.04039648557776,97.7527807031726,28.222795460045294,13.774886447053404
195.2494814036522,98.33355880872865,27.986346569973804,13.916376744928412
193.12757283736553,100.67891044619552,27.676530784901576,13.779306387640247
189.51941509627693,100.86031659953127,27.81311750132846,13.41649408096874
186.50797099233628,101.39986936743624,28.082189623895545,12.976701443527054
183.22216774660706,101.94249922351557,28.298165707639658,12.527004772139826
180.0276466267459,103.00630676940001,28.379119386979603,12.291816248485674
176.89817728666262,103.70539503767358,28.359697550812307,12.149311815205307
174.23937917217796,105.86864108170846,28.05195803893739,12.19808085890325
172.42664108796137,107.82612628813048,27.94876543944694,12.011779213982834
170.18345223839236,110.18090225273266,28.11851422725001,11.618856196113452
166.5020378667449,113.96162190461351,28.1355345271037,11.403225335792982
163.99520412870854,117.33693852303897,27.672168863022467,11.955302952480661
161.25601341739733,119.41705562234,27.033941963674273,12.688355411455033
158.7896346134296,121.5618770435563,26.429315307900943,13.32083191454139
156.52156847811708,121.78215105536549,26.026099863417105,13.497702355311613
155.4831644283761,123.93624202248537,25.64468856571756,13.49140436613949
152.1005321307557,124.14531602982287,25.712693042449263,13.07325635146449
149.89819254874098,125.27678436526385,25.89889399356931,12.618238914686554
148.80734887700459,126.41625648453211,26.28812048248289,12.13175553070921
147.17576870905202,128.67975456557227,26.577876682107807,11.767525159421217
144.97827255156903,130.61881507550365,26.8253885542326,11.44438737627944
142.83163379347855,132.83218462498004,26.986010360133868,11.15030398760631
140.4872288371904,135.00599252642786,26.974938835094992,10.915084442623986
139.13383637279446,137.09779630789157,26.766025454992302,10.81345451214893
134.0042068373028,139.13444891908114,26.615547864725485,10.788380213589253
129.04436810583928,141.4790438541237,26.748257831395676,10.7048221064486
125.50237696101762,143.79857408318705,26.91873816752539,10.674762950664284
121.07814097212267,147.27911830220717,27.674626188598282,10.650175046952931
118.18151804564577,149.5083440938875,28.171686483778178,10.899443959391265
114.72616234264731,153.24953629610536,29.081652604358155,11.21802842599763
108.16993972110743,155.7991836523611,29.816958470215283,11.688446433236306
104.32055865076809,158.02567435598328,29.861505652833294,12.338274998032361
105.27446509510403,161.49489149771554,29.903938817878984,13.200824929438097
104.58219153755884,164.0311806609282,29.95658146003446,14.121816731219857
101.06680991320117,168.9438788168754,30.841619381876875,14.539295964113569
97.80521468245635,174.62869901404895,31.740510980461977,14.418253295575616
93.68996764944829,182.9542996765697,32.11702138842188,14.189017801015265
90.59921500280524,186.10342896909992,32.57504681081009,13.614239086852683
88.339098216772,188.10695611184377,32.8238581408252,13.16670333640783
88.18605971231736,189.95627572111036,32.4224066044582,13.713235389532414
88.68060287341827,191.72906747727387,31.433320282256368,14.43637392660925
91.74631934120694,194.18409147819432,30.27084511630038,15.205134804335604
89.44127136512817,196.59370728302875,29.230830603461925,16.036013659662732
84.15214696609458,199.37455129044875,29.23030114320809,16.821592599815354
80.12315478832414,204.90046265304366,30.102137759166165,16.54899148399974
74.29526008607385,210.59239715219107,30.12798815621752,16.06819030518858
73.37933901302031,212.68945012070358,30.52177807026928,15.469214948301861
78.26374567792722,213.13743565942644,30.756017146330727,15.28774761413291
83.4592760536244,212.77974020179266,29.657305627739177,16.003138529400452
85.74100646763566,212.3813557333238,28.64874019026894,16.799907466338173
76.29852378638546,217.02678005874284,29.083590734716434,16.73411622452654
77.5242358031046,220.13166790765257,29.4919918015294,16.243990727209557
78.80610166320288,221.17671585308815,30.491548201245685,16.291867708286063
79.80616888345988,221.76064334634643,31.404266845124457,16.580439263965914
81.17395344622165,221.38565206690078,31.6550796436961,17.330421822857208
81.00381494660856,222.2598618340768,31.995356642922285,17.87140665038976
80.19425239567752,225.07096916159705,32.837093031776995,17.690912986400797
80.72260274621365,228.10938863688042,33.35384929853622,17.12117342324427
84.10194006191857,230.32580891250893,33.656021805965054,16.611025726897587
86.8884923984653,231.08472332579404,34.324089867681145,15.873343492178542
90.04631477775465,231.19879343956842,35.00185953324874,15.645203264629822
95.0303743354948,230.58298766747987,34.42846101740097,16.093921425504178
99.69622719380281,230.24505326239282,33.70338441399361,16.769790235678283
106.25918712799772,229.86617956859521,33.114903596951365,17.52753762327348
110.53261519604814,227.3130207340787,33.23624464051183,17.117729814340233
115.40445007935854,229.5263906034115,33.668368877125964,16.60475699999574
122.67239322401515,230.4167220368319,33.176415438023945,17.164749608190128
128.92126883724978,230.7115387622823,32.41893941545584,17.357801170882787
127.55231320701269,233.19072042525832,32.05739838887049,17.823479347284906
122.43780437920555,232.9405358002108,32.956549010036255,17.546359677842606
122.61674291193715,232.36990948473667,32.59867194457306,17.901601678740686
125.09417893448918,230.87948989638954,31.577874923150876,18.521995841225817
136.8153216495312,230.45986504119557,30.82078683519179,19.361245551613752
142.00235761787414,232.7197141341171,29.867914411489373,20.337247081677738
137.18896902269944,234.28592180672675,29.26287398762343,21.140146203464393
144.4705245123133,233.62813440798385,28.94077506472906,21.66455366448718
145.88427683485543,234.91938168586356,28.497886989450365,22.26154786846855
147.63478211215082,231.8053913276914,28.18828236971511,22.90456819881566
157.46504381762557,231.0637419055541,27.009075233028796,24.38786704309025
153.81802317726132,237.7949463247732,26.211741775910387,25.489932732776378
150.7232829269699,230.9831747235382,25.07360442474292,26.900779515662407
142.34680122407667,229.7652203983279,24.640844474043497,27.69995260832247
138.75130196691867,230.33936439068492,24.416630559944025,28.199489607700734
136.90384043121355,232.91016687773242,24.79929455174377,28.026273253021465
133.70372984934878,230.63715173602716,24.547431171017475,28.414750696147106
125.54549389260899,233.627593818775,25.027516502459086,28.26832474508643
115.52145802543885,234.30789138154927,25.780507121813336,27.746646189754713
111.83020496251986,236.21427845386785,26.420572288155654,27.305092524865355
107.22566879060506,238.3406486226618,26.32315188761572,27.282576161990914
102.15170349703432,238.7378058425296,26.341271786369163,27.332412612954293
106.76387345030788,233.4930616225001,27.259557998338625,26.834056091287
104.30748924234732,237.1455203658216,27.913019665303494,26.34402940297404
102.75811966515231,239.47057087795864,28.44870162352979,25.965690372306124
110.47683450245094,242.28623773297332,29.288505286143387,25.474535610869665
128.59700374605868,219.46479055019068,29.24742301846048,25.437416175596216
117.64751202550636,219.6340596348822,29.630009715326032,25.098878006213248
105.53392570455328,219.61614536584818,29.74544545944972,25.134706544281244
97.4318432152154,218.14375881257075,29.543272192754678,25.489005191040683
85.93368806179404,220.4335311369643,30.02197352167236,25.239769961085358
70.14881367182058,219.52769595743985,30.291570853948453,25.312543017485897
52.71277484044365,218.01853569226938,30.172558431589085,25.706531791443382
36.35856509042624,217.59172577722225,29.468233150843112,26.560151621537635
19.964979086024975,220.67752533750874,29.61994027211007,26.562829641849756
