197.5,203.5,170,149
194.1567585670448,201.96962217339367,170.66558290486034,151.06075565321265
194.10510400866875,201.00221390007792,170.76889202161243,152.99557219984416
214.34317420919947,202.7413122530321,171.06660750632267,154.61410747965726
232.1715961535238,201.99000847873364,171.30012023866456,156.1167150282542
234.42035647769086,201.44589774714112,171.9573840048729,157.20493649143924
252.36851159994768,201.04611350279805,172.33757203669106,158.00450498012535
267.65265746946653,200.92212368200904,172.97535886226947,158.25248462170342
262.6973373504878,196.39487892636978,172.45620286273862,156.87717789549362
224.7287487451117,174.92212229283592,170.61985699838766,158.34347885583966
187.2141140238245,174.82883328673685,167.95478060151618,158.53005686803783
163.96582480454424,174.87116902965886,168.18273782661092,158.44538538219382
148.42395812460228,169.8629952764284,168.40740013769036,158.1753758723866
166.4575236468809,167.38816540069212,168.3371023468049,157.98263087333467
190.3036750456671,166.99078776992707,166.88901919572632,158.77738613486477
248.243965072746,179.72680598969734,163.8289946959318,158.94638504858852
292.05943112913775,182.30020586368977,162.60789727558958,158.88251675310016
311.9540790053553,185.16894016162672,163.32065101514968,158.20780434372566
292.77452663524065,193.05428043116507,161.17351420152417,157.62696438734451
236.65438987621826,192.5286934207135,157.94453455638862,158.67813840824766
189.0949371244918,192.69333892103134,158.3260109345452,158.348847407612
168.44456562419214,193.1402078445611,159.73070881560994,157.45510956055244
164.9530510247571,175.90287339188546,161.7187178943393,156.96463762491845
164.73339912714496,173.95680385161182,162.15802168956355,155.83828079529752
182.11557008108934,174.29527480340624,162.44665959289117,155.16133889170868
196.86325615024325,172.02350024807197,162.959518214929,154.70351620898631
201.25325765596347,172.13302655914592,164.18380533894515,154.4844635868384
218.4655185971707,175.2717280323442,164.8840007803987,153.2248774009944
221.4174296624119,195.4048450875982,163.9889260255588,153.02862229562703
221.5981034483049,228.9778399182911,163.62757845377286,150.77416518266665
238.76333054613832,257.62357554156085,163.94834263379266,147.9346085264918
240.90454326322532,261.7245451887328,164.57584090678577,149.5525166464821
238.270884441796,250.02536604770518,164.89766984744276,148.22343141752935
221.2032582625572,238.28807380926813,164.5278729042318,147.05155210748302
201.65180269194803,224.91880430486586,164.39212310165146,144.36109540843853
187.83692641511308,202.58852539319858,162.86369632318616,145.28438423357028
193.0420789882472,182.56194759137378,162.1548934257317,146.5315308419646
209.96789098925274,185.37898513170182,162.3207964330704,145.75710247692987
229.44985109942303,220.61406127367644,162.15581305479495,143.18508966659468
248.97283656705514,239.34242235412842,161.5594215349072,144.1779469210671
263.752500754672,243.76412760874328,160.87698993653234,144.96016867079032
261.05626868332206,241.19143440350297,161.45475179129738,145.29085279333603
241.8861917763296,205.13663770605996,161.16320583607774,144.9660091209636
209.07422865652669,182.5871524913715,159.31769873341676,146.6917724017404
174.35942429799098,169.85886100757148,156.4769894702772,148.05824937593684
138.00886438315325,172.42838010233498,157.24752364960776,147.7145835630995
128.18336365573947,191.37863240901498,157.69066018100483,148.22980879660045
132.9165709452933,205.65722508830532,157.8583839854889,148.57503858879488
147.19267757319162,203.47276646748307,158.25718797987378,148.11878628874246
166.8196286053091,203.21250369509016,157.596550129041,148.63931183352824
190.96950781065556,203.3134176496981,157.51775406420026,148.4374839243124
212.38534861815847,203.56922444830934,158.04503230833524,147.92587032708988
233.930131116572,223.81363774158774,158.3154925241562,145.979288373998
262.76257329992075,243.30559960513756,158.14331876266175,145.32383838370035
281.8731304914738,242.89894623781296,158.1457580566544,146.13714511834957
286.62138639127477,242.92457916030412,158.23109372110054,146.08587927336725
271.4847904580623,240.74329562960057,154.96421243297874,145.6570073126963
219.59632089479172,210.2155929084748,149.86777246241667,145.17528543919383
167.7873577791483,189.06689844748283,151.26928869949532,145.65687027263806
182.15052105532226,188.57715859583453,150.59772417451686,146.63634997593465
219.54786359314107,188.3687567276632,150.69500122722968,147.05315371227735
242.64585111044002,188.61589605029627,151.3876225423134,146.5588750670112
261.2523947075308,201.33611075494065,151.7098695408385,144.57802952816402
276.7864385325052,203.3105520113042,153.30107446679594,145.29476024056643
276.3079554564184,222.1347328900184,154.25804061896946,145.26139049871944
273.13147478860014,244.4434246508731,155.89469250229584,143.09079204780275
253.9649190381635,263.05246516519895,156.56897734097825,143.53153768134197
253.7632555551887,262.5185119792251,156.9723043069278,144.59944405328972
253.26348141497036,258.20243322634025,157.97185258736448,143.7352775401702
234.57503410729805,241.6154982558803,157.34898074627188,143.65935183170743
215.5685573150726,241.09321798908934,157.44943061012066,144.7039123652894
204.0144836760187,235.99158892249372,156.7712683515681,145.3926466838165
206.60250354140584,221.91735951469013,156.35287192044257,144.9952457015312
225.56469831809363,222.01623163978468,156.38685781558172,144.79750145134207
228.32411575163087,205.6449210777143,155.610205788677,144.34484269429436
228.3189651747093,173.59617840845152,155.6205069425202,142.3221673477366
237.92108066680498,154.88456664427613,155.17964417734478,142.2186544380553
254.0261690977312,157.71704838689314,155.7457473548633,141.2360166727314
268.2843729880501,184.48537176250662,155.2822344559929,139.12967720474472
268.22525880213107,218.92879920311833,155.40046282783095,139.76277121467515
267.86829863690957,253.5530279099939,156.11438315827402,140.21344505218124
251.6112624220749,269.6849809580346,155.97415519599647,140.60383934804668
226.7410891989748,270.001593392383,154.35603761912913,139.97061447934993
192.27840638422566,240.5738610985068,153.77618629805295,138.5882243766045
173.83214686782503,218.24788737360487,153.84782097127584,137.21406637693548
157.8726166214974,185.2850608859815,153.69442049526407,138.9947974148481
168.92716079779575,168.54398900835469,154.62445983058083,140.2221624070229
184.99034537183599,185.75263549232898,154.99117251987187,138.29795127644584
194.78020406459098,209.27203145260586,153.87887769381643,137.4277157545284
194.85885777135036,243.9194498169787,153.7215702802977,136.91802186917306
194.85201895368368,264.2691109651459,153.73524791563102,137.39449724661475
194.851994479329,263.57516509000266,153.7352968643404,138.78238899690118
196.78635090375133,249.98848153676266,154.47165684983653,138.32531909733643
215.0325324335043,234.30300803296817,154.8530771889564,137.43170563112795
230.98764130818614,213.30977358860477,155.1489175636065,138.01038550326547
228.65248195981832,213.14698200874025,155.20452707499115,138.3359686629945
212.22582544663916,219.49518724529156,155.71240546321513,139.5018873205208
212.54997021225387,214.57016885975605,155.06411593198573,140.05734126339482
198.85290732317344,198.82217872367835,154.5817639847936,139.03076418930502
180.69892227714675,183.31797121329686,153.91215246779058,137.68379530214364
162.50850278070328,180.21143720858296,153.57071994650641,139.30657937230006
178.72847952282314,183.50914111058503,153.40687876297193,137.32204475411095
214.08337559016036,202.17036511484292,151.34692846494815,136.61284572514217
243.29067506719306,215.251098827075,151.86542832405058,137.65127006060163
240.7087477983026,226.59109859861445,152.47133872538012,137.76099119977948
220.9419165885135,244.66549901431824,150.88292168271335,138.16514989036736
171.40589805166007,246.31173067384182,149.83655592909608,139.42352306347135
134.43190896057672,247.18081899332026,150.91191224449824,137.68534642451445
127.25839775788685,212.76451974519512,151.6279987687227,138.36326551498837
134.04859402373134,192.03167571403367,151.7443972702967,138.7385804775223
166.66644725423686,186.07379520092655,150.5361320296494,141.5075641865417
203.26277336999436,200.32044751661385,150.92050133314743,140.60564263079698
237.16713238683707,202.03862017270782,151.96544944018274,141.75954172799044
241.41610507248254,199.53281380670202,152.71728864872534,142.14626217008532
238.9475716562975,185.5877824231613,153.0115810740599,142.1796784949535
213.68527496828176,169.76300869457924,152.409288057297,141.2939346112484
181.49568194388948,154.40906110194544,152.04660189791144,144.2553131358717
164.96604552388175,165.66335459081813,152.44549467721538,145.07556905863453
164.5681017228327,165.45520089618688,153.24138227931346,145.49187644789703
181.7018399462484,147.0007651274524,151.90236096627214,144.76822783246303
234.98650599123533,129.5189237292094,148.10911006262586,147.0304302514812
285.72856874244326,128.84824992366387,148.87788291258386,148.37177786257223
294.42179356551696,128.6638411076794,150.21581456166004,148.7405954945412
284.542110016333,128.25754875875194,151.14333913342983,149.5531801923961
253.98809360385889,128.9257975241486,150.69166981152543,148.21668266160273
215.58759873049559,161.51973834626588,152.17781462633397,144.22211252455162
193.97319349360768,192.756672274499,153.4009699629633,142.423079866186
189.1868652094585,210.895420365925,153.65793763648975,143.40833926242175
188.74215976963364,210.16133345304124,154.5473485161394,144.87651308818926
195.57465786521036,191.89268944618945,155.02651682745585,143.69602909530653
214.32049761038311,173.64134983801756,155.1624052985107,142.57114035025
233.0792038766617,157.16070967918102,155.14634420325996,142.71873816027997
232.82057904665012,156.79574471964966,155.6635938632831,143.44866807934272
233.29081473669834,170.5609607879391,154.72312248318667,144.17491963663133
215.29612969051453,171.9841483484194,153.0619089741182,146.03486746585023
194.45694025917197,171.13097156743768,152.3515437432618,143.03136057297576
171.0355257485681,148.50673652147958,152.68316926939545,141.76862716981782
152.61691028379283,131.42665654465762,152.43048265840346,143.47510927548706
133.63254748654788,131.60073883186428,153.12403200226615,143.12694470107374
124.1850212797072,152.9505359778095,153.3602620963252,142.40970062833344
143.18597574979037,168.49820520141992,152.61432535171525,143.91333785222446
178.9322504786342,165.28790273049287,151.16014143076393,145.6647184249628
214.62551112730566,150.0708557976545,149.8867244916326,148.05357054735492
249.5807044529189,153.16727080401145,150.35560205309048,146.5526914821533
277.2882259205742,172.48841101941417,151.04806239429763,145.31541323569297
274.3985476105725,189.05212986030244,152.1604959551191,144.85643696818954
255.40452947314822,190.66673418286484,152.7319048340606,146.30430674755317
234.03938564795814,190.08069706287955,153.08155511667582,147.47638098752373
200.94175930668357,189.36147787214583,153.01494685177755,148.9148193689912
165.31088171503632,191.32151811301787,152.95635408834497,149.74942875036223
147.9821969769036,191.40057609002824,154.24505030937388,149.59131279634147
165.1912084948362,189.12647994499508,153.3198173735537,149.35482078640135
193.50397005094632,174.14092941109294,153.89142411503275,145.96092943954758
209.62478338091717,149.62435794132955,154.70149728751028,143.05568692812994
212.0420442560498,114.62174043717542,154.55516833629585,142.73802995067484
230.7771643136931,110.86427673667669,154.5317915160355,145.57209943979404
249.97914491413047,113.70782095257472,153.93198178660973,144.61052994192912
261.64062616570004,145.22876701762033,154.1134388755912,142.68012875135142
265.91896388141686,161.13297462466144,154.9028581582873,143.58304503672355
267.6420387975994,160.8613060405474,156.15642858791438,144.12638220495162
267.19879871926025,160.40429729590784,157.0429087445927,145.04039969423076
266.8250919207376,162.33249216346238,157.79032234163813,145.94028856422636
259.74474039809417,169.6666672674413,157.60427825221166,145.6186854909818
238.14466408380832,189.6084516184975,157.8363420082732,143.92897356443407
218.78036559690634,208.83072674203214,158.55735638811325,143.49200591132865
216.34765320733877,215.02659109065598,158.66757769220186,145.36588763922066
220.77460250548484,203.97315955070232,159.38724482106014,143.5388364062522
232.76720018963186,185.20940754614804,159.2463344428309,142.91548443125703
232.6523940171178,165.58111822370577,159.47594678785896,144.11833455330782
247.08400736757386,160.2288645404945,159.28961670123692,145.26387638163368
261.66964243342704,159.89742318907764,158.88742442656138,145.92675908446742
261.79029042218,176.6141137945708,158.64612844905534,146.08734684638338
245.98123090985192,185.566118166717,156.67871362756404,147.37507172846108
224.40311667441046,203.08992612089173,156.7457486261096,145.84127296526276
207.24600416914302,214.30460836294515,157.70933939146187,147.23379008485776
202.25524130004237,213.8155393169704,158.08777399468173,148.21192817680733
187.54766830138055,213.3656067334863,158.56497697497983,149.11179334377553
189.8648665176167,211.79101597364965,158.7753122394233,147.41624316653298
209.33784160271642,193.44326532938925,158.3980393792508,145.54306714502687
246.26119854654326,171.40759732586366,156.3323815797036,146.54576949921423
285.3276752548629,154.38017622066087,154.50522225930035,147.21682679251649
303.46883077417857,154.34404812852222,156.23236519813645,147.28908297679376
289.9341737365757,157.10515937101894,154.62559986446715,146.54620705994617
257.48033423168306,170.48722124431106,153.13916893202395,148.23670186003133
215.2605417043108,169.47955167401446,152.15219906018467,150.25204100062456
174.669288795334,179.25051349139758,152.37648898497545,149.75910934072016
154.73139140627418,186.0757435158696,154.18831349031313,150.38263814406935
156.66577545436303,188.15540851918576,155.11584472470935,151.01960746801095
190.5849974700738,189.68645185721658,154.77032058047357,147.9575207919493
211.49078072329525,172.0347794708032,155.86234591435706,145.1243394844859
232.70692357552423,152.61153470879856,156.0828028685629,146.05727997857178
266.5938618250172,151.2806012354245,154.91331940745454,148.71914692531985
297.73833438013634,153.04774905784822,154.78211788526178,149.9662161718606
319.4463494423412,162.55991335042387,154.55741668864476,150.13803377683936
314.94063807761387,164.23589401463207,153.97238468192018,151.5842998165126
260.87853971145,164.01479908795446,151.42335174670913,152.02648966986783
201.58678697934926,159.2740389665027,150.53847470434766,151.9505393122463
164.9194429151555,159.403907675034,152.41925967155518,151.6908018951837
176.85333004235017,154.53542478402045,152.49714238176637,151.84950489137063
210.273423090456,151.83700435091856,152.75696652282338,152.45348788348377
209.80003893031,137.32831708429825,153.70373484311543,152.6320828872702
209.15906872408306,137.90626747504916,154.98567525556928,151.4761821057684
211.41505831572135,176.43024407604793,155.29978794056623,146.8196069278747
228.30548819746258,228.33759650498513,154.82014829676675,142.90856242904908
247.14616605687797,266.1837488562135,154.64041584044267,142.2195042516055
246.8075290293503,283.82235664161954,155.31768989549798,144.33377845526576
246.60801693986093,283.5564736858013,155.71671407447673,144.8655443669023
232.71337978629262,264.0749178728311,155.10914228354085,141.23338684573375
216.40914855799565,229.2751979340933,155.0588782822475,140.84984145630796
206.6629258634422,203.71765572513442,155.91677748544447,140.71992386297325
208.57072705840653,183.5169491153965,156.77108639524798,143.7620466845923
235.05912529077307,181.9768532238553,155.8429527373162,146.8422384676747
270.89952378320993,181.18502116640684,155.65469121313916,148.4259025825716
289.86568974982293,183.158256228963,156.0290190773935,149.2677649321444
289.2502788461435,194.84514995971563,157.2598408847524,149.93162047649494
286.2934731405039,199.6735619112958,158.33613563074863,149.94942990390032
267.03095265205945,216.83785321717605,158.0256433963238,149.60193885203927
247.41225793506453,216.52485408406486,158.51043467976683,150.22793711826165
247.09449013105194,213.98233247925643,159.145970287792,150.45139613389375
230.2024760406879,197.4770278562385,158.8045196938611,149.33652660527065
213.47821176136685,193.23993327209928,158.28875284570478,148.10663137160668
203.9286872410428,175.06502312159716,158.08996977257954,145.86078744506412
201.0951366411863,153.1142962548967,158.97141353544257,146.691324246815
204.20871119388306,150.2047365761394,157.5568795802939,147.69782845408474
240.84148506480315,155.34413424980036,156.3893402437331,147.0321008941334
257.07019416530454,174.94565229672654,157.37597834744844,146.05084343424477
259.1615283222733,200.11608471065165,157.97085301954547,143.48540846673802
275.428577714723,228.77244663339434,158.6585605380697,143.12435256997924
267.9338592607702,247.4840479793906,159.3952599310971,143.70844991766236
249.16907758912313,261.21148712522285,158.75131636613145,144.8837018071927
225.48875173207222,260.2581978893379,158.30789915733078,146.79028027896254
206.50223987263035,252.91341794461425,157.85020475801696,147.0683208740858
191.79774940009145,233.59290268455274,158.45248969022603,147.30042337705044
191.88770694455593,207.58025808260777,158.27257460129704,146.36944959112898
205.98654696637018,174.4461894200992,158.85447405752387,145.48523474981712
217.84147302607892,139.05320107149666,159.10259739753747,144.39728506872882
244.6438353778261,119.65078211530533,158.05722488790872,144.97713956739102
266.24637953355636,119.26876737514635,157.7918853652142,145.74116904770898
282.63543499639525,120.6462066782224,158.46751793734057,147.76539665552895
289.69053733938847,135.23170667160383,158.82280109100117,147.5253723480599
291.71156021815784,149.69395024447596,159.60431582251306,147.5422481366195
284.2699661412698,166.67624880603955,159.9794403619409,147.4297994469716
266.72227063381666,186.65963436670563,161.1942589761228,146.18368249789594
249.96169076560415,206.53085065093495,160.841338507799,145.15448444915015
230.97481382106372,223.1470173835524,160.27710395491803,145.64289087063182
212.045672513425,224.42630114081805,159.6053108928715,147.90058281576603
190.81662193300886,222.8261515702667,158.48779338179833,146.25914654887922
154.91992599561212,203.96357950412886,158.3082098094123,145.59870377599248
152.47143699061556,184.42357358841156,158.42029857913792,146.39960168528702
179.65794272972235,165.77125268543878,156.8404687239459,145.30920231085332
215.11858388073748,148.9617104719701,157.2801287827155,145.6265136360841
231.4971643035376,148.2706696204196,157.90807279638705,147.00859533918512
245.4106546448424,159.85669184756514,158.88751381315763,147.84190230104417
244.99597700734964,176.90539931933503,159.71686908814314,147.55169747068283
226.06523529423083,181.23698128685237,158.87493755474154,148.56438727555792
206.39612778183715,183.07663431542036,159.4860850074355,149.72596466493366
206.27133449856805,184.46005120202386,159.73567157397366,151.82800550783222
238.7950808521577,183.93856793314828,158.467732403686,152.87097204558341
268.15092521267786,184.9072498907347,158.5893277083905,150.93360813041056
277.0278890757192,166.33286697785422,160.33141670210398,149.0903405165792
291.38883663640047,157.08938525459675,160.84139926124195,148.0893855094272
308.38642287648787,153.06855828300974,160.89433489196426,146.40300856377345
313.5462483862259,145.61193016404906,160.2506495425186,146.80231629664914
299.9924265912231,155.67779014396078,158.35237213122167,146.00787700436086
264.8595648853909,174.93378672141415,156.7367590270133,145.83259665791948
242.768279335518,191.65040480538008,158.04244707581245,145.74804730739066
242.51654622719337,193.68836660415357,158.5459132924617,146.45524644572419
239.9907186136336,193.21964798996112,158.79534422803624,147.39268367410912
218.4370640236425,192.8329792426669,158.51344890267058,148.1660211686975
201.36101766284935,194.7019102226841,158.8631670575893,149.2570698610442
216.40106870152505,196.42723568168026,157.89325072529266,150.6581165672277
254.38063676015236,195.8438421396595,154.81525470307614,151.8249036512692
313.59735716606684,185.61093037602188,152.27592907840108,152.97504131401874
369.9673215412493,182.99470368052528,150.09927144091375,153.4003959609738
407.61013219466867,182.7519722214358,151.28487637244004,153.88585887915275
405.0963033155422,182.72440553526917,151.50673941881684,153.94099225148602
349.7762935444147,182.92379672622943,151.51302582518636,153.5422098695655
295.8429731689746,182.87066882726157,148.88783012612348,153.64846566750123
245.44862153296305,200.5589461877893,149.62825679698736,151.62133648016555
225.35493317461254,200.53250394662157,151.86313650763952,151.674220962501
219.38778712087077,200.85228775655497,154.2371973466826,151.0346533426342
218.6414265441452,200.97887380229497,155.72991850013375,150.7814812511542
213.54956073170047,196.11170322776024,156.26006230122164,150.8622345764221
213.4625258177379,186.37932024831062,156.43413212914678,150.98146113632987
232.94106228169392,186.06860458276245,156.2050596654277,151.60289246742622
258.0084957314677,185.7356940294452,154.5425314892741,152.2687135740607
294.4561281457729,190.0478358071095,154.12186633259662,153.30770997498988
307.982272091536,187.7361498798424,156.1180168783262,153.08967542331467
294.91340473949623,188.33835763408428,157.90898111943366,151.88525991483095
275.9394114363111,187.95706861319013,156.82961656553456,152.6478379566192
223.45836430341586,181.10495806119394,154.5736225359932,151.7314106567028
172.83880566880896,162.44167128485134,154.51610251904333,150.46878905275426
150.4984073312805,138.5158964843316,155.9716456554791,150.2922791664369
159.21506683092372,117.57756859523403,157.82971309702884,148.7633154527507
165.7872850539411,98.04806898471365,159.1684032689118,149.20064369267757
148.0752966954309,116.38410375087452,160.60338177961333,146.5175723666747
131.33655106418712,156.79366060107174,160.23392301833056,143.0629158634696
131.57341532753554,209.34889213286226,159.76019449163377,142.98956408177102
132.26048984834085,237.50802259492696,158.38604545002315,143.86190690431056
146.1668315560629,250.54018011821483,159.1239791115895,146.34820893474526
146.0257468989277,235.04610840471793,159.40614842585987,148.47915010242957
146.0060081887733,236.71069027732108,159.44562584616867,149.997810280906
162.72184777950713,236.82876749591617,160.121846476397,149.76165584371583
176.68394892151346,218.4302018880324,161.47388388063365,147.52380080848434
188.3973045436908,182.30005039476217,162.3714994423047,146.81112337694748
190.59161829133194,159.96237982315378,162.85034782171147,147.67918164796305
207.87380554326083,159.53686951194265,162.5073600908176,148.53020227038527
220.22448378455144,176.80807860436107,162.29096743925476,148.26673344897424
227.33154768509837,193.26009326498865,162.7451165094868,149.58868349414635
222.12659080484667,192.44510563189837,163.31992731611885,151.21865876032695
212.31783623765403,173.29339620492038,163.12764847849311,149.9025016702609
212.36273003541993,150.7309778728054,163.03786088296135,150.67076051781603
229.4464946237892,133.15773524031147,163.44566575002037,151.24191173900635
232.16481177128824,115.2892603119547,162.96380961890992,152.29541444850628
227.17371426651343,112.37609522690545,163.01800168584163,153.15774314729583
218.9625504818195,109.83424226892086,164.50470855900804,153.26290883119117
221.5284028745736,91.89342953242105,164.37643527368064,154.12051380292522
223.93393694115775,89.22401340780866,164.58041698350698,154.44429620915537
218.77023387496888,113.77049878660205,164.86106863461112,150.56172061729978
214.15266368108735,184.17227628852223,164.16418545785913,148.8064955166695
213.77408860636788,223.03045509905814,164.9213356072981,149.92515275458936
213.4775117587768,224.3806787777944,165.51448930248023,152.18151156892054
213.50524971812808,221.1744417691811,165.45901338377766,153.59200056518955
210.47181518037684,203.07423423924962,166.50232599626312,154.627520383933
210.27800290365798,185.1366503671714,166.88995054970087,155.10859881411318
210.27950481671553,165.2562195736183,166.88694672358577,154.30950291738603
207.32759843084102,132.28693548967624,167.7335172884974,154.5039223963839
217.25001629580194,121.2657720062671,168.1828257602554,156.2521051615223
235.6686351509713,120.35179865898081,167.1040225036989,158.08005185609488
259.34546300468037,122.17248253619697,165.83501144319663,159.5592001735421
281.9272052309639,122.09553392693621,166.78824716492258,159.71309739206362
284.1213685388671,122.2355486718437,167.54137219551808,159.43306790224864
283.62496572390955,124.81460224424258,168.53417782543312,159.42376871713404
278.0162432209237,140.2412950372274,169.42323511382887,159.55554628389285
262.0977621251829,140.0252626317226,170.17908406789005,159.98761109490243
241.8144446170843,148.3821057946107,169.15486938875873,158.8704934048744
202.1786022455181,170.0434028618978,170.94976940152526,156.8688511264953
184.23455031962422,196.05975392833352,170.7087226630186,156.44922126547317
181.41851609963416,213.19278854385308,171.18992109670995,158.23924207845567
181.32109831257173,212.68692062094976,171.3847566708348,159.25097792426232
178.43795660448131,210.1594229792977,171.94505475261258,159.0999878731634
175.79276557900988,188.6662777166417,172.02311025757786,160.38766603065454
175.4876714349055,188.08643061909783,172.6332985457866,161.5473602257423
186.40109934227348,187.16212906521923,171.85429694856455,163.3959633334995
207.58099930487606,189.2255978220461,171.7273894765395,164.54813737649326
236.6261467932415,189.56354829544654,171.88622899151483,163.8722364296924
280.1005649363949,178.44079496971597,169.53192612159097,164.9691097270578
322.3577146519086,175.70580480342062,169.29939192577294,165.17147973244786
339.9410719996024,157.0530502523509,171.00277997372672,165.60688609124594
329.00506477748223,154.41233171368208,171.67171701406605,165.58755381760838
307.902345674225,151.37804330778067,171.38952677948788,166.34517707427457
265.8185128978839,148.38209860320032,170.46105727055365,167.01855804208424
222.93917421447463,145.68070807241625,171.1866068683164,167.1067686180864
200.79949555042649,145.82957084815945,172.84710119874757,166.80904306659997
194.5720651551802,145.22136572050107,174.6045532742568,168.02545332191676
177.66492613710867,145.12452201108437,176.04583462286683,168.21914074075013
171.4936386949285,147.36388761294276,177.54611871530747,169.16155493299323
171.1610797997287,154.77851708925556,178.21123650570706,170.71098858670686
190.6109076377435,154.46041751806223,177.7732265442417,171.34718772909355
212.31417745220372,152.208607755218,178.3484984373203,170.35308081453215
237.13334690772933,137.80776195154164,178.12918256065245,171.6997596250052
264.2061631815747,138.38369179002618,179.07239588216262,170.5478999480361
288.19378092552734,119.85331812886622,180.64596082753107,169.07069137780974
290.5003992612261,99.69384656944936,181.53931876563962,170.8434722301011
273.4455633998342,99.44834838432818,182.35681341244265,171.33446860034346
264.5967731992275,115.72344164126191,183.3465981185165,172.19987347675496
264.30838176868826,138.7220642257258,183.92338097959504,170.99038091772985
263.6851521237365,164.60625584796335,185.16984026949862,169.51638550135266
251.64908219702917,207.1539782096633,186.90498103422004,168.1846873605524
240.0307063375194,228.73160685581803,187.78165209538054,169.74959138396108
228.83104746560727,225.12261127774315,187.6664788343806,171.33895978890473
222.76511170105363,204.12815898827097,188.4940163493341,173.76269531831076
216.80209231822482,197.4231069924337,189.01275363440774,175.76549782940137
216.28347798062322,179.03392475399775,190.04998230961095,178.0823085365169
215.92336810422134,169.47399796933138,190.77020206241474,179.8123831178191
209.81233532909062,150.97922317035886,191.3216508798497,181.79008251728453
200.5617853437749,147.74803740606382,192.19686288374032,182.37715805696104
196.9617857391838,144.4745796376211,193.4985653873453,183.0257768882693
196.70745476913828,169.15985140575407,194.0072273274363,181.08678343189504
216.94303041071416,189.34409972578723,194.8788889948582,182.0610997424023
