269.5,75.5,34,64
267.7004704559449,70.63574387852063,33.5488153916208,66.62802484997997
261.72234878663846,70.27941870007858,34.61349655543077,67.34067520686406
258.3903127123456,68.60779860420533,34.93851795892101,69.09915271233668
250.02592742177836,62.74344188049068,35.50571082056635,71.13091952807252
264.8830385989674,70.26896440881376,37.25022076446414,69.32565649175302
258.1722259794722,69.81675635169171,39.05710690911999,68.57082416394931
259.73144741438625,68.91282897941065,37.61758491051832,70.37867890851143
260.7014946200589,68.7454676006611,37.358541830997815,72.39445299783542
260.8093383717397,66.76901472984252,37.142854327636186,74.6411235807727
256.8119796946473,60.83907753522048,36.46037500733371,76.08836196063189
254.10185396224753,61.0421002716417,38.39114925947665,73.93757788146118
251.51547380206082,60.64100200820778,40.07056371166917,72.99310147423859
251.4638039480204,60.55251976691825,40.17390341975006,73.17006595681764
246.57349651296556,60.89439861974389,39.35891227778278,74.25224258651251
241.83308422653357,63.07522207680938,40.00008593766856,73.42645603757282
240.7245422104643,63.51695452574829,40.45042261646559,72.542991139695
240.72687406129987,63.979135227950984,40.44575891479443,71.61862973528962
235.71079026970094,63.597523065367426,39.992082863767784,72.38185406045673
231.72221340472743,64.42044246498742,40.96445911124831,72.48720963183337
228.72402458514685,66.45077880004705,41.65289173432801,71.96516697243504
229.28410710499534,70.16254102450331,40.53272669463105,73.40799220736992
231.07810134903528,71.0296649962059,38.72030984276321,75.22488753638879
232.25620226983585,70.61773190582592,38.13534938507425,76.04875371714874
232.35722057568503,69.69533652992034,37.93331277337593,76.12032361582354
226.8461836396401,68.3900271509473,40.10152246463125,75.18939670143581
226.59558971997936,68.13037991263262,42.39717111592097,73.91423036609694
233.24002986691232,67.9103721386346,41.811794854949184,74.35424591409299
236.04596595369838,67.04458218824664,39.82262666123896,76.08582581486891
237.27215781388824,65.17718656178765,39.1731012505275,76.21490044845041
239.68449400323303,64.13641796751051,37.93557565049919,76.50286424767405
238.90595887284866,62.24174300939059,37.71623601675881,76.73939437489574
233.08369944937724,61.393409363223505,40.4804185367518,76.65999440183994
227.45654000668978,61.46235786121902,42.62172975325638,76.52209740584891
222.8977510673469,62.25717551529794,42.45332798880533,76.78965802631843
220.0725499561698,62.367034570723874,40.67062095630284,78.42821722918072
221.20713945026162,66.11753743379447,38.401441968119215,80.18650638683215
219.7579578373436,64.37954782440346,35.78485822696886,81.82416994995205
214.9787874774222,62.60915316081268,36.26176544477873,81.73238587632042
213.48411733914878,62.04046499816101,39.251105721325594,81.04640635257314
213.04584578700178,62.69010402882039,41.99329410477466,79.74712829125438
219.7081712814491,63.488634360466406,41.92653316481862,80.04405192066787
220.43918930043628,67.58977755008304,40.46449712684425,81.32777741865036
219.18018240947222,72.734151743739,41.09170370208996,82.38387227143318
216.87775002450132,72.54331511321486,43.7794464876479,82.76554553248147
216.18443114721512,72.09624707721171,45.16608424222028,83.65968160448776
216.56578919531904,72.2348737767115,46.40935080849722,83.3824282054882
220.50005181472085,73.87098024667615,46.63332908852588,82.13334114526697
221.23063657955933,77.42644461249111,45.17215955884893,83.05626543178361
223.53553544413052,76.49512406299252,42.55955296324012,84.91890653078079
232.74409602260448,78.08199272014434,39.97949862889747,85.70443592212845
233.25421167671252,78.27229975410214,38.95926732068144,85.32382185421285
226.6884757545078,77.31563813456648,40.55355397208658,83.39141669561609
224.5829138635384,76.60748016340202,42.84215428077182,82.88520916469142
223.53846037166022,76.31076582886797,42.97636903443479,83.47863783375952
218.5309049858179,77.09943789702507,41.1971885461155,83.86700890744596
215.43368337564536,77.77401897711759,39.629050180316824,84.45849214379686
207.3749924787029,76.36486780172523,42.292509546164666,85.35480557629057
204.21416940983607,76.13026184778917,44.65137431765915,85.8240174841627
203.39489381783926,72.78659711294617,46.28992550165273,86.42436545174492
202.8592136373342,70.8033061974477,47.361285862662875,86.25902996343694
203.11405020509656,70.50502018006212,46.85161272713815,86.8556019982081
205.19402238271715,69.53406586902852,44.773599797273135,88.7975106202753
214.0574415855292,70.43424627023575,41.56981984565272,91.14659509043331
215.09741344710355,70.01849899705991,39.48987612250405,91.97808963678501
214.5287606485728,69.13783563066627,40.62718171956553,91.71072558343428
212.71400994223367,69.03645371239242,44.25668313224379,89.86861255747182
213.84991769289533,69.42951450588563,46.147770670094594,89.08249097048538
220.43564825930338,69.89577238066823,45.59194286392644,90.2525807753615
221.3458065020826,72.00297580984704,43.77162637836794,92.36872241505795
213.56298322159776,72.72143390522362,44.570648696394684,93.04132397329664
212.95729499160834,74.5084649496128,47.915270466342974,91.60050719448769
212.04731556877812,74.62589764575687,49.735229312003426,91.36564180219955
212.6322932427231,71.38390757945731,50.763023505965265,91.2563733092431
213.92020870336825,71.78329725388123,50.40087412119132,92.67127549691159
220.90282676026783,70.63093453565091,47.57756318538591,94.97600093337223
226.22101103133375,76.90214030208448,43.582287051779645,97.92947168706468
235.80404703687378,76.32487787492104,41.912689939517016,99.08399654139156
234.67871499217824,75.90520439315502,44.16335402890807,97.74903554394592
229.25630400289333,75.3712365043765,46.229579679975615,96.62232223962738
231.58829957267724,75.70343845216144,48.208687621842955,95.95791834405749
235.6573125009353,75.7205024369588,46.78763781781289,98.16278239195813
238.56465725139586,77.01352508184476,45.46605494164573,100.06984372694018
240.0868969309057,78.81505301487637,44.6727898367931,100.96921636921107
232.38968063893444,78.20678691138151,46.56523643446377,99.93541757848882
232.36376609752568,79.01359868422634,48.8855664515779,98.32179403279916
231.0576636134859,80.0332978870503,51.49777141965748,96.28239562715126
229.35079671077298,80.18218684649182,52.61113004004337,95.98461770826823
223.90388706212568,77.17632107965021,49.614741601944345,97.36627999682023
224.4350485593987,71.03648165205844,46.268499654212256,100.51028303925955
225.3980431428539,70.6011809248515,44.34251048730181,101.38088449367342
225.44137668100188,69.4908088223895,44.25584341100587,101.35114938164205
217.3881290427493,66.84876858281217,46.87121597858649,99.88966850633446
216.94570851238882,66.48452392655476,50.0292360539986,98.34497880415816
225.34310999898622,68.15894020303219,49.37239261213395,99.60699183158334
230.5843812859257,69.33562539931575,48.14004121607749,101.87871702792748
233.9617893354423,68.52566102854198,46.033820646062374,103.49864576947502
235.80839233642035,70.63111884010256,46.96253788548539,103.90965338773304
235.0414249120184,70.67733993895945,48.49647273428927,103.81721119001926
235.28559721367935,69.6802407030178,50.36688478948261,103.45265300338743
236.0737833747244,71.54188332645148,51.17653026126281,104.50140334426072
246.9918596046156,72.32916790417019,51.078956215575815,105.34223179038946
248.82910482319173,71.66884370025079,49.830453086365495,106.66288019822828
253.24220939327242,71.44025866107765,48.27472208195282,107.12005027657456
251.28034251523076,67.96421129433047,49.79556000341632,104.4605616715898
240.93280325697646,61.265003865433286,53.75509358057033,101.12343159002961
222.4815836160642,61.80876133739722,56.91270231205831,100.03591664610174
214.93285124365102,61.644041211994676,57.32098624960754,100.36535689690683
206.81419181664273,61.413439781029865,56.338229505138315,100.82655975883645
208.0353540715176,60.953365645693054,53.895904995388584,101.74670802951007
204.4913295088446,61.55960474612187,53.718156720745,100.53422982865244
199.44541743053315,62.78132884698179,56.606865645036265,98.0907816269326
198.83148158859564,55.01467351699899,57.834737328911245,96.72479222953122
198.0743246225521,51.75506841259663,59.34905126099834,95.99999607524558
204.84969150686027,54.268755511925676,55.515759698049365,98.26070353083796
208.1300305645376,52.71179193823751,53.75142818740855,101.37463067821429
218.80958234166468,56.77138153610165,51.70415379121036,102.91136606151399
224.21623800089807,57.93013093759523,50.49593636014747,102.9951407303778
223.36174931696667,58.38084573370205,52.20491372801028,102.09371113816415
221.78175770568717,57.460332868432424,55.3648969505693,99.13886344785841
230.1214041586568,59.58553357410601,55.54575446990202,97.29705495440723
241.15784185413258,64.16199031129223,52.5482143788705,97.68180912999483
250.43211066354638,65.02895524873176,50.37255742047797,98.28686220660647
251.61348026680216,65.44501429153232,50.32031140682393,99.76523731386285
255.73418302302306,66.22744771359984,53.73523450393422,98.20037046972779
255.9350288460085,66.45167726380595,55.70047466257299,95.38497956470593
263.9560470159997,67.42230806934425,56.16927023074778,91.08502768103543
267.20157090965205,69.6679901361216,54.28344347334384,91.19888457738152
277.75379696196234,67.40314821582461,51.359361565261494,93.45602214340825
285.74855637440754,66.98790055905006,48.90788120857981,96.54285720165879
287.98730119495127,68.44244636124823,46.69003624426202,98.15305495080179
289.6172375225267,69.97588937656265,45.67487467960925,97.33088001067105
288.48375115810865,70.91141584141518,47.9418474084454,93.2448027626861
298.05836400781186,73.36668118210501,46.34950281253022,92.72349235717925
302.7339442619478,77.29333714621782,45.63622845200761,93.50806657670287
304.6291788116091,74.57674590741948,44.00434327742664,94.62408120481622
303.2658945419773,76.50275408903619,44.584480507519814,95.0649274599237
297.1424588229223,75.76814607092555,46.0164297931054,92.20817463513522
295.68776250801074,75.63380015688493,46.7796585301282,90.33070257041612
293.7299548798473,74.75550254573447,46.43164698561951,89.95548439229921
292.32084248835736,74.38940187298648,45.0092489938633,90.68768573779519
286.0689779341999,73.76152220682636,42.76766150565205,91.94344507011543
287.4197978137284,74.06630274088914,40.06602174659511,93.4196819592773
284.48713054669355,71.65667392524522,37.69243413499215,94.11947851772882
276.58464486447514,65.60644899012988,39.303715137448535,92.02623802597908
271.9912295915081,65.44884712812237,42.412259126181205,88.28925071185982
270.0416916087121,65.26399316813584,44.28499052256704,86.63261406262666
268.6204021362874,66.82944074764063,45.09301833205782,85.53627003897564
269.7742954477367,66.18791989152322,42.78523170915919,86.81931175121048
270.8405156613688,63.669202022060304,40.652791281894984,89.84539724108421
266.89262215139775,69.33251661249363,40.475553272350055,88.6100493470765
266.74079841465334,68.48853815285389,40.77920074583878,86.3036075127302
266.43069548926366,68.09462554870763,41.399406596618185,83.1535528488333
273.0268455497718,73.51243470269948,41.743103300431784,81.98650370144236
273.6507430799541,72.03747851083,40.49530824006719,83.01385728652922
281.4159915258672,69.63841799234609,38.37678491847822,85.89598209917742
283.172816761186,68.34139094205896,36.78408460340613,86.5690860441861
284.99460994077174,67.85985971477754,36.94570863671212,85.62954330251021
283.44072384790127,73.62312794546443,40.05348082245305,81.67049910063785
287.80289377111035,73.93016687825961,42.661317605659534,79.16772513011009
291.5095874838706,75.15361045966443,42.83557590272312,78.61774939794645
291.0041124961152,77.53399540179416,41.95474091962657,79.53233438950859
292.5327792323251,70.75613156751564,38.897407447206845,81.74708176651347
292.6536899934065,71.96675032813579,38.655585925044136,79.32584424527317
287.2834406461156,73.21415366533937,40.24523821747032,76.83103757086602
287.2195136617016,75.26495850508178,42.19416830435574,74.55050400943882
289.32816165126053,80.08823671023788,43.439153010325015,72.18698851257591
289.0181347016419,80.90028043547115,44.059206909562235,72.36966051249698
289.84146834600165,78.12517561326663,42.412539620842765,74.28002198224475
289.4861530855919,76.74829994432667,41.30270384290435,75.21330702136676
299.2853176306582,86.84933471141122,43.48876845165633,73.16489890293488
295.90125932221173,84.07557685877322,46.61259731785233,71.42383910681676
293.7642379682719,82.00410531932332,49.038093392299174,68.17259565198559
296.5252756942011,84.66608670388572,49.03505302609136,66.5279896066278
296.5966765152459,87.60427169044793,48.89225138400171,66.09563109961502
297.7897987141099,86.01442145641582,46.50600698627372,67.4695724237603
291.5863378450469,81.28298616125123,46.40193603339573,69.78330433351576
304.74191251590537,84.14415953126974,47.39682907616947,69.52216607037688
305.38517429587665,81.07365900123753,47.94328903498101,68.3312330554252
305.37116982778934,80.99048062330995,47.97129797115563,66.67354572877264
305.46177910890304,86.71036283757405,49.58949421651019,66.03027014573577
293.37580575780214,65.85058683465473,48.33497920439655,67.79395374336441
287.5880832786563,65.44259498729538,47.15381835797916,68.60993743808311
323.56183414031267,80.81053620063825,44.18414912873273,72.36297125843049
324.21484705661936,79.70484805420436,42.87812329611941,74.57434755129827
322.093841639501,74.62636698177741,45.28740421576512,73.73493020860691
317.42056116183284,80.87591245020678,49.051160158906654,70.54051429207297
320.3894022976408,81.32770658103817,50.6163453111847,69.63692603041018
323.68059227219857,76.87469832543677,47.809606887347144,72.87948025369593
324.98819595260744,75.34207088221338,45.19439952652943,75.94473514014271
326.7162745577503,76.13288422136239,43.630517167780425,76.25538331338146
325.6810209268865,78.88103213216462,43.8306160931045,74.49990416458412
325.91557796944375,68.50559343211637,43.36150200798995,78.62095113918795
327.12727182024946,70.13777911578595,42.83892921706972,79.15820959323105
330.3509390529318,75.66647028845605,42.091028273351476,79.49969429118379
331.7315342006306,75.1075747012815,41.22186101986844,82.50950850744752
338.5687075198369,69.60148945724264,39.07479629874178,85.83682438400135
339.00289186107375,73.61424618844946,38.20642761626815,87.47303343437582
337.5952601135294,77.49352669441,41.02169111135686,85.53691699282095
335.8006974034246,75.99055709671171,44.61081653156643,82.65690181016218
342.72337226652235,82.34818946590082,46.619069969269994,81.8318394447083
346.62174561125425,86.14194534554926,46.83735072961863,82.25935513522394
345.6592199745371,83.46817619951787,44.73481040630611,85.59309762891331
339.26619188501303,78.35819333939247,43.33161342662234,87.70491868703158
340.06600186643516,82.74581142612884,43.76576653873958,85.03100173844365
338.8371225712427,82.74372557438481,44.221424266529844,83.03307257933696
331.20746334362525,84.78369159068518,45.61675922923636,80.93370961709743
331.3280916556039,89.73237985645733,45.375502605279024,80.90345176925133
324.5253818910832,92.09684118083416,45.19883048785394,80.11226959091663
321.88091255159196,88.79753511685198,42.6711253301384,82.802559800532
329.3795028042058,86.45064613730443,41.327675399267605,85.5458048204332
321.5979963171324,85.22563405721127,41.15119122605783,86.02839183719995
315.9790903184699,84.54508031270746,44.503366302603396,83.44668086581783
314.3870077655959,86.8919095504462,47.68753140835135,78.75302239034035
320.7529850952982,90.45804818586902,46.81222467763184,77.54906908383724
321.46528232632426,91.3925164427755,45.387630215579776,77.62356618457143
319.8650727825406,91.86012858764292,42.826600397586716,78.6088248633567
329.26679374366125,91.82211236269902,42.93815746335785,78.68485731324449
327.97075315409893,91.06162138976984,41.74118227037341,78.31131107304834
326.44418702878016,91.44020631798178,42.92578171098944,75.68560840660294
327.0858845145042,93.12236794491608,43.49238571264122,74.17128412583413
331.8593820677636,96.1229640786204,44.96833611881872,73.68156461477363
332.6627159444075,95.84444334395721,43.36166836553077,74.23860608410003
334.57627396160376,95.21349873299968,39.53455233113832,75.50049530601507
343.40226667466567,96.58773887599182,36.19699215220599,76.33062133182865
342.62018510028577,95.82774266883035,37.7611553009658,74.36324614606885
336.6343494416552,95.49248255470341,41.022530344071505,71.5496478646605
339.5775168787931,95.4264240355129,42.16187055708512,69.92534613121921
342.535908514204,98.77517051399656,41.49977790071908,70.23410732685954
342.92636620763307,98.12900125518698,40.71886251386094,71.52644584447869
344.49799452603975,96.6871966605566,37.57560587704751,72.65913648074292
345.53891952865246,96.62263329443678,35.493755871822195,72.78826321298256
344.44597116608276,96.53406124174447,35.999899642247186,71.28565436365284
337.71067396557265,96.06605913951466,37.804752078651504,68.88858943536508
337.60752872869665,98.59505023763847,39.67333048246659,67.15518309924357
337.56260688750143,102.22439232016961,41.431538062490176,66.56995452471419
339.766742191672,100.67158273576234,40.40177445205246,67.98632019457703
344.179780294514,100.04182581672096,36.654768501930214,69.24583403265981
351.07567682857996,99.9568187893341,34.39802171174581,69.41584808743355
348.2930585567682,100.8624917574792,36.74036945252293,67.60450215114334
345.7778272483973,101.02364192273588,40.14567614914784,64.03188998039607
349.9507306647719,101.24847443135432,41.578519274454635,61.95244997014984
351.55034628858687,103.45855294944562,41.62428252467366,62.39978468074065
354.11337430901847,103.43365779118776,39.75819851296174,64.07956101183204
361.3466301476959,102.21074012641031,36.65960065440157,64.90140865298768
365.84403302828866,103.84118344855148,35.58405024054745,63.22437307817164
364.6739877421007,103.60129027789077,36.38339831440751,62.16341692097717
363.37979069334153,102.84727860525109,37.433207119235625,60.59426968087617
363.37589365095727,104.02285240917058,37.441001204004166,61.30898150915199
362.4900788932549,104.27913727822637,37.66891078709129,62.340131703357905
358.3509823541163,104.32456021698756,36.569589623700786,63.81220486611349
359.7005996947845,103.01043110691539,33.870354942364415,64.87426892921283
361.28797762216607,102.32004485458353,32.23135032238716,64.71929019909071
359.42529572689176,102.74365089863348,34.451515306959536,63.87207811099083
356.8781298613054,98.49977261823778,38.0148713442008,61.6430048142624
361.8266306715868,99.63101093697686,37.46796187126205,60.93887686805491
362.1445486504451,100.48433406461928,36.832125913545624,62.309540218262285
354.6210771749463,101.52989733785583,39.49231457134121,63.31510224508964
355.3081915624411,99.66587222092751,36.50997475631867,65.43504143891326
356.7153723785905,99.19847295836178,33.695613124019886,66.36983996404473
354.8818459641575,95.53356859484505,32.69859609039889,65.92619892026633
347.89509835943636,96.30593189396973,35.95543428156483,64.38147232201698
342.1722736807228,96.15717629642255,39.58020588657065,63.114807966627076
345.0258223361303,97.53051282297626,40.299477620147435,63.581319435715535
337.7757797006059,97.08348649859963,41.79465032605228,64.47537208446879
338.5415281094274,95.18573734482183,38.59916595451394,66.60688283812921
340.1877873484344,95.16718241887139,35.306647476499975,68.28603780090462
339.1733247681036,96.15692792438647,35.7249920839893,67.91712734304681
335.28079435216785,98.41498835391978,38.672985381816204,65.01336232866171
339.29808275387563,92.3973422610571,38.736559055526854,64.091613750985
339.015552519071,97.71545935264551,39.30161952513615,63.09730245562232
345.58111302424834,97.18911205946327,37.38211318644925,64.1499970419868
340.45709626705394,103.38178723737077,38.12027801699188,66.02944971194117
345.23036734261336,101.47211370287822,35.07519323226454,68.22343243932838
346.3581496864563,102.61992444708842,32.81962854457869,69.13915926797412
345.09676110460595,104.0722611672106,35.342405708279365,67.81446294514012
343.22075103742355,100.15228619093027,39.094425842644085,66.02879255383456
341.3445565399565,102.61358564101775,42.84681483757821,64.3898792926231
351.3134946715656,106.84408644290656,43.0716489148705,64.33000699739154
350.5729705621473,106.92721091773242,42.86963579961948,65.84681938182746
351.1864250938286,103.86501578873198,39.94024290120884,68.56624196973226
352.8654751838366,103.9687000462464,36.58214272119278,70.05270549282655
353.1351372670215,104.21995881449794,36.04281855482305,71.20866736871538
352.0972853721839,106.47610976461237,38.11852234449832,70.02866113881333
354.34511067699265,107.06851958877976,40.360747294117914,67.15937260066924
352.95660427324174,108.78711626340615,43.13776010161972,65.40220967568013
352.65504724980593,110.76722658382785,45.44115101926824,64.8425427763905
355.059612709407,111.3078936844685,44.092058603245725,65.49122782669907
361.2929268024537,109.58251916593069,40.212807427649615,67.22450146167526
368.3994270164543,108.75041565286895,37.74933725435459,68.88870848779874
369.63100345191805,107.76580009304641,38.60887090316945,69.19659634757268
372.02119148730844,104.94502044572448,42.23126007440722,66.43539040019789
378.67002950655404,100.79026561192245,45.939985943746336,64.54105892310379
