288.5,143.5,35,42
289.059493049835,141.77499636939376,35.30370408664261,42.027317074899855
289.5871301787921,141.8255219157466,35.4650898729015,41.926265982194195
293.8471332923838,141.30975463399812,35.468977956201726,41.740101358479166
293.89081149761176,141.37286505883623,35.38162154574566,41.613880508802964
296.26554078107506,139.54131505560704,35.478299600754994,41.64237804880945
296.30161773018153,139.58374400393487,35.406145702542105,41.55752015215381
296.3243077831875,139.60503614413642,35.360765596530115,41.514935871750716
296.348324494164,139.5485651588655,35.312732174577164,41.627877842292555
296.93237306730083,139.5471723187924,35.35527740233247,41.63066352243873
297.4922042204784,140.18134898911234,35.44698475485586,41.573679840677386
298.7126169453643,140.82859491930805,35.430087529684144,41.49115209258602
298.7335400120411,141.47884398915176,35.388241396330514,41.4010715622561
298.1284752618109,141.48675847472452,35.39001754889145,41.38524259111058
297.5135366207102,140.8496046516357,35.41175753277001,41.45141293896546
296.9257256126479,140.90804125028487,35.37787048547445,41.334539741667136
296.9939030073811,141.50723040319127,35.241515696008044,41.34332004973965
296.996876947977,141.48332372425253,35.235567814816214,41.39113340761713
297.01821628191163,141.55931794424419,35.19288914694702,41.23914496763379
296.42270569742846,142.12237647125997,35.1811981333474,41.31574009616825
296.4109918313292,143.31485291157537,35.204625865545836,41.33820201387431
296.44521562057105,145.15799643432942,35.13617828706221,41.265207839588165
296.43848777774025,145.1800257424416,35.149633972723834,41.22114922336384
295.84271726963874,145.81286270144972,35.139436039588915,41.1572142546855
294.6668279358025,146.49406522260585,35.09004000302073,40.9953965644936
292.93174775595764,147.0376646349247,34.968320578897284,41.10549100112691
292.96221453053516,146.98744318372064,34.90738702974226,41.205933903535005
292.9209773732531,147.02708428920144,34.9898613443064,41.126651692573425
292.88623467897213,147.70898812481593,35.05934673286835,40.960554912584094
292.30127613505897,148.3989196569549,35.03300211490321,40.77695355409762
291.7166879384597,148.9521341815381,35.00917795163369,40.86352506139929
291.1293789591706,148.98423096535083,34.98983974141897,40.79933149377382
291.13606162536985,148.9709608497074,34.97647440902046,40.82587172506065
291.1335085363167,149.06509559768787,34.98158058712686,40.63760222909972
291.1222137949412,148.99536003955802,35.004170069877816,40.77707334535943
291.6707511216498,148.366782224708,35.099634818922816,40.8416895725972
291.6560920880367,147.79927305874324,35.12895288614902,40.781636500583886
292.2611943335801,147.13475693875176,35.11336186339164,40.916055272237365
292.85976298353376,147.20140300659335,35.1126661075438,40.782763136554216
292.8292040158907,147.18678511055145,35.173784042829936,40.81199892863797
293.40456734769623,147.1961030536015,35.21886005439026,40.79336304253791
294.0105151871742,147.23812399596522,35.20320223042103,40.70932115781043
293.9754845521203,147.15418347766436,35.27326350052875,40.87720219441219
293.91798781895113,147.151501027329,35.388256966867026,40.88256709508292
293.90685758647334,147.1779492560941,35.410517431822626,40.829670637552695
293.901595441999,146.5042657855503,35.42104172077131,40.97716319007879
293.8750786192419,146.55323942115052,35.4740753662856,40.879215918878344
292.7349265712113,147.07793450383497,35.351058304812334,41.03148633227666
292.16270991729453,147.06562383187986,35.29344876208138,41.056107676186826
291.01962396724934,147.60105485376948,35.17662323479019,41.186744346098436
290.3844603130017,149.32452106852213,35.245309331990676,41.34473555047769
290.4048701759704,149.38020716841174,35.204489606053215,41.233363350698475
290.37929815021266,149.40988377646332,35.255633657568794,41.174010134595356
290.36183843312324,149.3455099086433,35.290553091747555,41.302757870235354
289.76471979358706,149.98096093783636,35.279525849565,41.237120333104315
289.78115338888506,150.61530988147615,35.246658658968954,41.17249554546319
289.8059792039864,151.69874968746691,35.19700702876633,41.41070864408819
289.79028732801135,151.79077918232468,35.22839078071635,41.22664965437264
289.7356286472322,154.71795437794265,35.33770814227469,41.38774759561044
289.7363190855025,154.73670548159555,35.336327265734056,41.350245388304664
289.7471241406824,154.72984182985286,35.31471715537427,41.363972691790025
289.76217589430104,154.7687807651703,35.28461364813699,41.28609482115513
289.7547494261208,154.72350507505615,35.29946658449756,41.376646201383465
289.7456383655147,154.66962753126418,35.31768870570968,41.484401288967376
289.7469562613817,153.96848060028097,35.315052913975705,41.67818851111922
291.56160578630244,153.8901503913542,35.32012289737689,41.83484892897275
292.18901017687307,153.25099113925745,35.279269718708846,41.89921183069313
292.27197669162797,153.22421426992977,35.113336689199016,41.95276556934847
293.4926642852618,153.24429809686546,35.09684944022313,41.912597915477065
294.0366306704316,153.1734761152316,35.220475829315575,42.05424187874482
295.8347391366179,154.26033291466905,35.271462266811355,42.31199719311551
297.6793481666847,154.78428674300977,35.2438294399395,42.484617947521315
300.76008293644713,155.24363672464256,35.19606755476484,42.78865951512578
302.55555994011286,156.27360161887592,35.28506333160549,43.1820295827738
306.78851618138674,158.0362061429037,35.4581083203895,43.359230879574746
309.8430376092564,161.7038800211543,35.54735443719998,43.46182989013305
313.55086045605526,166.062001392231,35.58777375795401,43.44432966472344
313.53298042270774,171.6883625217714,35.62353382464903,43.37916240634661
314.7440627049762,177.36935730155125,35.6866438551473,43.20090852444549
317.2204560762872,185.4234211041894,35.697512683567695,43.22466152505657
317.17917186285825,189.87847329808218,35.78008111042545,43.004741425589934
317.19006849330543,194.94988056483157,35.758287849531165,42.77713511148452
314.7566355826865,199.2679104854572,35.682982145971394,42.78987543862912
312.208898574903,200.53079807178398,35.84035462848239,42.73315103250361
308.4457311028067,204.7840616916261,35.94956647112214,42.87993407796433
304.1710610058061,204.1544766583484,35.81744024544151,42.89889465599379
299.2026361236815,202.39522090098123,35.847308953762514,42.702288274755
294.3670636695536,197.97581101891,35.63186704945316,42.890344577902916
290.1150436559255,192.2796043536411,35.489165739372524,43.16551904615048
285.9097605433253,183.25234409222367,35.239466270257765,42.662327366881385
282.88318098971786,173.13120466310272,35.16559131202652,42.07269040260639
282.2472403210208,160.42052181310882,35.22233825675893,41.9762338566973
281.6280348676292,151.03866249962638,35.246187325355386,42.521524910862766
281.05486218558525,143.63020788178633,35.169184851603276,42.65826009246282
281.69181628755246,138.56429159116212,35.11948628015103,42.996415613853955
283.50097592146295,133.5710845663151,35.18698843896913,43.15397252584365
283.9703608118929,129.32171784460644,35.48033863982166,43.02786609727467
286.31779201580605,129.285075149583,35.72515830404983,43.10115148732153
288.0404455137035,131.04901677555972,35.999850767193365,43.29326769430664
291.0518928786382,135.34994403435945,36.213902305004225,43.42313795145965
291.71334112267596,140.20854667413542,36.14384708268819,43.728662797983134
295.29704501989585,149.82636616142076,36.51493622059649,43.33926615428254
295.8413943964137,160.5453871923111,36.6826353931118,43.25998882686956
298.2316683280729,172.01477993051404,36.93358049646204,42.96292170047206
300.0139961792435,185.23721693993485,37.140874724782776,42.92169719626428
300.0431385328619,193.90796240923902,37.08259001754593,43.2202900892038
299.2664654545254,198.27032836391558,37.3722476830885,43.341377617763854
296.7250872745747,198.92159681751937,37.374158312126035,43.309052143272254
291.85108032604217,194.98202402083777,36.964235561633394,43.56974525096705
286.1948030541451,189.82034092037114,36.87212784506515,43.755633887133776
277.2777566472018,180.02812268333395,36.946224283830404,44.311502816435166
268.8586670891582,170.60558573158863,37.16605613546773,45.259895050518224
263.7242165398706,164.47726992945442,37.063109152048256,45.84819756254279
253.55346286946374,159.89385553594585,37.84677341657671,45.88803291396017
248.0637213685119,159.7841869764413,38.289157472131166,46.10737003296926
243.2658987293302,159.33891491915819,38.5912337614637,45.67026143481678
238.7317796560686,160.21399503507183,38.37900182919184,45.24588264281735
237.66828648006387,163.82509378204873,37.87435447215245,45.91858627601011
236.44501150366017,167.98456354561813,37.684798819150615,45.50796356629898
236.6549391663937,173.30508288094663,37.264943493683575,45.336311166685405
237.96537117905467,177.24923691120645,37.2425868452418,45.24352523680619
242.4053472274328,177.36874595938164,37.444891809153674,45.004507140455836
247.7574510849017,175.92633427740182,37.117088842185275,45.29522931742308
253.10347599725588,169.00655987762448,36.79490503264627,44.87621234611997
262.7705510278499,159.50881391971336,36.729519006855426,44.60294022654518
272.048795146865,150.16008850093385,37.36290391559386,44.110517917335464
280.80135717938026,145.3376086264268,37.805016429491445,43.49991390696204
288.78984817548275,141.31387659404683,38.46292729669712,42.59012797050087
294.2559760024925,140.8192784761231,39.01478240781129,42.30331189911131
300.42874848819315,140.50075241722183,39.47261837509131,42.94036401691381
306.865523515783,142.55199615850617,39.57461809069474,44.028096442658395
312.7214222330845,145.97856822995382,39.70782056713759,45.071618907126954
317.7918490389118,150.3542763934208,40.24249570797597,45.66129023862432
322.2278544589851,156.76899456450803,40.835482312601435,46.35327881755305
322.7684598027001,167.5577206256212,41.12663541317753,46.73364730342139
326.2249874080546,178.3035136440338,41.12818990592132,47.3688123176452
326.2553354651972,185.78637207612329,41.06749379163604,47.72375265626455
325.4435964268401,190.65092566781107,41.29366712815079,47.77577865428543
321.343535622289,190.75501073274654,41.08335170983549,47.56760852441451
319.3140213422307,190.06936958817246,40.956947745412435,47.543746638716115
314.6850624728539,185.145438231701,40.46564093909138,47.64238480658429
309.25307633695957,178.1702746756651,40.23859920372027,47.72894440970638
303.8276848300949,167.51031814605642,40.016905611212906,48.2879638322299
299.1129540155778,157.817272964891,39.72265314028917,48.22662599464489
295.69674999670104,152.17367435298695,39.63801897606306,48.4465556952856
290.1914217119479,145.74183996142452,39.565286812720466,48.84141215395547
285.3051743311303,140.7592875462297,39.605582111813455,49.0743175218028
281.3039417633485,139.36542132264555,39.240793807388776,49.07296548897504
278.57213507204676,139.40899342832373,39.149961622864424,48.98582127761871
275.9039178308816,141.81433096067835,38.943185585744544,48.33255410249713
273.29922404730866,147.3805302780902,38.66284834049397,48.17960509246636
272.1256677654021,153.66704168371683,38.27887454266926,47.896470908583545
271.5727074777589,161.42452546848162,38.02981764707272,47.286255518765486
270.3879131202369,166.93161831306202,37.71624273810594,47.004724325648226
269.2270757121722,169.83895878334752,37.37355292096083,46.51877265162608
268.05037266054455,169.95653190666107,37.088608906709624,46.28362640499898
263.58614264840367,169.45616680181791,36.84041336933497,45.973405820162974
263.8347167361674,168.20552513889382,36.34326519380747,45.87034832344806
263.4870272721466,163.7129525035781,35.746116637713016,45.80780120512688
259.20824505200784,159.3434036763061,35.330607021970955,45.57382480365129
258.0486580931277,155.08932525126838,35.106720819322256,45.18127123229537
254.04990062255766,153.46892182762397,35.53291449640943,44.63641744755775
254.6456696095002,153.0594626186617,35.60184913492355,44.19486325308309
257.83697168105215,153.09937077931153,35.493336304958326,44.11504693178348
261.2128433237014,154.33946056242542,35.000772506179686,44.138539160163674
261.45847876035907,159.2921312969193,34.50950163286435,44.186875277258125
262.86016593185445,163.81206886454217,34.1800637147945,43.805777629235784
264.29247875339564,168.91817024635193,33.76700305260148,43.399834789173596
265.03221582503505,175.2948242439938,33.50038530898857,42.775090790549015
265.7242874821391,182.2333826008045,33.31520854646409,42.086606145447924
268.1254754609604,188.09098305647743,33.2545120179675,42.22560380696702
268.2345736356078,190.33687321075573,33.03631566867268,42.480073388297775
268.3128659376241,186.3844317573524,32.87973106464002,42.076604487347964
267.8467248699331,181.82118895874254,32.633821866736284,41.777559418281385
267.79914707878,173.47369628286512,32.728977449042546,42.09788028028591
267.7186598335068,168.413590317709,32.88995193958887,42.80957802296862
269.93418071344604,164.06416237123727,33.21713836204136,43.181534596832854
273.34734832153987,160.36345793024586,33.59420920473947,43.379537419929925
277.5349408850194,159.13576944262206,33.687160382317224,43.415446879595585
282.9146551207098,159.18808053628234,33.833892666185456,43.310824692275034
290.6803957505194,159.90017334032325,34.0659973170328,43.099222615767566
296.5852802419511,164.18175146565844,34.38739746543463,43.02788475698294
304.78113495400373,166.02097942473844,35.03702605639249,43.00114412776504
309.3019550712576,170.08487801765688,35.81415842857858,43.4647729727852
313.3066147219571,170.6067448948447,36.53406948787914,43.668072127080976
313.07143065284373,170.39177848248738,37.00443762610592,44.09800495179556
312.16877511765006,170.18737370836385,37.53376678727122,44.50681450004262
307.43166217907395,170.0508298601645,37.97231952897031,44.77990219644138
302.8857362634742,169.89441047914585,37.94959932627869,45.092740958478636
299.5932220611353,175.00206610559047,38.001911208988304,45.32977614073843
297.55864999315463,179.42360612985254,38.13793249207961,45.663982748911046
296.11460777454926,185.90188898317618,38.38924888110843,45.891257283173346
293.951913894531,194.93559019747366,38.73682593236634,46.38697149554559
288.52690440911175,200.10398631091428,38.87341959377554,46.763604578093506
283.2399721916924,205.15603742400626,38.66982192719628,47.43696445332755
273.08472464845534,207.32261712959908,38.666505980784414,48.52082131757818
267.4254788012664,201.73816074065863,39.0183213385715,48.723057758868215
262.5537913122835,194.2859689593678,39.10422062641431,48.451408094113695
261.8578942702649,184.1692016166031,39.11915164144875,48.031996744601294
263.8208111058939,177.41721723071478,39.30530862563496,47.8293299982308
268.7879882331049,171.4188559528861,38.96485039315934,47.49104338281415
274.1920570035243,167.08479609862096,39.03554425271257,46.64018561600142
283.5457146028416,167.64261716196611,39.19875499301381,45.52454348931112
291.75886849295034,168.78581476988816,40.10528359217001,44.57144337957267
299.4326438323713,174.43824825107802,40.7540686588505,43.9308002475412
306.5605198656295,182.707856633278,41.16555579276381,43.39220806542818
311.74865909464245,191.89604395222656,41.44130054863891,43.65687405185776
313.1871819688966,196.7260247628703,41.24428515759751,44.7170338604379
312.54639835115285,201.77900391175336,41.172407034105184,45.43863843450987
307.68351794948427,202.35556333214737,41.35338964836376,45.64905933501885
303.66708524215954,202.17298078848867,41.168056662049224,46.01422442233623
298.6383978178962,196.6685771774488,40.24608009988904,46.04368023372896
288.0635925803024,190.33360133395857,39.665660780194436,46.490490161088324
278.07638338146285,184.62686411578989,39.30420214447637,47.058163512947175
271.41878112652654,183.030342632827,39.03274538977783,47.533874225958726
265.9799550922789,181.90144224550647,39.017521645526,47.06845604741299
261.2984133731618,182.00684916186597,38.90119309745138,46.85764221469401
260.62919347374634,183.67154874758228,38.89055394093344,46.226400953959256
259.94356694960453,186.68952736562892,38.92262765505765,45.547161054503405
260.00980266579813,187.70132536708257,38.79015622267049,44.85277485779543
264.7075383235065,185.42966043243018,38.60910834979927,44.13071990278847
269.06033757711253,180.5836160535702,39.019356860280666,43.404697783144435
273.97125970202404,175.58815260604516,39.57797049130844,43.01516679734384
279.28563139023083,171.7626944370562,39.352408854238895,42.863696830813694
283.33520228135967,175.2755830578446,39.019946617486504,43.60459913474224
284.30687519776376,175.7519774517355,38.377273865114155,43.95248342739621
284.6002897501902,176.5279787735615,37.79044476026122,43.69626898812034
284.7598219856092,181.21600831588674,37.47138028942318,43.297097256750966
284.96041384546635,184.28797050243176,37.070196569708955,43.508758344854535
285.02431506111225,184.28549407855337,36.9423941384172,43.51371119261132
282.41565260326297,181.4055098663071,37.095845817225815,42.94383807099153
277.65629375462925,177.03953250828778,36.53755481000944,42.858410170606874
273.3876674331855,168.8616122970279,36.32943316171702,42.972841195221186
268.6815692778234,162.81583928231953,35.75956001179949,42.58680039883589
263.47011850771014,156.88232632892735,35.0887982337115,42.12753372971514
258.95481860057095,152.53867363791758,34.40146578270957,42.3116483796144
254.34041509989282,152.57881118864708,33.978481896287484,42.231373278155395
252.7582828427972,152.7143164681848,33.54756255544989,41.96036271907997
248.80859902683622,154.5718584349068,33.13614777401293,41.80704267707543
245.4292739749483,158.75699492634766,32.82541050714515,41.68438829327802
241.84103403567184,162.42172167538342,32.97404604846679,41.3827791324377
241.3594051130913,167.32922080008547,32.768203641157626,40.92058290279532
240.7943119656625,172.08450393394486,32.739713395178526,39.520752420933405
240.82074791894686,172.62654418397204,32.6868414886098,38.436671920879064
244.32247284456997,172.5763808528667,32.39823121611973,37.41785865329703
246.03746189482055,168.91717155533559,32.26451907119103,37.04499001869019
250.02327421273583,164.46573558321043,31.928767988687675,37.22114933056651
254.0128587897849,159.49661042181046,31.56684089819602,37.36580271444388
261.26949333921476,154.05111753114477,31.15327698641667,37.410861428790355
266.853245999629,150.98562150490028,30.772025683355015,37.07010107061925
272.2801582052224,150.54211814429212,30.590485158624894,36.889879403189944
278.0467169226094,150.03735094108094,30.73413921296815,36.83788912878342
282.7510386028952,149.91494283744268,30.892860748991634,37.08270533605995
286.29680365225727,149.38254836330339,31.286929331034933,37.07812304422896
286.2901241665148,151.40774523810126,31.300288302519895,37.330324787607054
285.77639693988573,153.04271730953238,31.247989140442307,37.29964149075187
281.6402074753792,154.28364765764582,30.89286380088891,36.974656861666595
275.80974623873453,151.3428846464455,30.809015132049268,36.449944079269535
271.09890856327183,146.17830063319667,30.7063099560821,36.19646707588659
263.70845488793975,138.65632823384624,30.749420208023157,36.50261477586431
259.4486870446271,134.3887685930412,30.80401278720337,36.57279095002934
251.674160204063,129.64612722014246,30.451877020311592,36.517360027014796
243.50036750019655,126.53836322858089,29.942635452741335,36.4115778943992
231.17912679446667,130.02160644100786,29.536171935562848,35.707327701704884
212.86508255835057,138.5280954730371,29.21720796991747,35.11526183225861
194.27330988073803,148.35515994540432,28.955097385098572,34.689983235114326
180.66198008413264,160.5025988291849,29.143548433735383,34.425513062730026
169.1521623125185,176.16223109392843,29.158048681321915,34.113170018673145
163.86765680906788,188.74285524370185,29.770730208033093,34.83837836762038
166.17638894937912,196.0019343915002,30.236683566204825,35.570472988406244
166.0290462787492,203.59894564239207,30.531368907464653,35.90867769566925
167.9363873407005,205.09052014361868,30.8984583059391,36.061857334998834
168.3598661170526,201.3133520744304,31.105209848667105,36.240229805349436
170.87705583618992,196.9853103123269,31.369765793334686,36.41801671684895
171.33181365402083,190.96288584372843,31.527033975338888,36.72824365971938
175.4367629417128,183.94810492966556,31.90998158815912,36.794430432013385
181.28253800111236,179.33317353681656,32.112461514613216,37.37408954843628
185.86047987013234,176.90007082958164,32.7980042014743,37.866327662950084
190.05871434196024,179.31743843511242,33.2984016813361,38.592133966586985
194.86152875430287,182.97031296208212,33.8750742207257,39.20595264026141
199.2170726254269,187.1862280954602,34.36491916829005,39.975055063317626
201.98053785367074,192.49001473620316,34.68736143699532,41.06622723221763
201.77759754626726,197.3219782873544,35.093242051802285,42.12950883460481
205.85842660755256,202.5134344314995,35.435489201895045,42.680189039738934
210.7051092656888,207.2600737486195,35.57288242933326,43.01766894920962
211.38924496444008,214.16471906628857,35.440868471912125,44.043467594847996
206.53133289437943,218.81850622896215,35.157591106963224,44.734994774571035
201.37295577535951,220.1263958778517,35.427234649699,44.63099315061789
199.96617972875885,219.584599329095,35.72343693017574,44.45591134176898
200.07997268783313,214.2549354221628,35.49585101202717,43.76809919991969
201.24656806701114,208.8246851226572,35.65576141117416,43.409644590167396
201.23777420638694,204.646043440844,35.67334913242259,43.06154092354859
201.204645586435,204.6734174262653,35.73960637232649,43.006792952706014
204.86581619591428,204.67259784182022,35.849944420920636,43.00843212159619
204.86330030168693,209.03056969468454,35.854976209375295,42.97657893527236
204.22997878263192,213.4194610571249,35.88144454142555,42.88001915281042
203.04824422326453,218.28541598277118,35.76668718753706,43.0610151920108
203.14457060238126,221.82125073559524,35.57403442930361,43.42965603481815
203.2356918427711,221.63562536803948,35.39179194852392,43.80090676992966
202.0865674629531,216.53384329031888,35.199300417995545,44.04150976471354
200.93268723650107,210.9533838879126,35.0151748838978,43.988941628018125
201.06717352539468,203.2546582106219,34.746202306110604,44.4805784788951
202.29771209595185,197.64731127855615,34.775743588974066,44.487489435126356
202.31205043207157,192.7026962399911,34.74706691673464,44.40955712307644
201.04260183563704,192.3607203279178,34.797490050358064,43.849271917600234
199.17317759936182,192.01531811871578,34.8269009755632,43.30359715355583
198.5480119377729,192.1602239302286,34.848642463839084,43.013785530530214
198.65624290650564,195.94941648464723,34.632180526373645,42.782360104412625
198.65275866133624,200.3055904814919,34.63914901671242,42.592066775145994
198.65404321333003,204.65794981422292,34.63657991272486,42.38973313729851
198.60626523877116,208.3777656388452,34.73213586184263,42.218955137088884
198.58317361420143,207.1960884950773,34.77831911098209,42.161522496308216
199.25693333578283,202.6250970476488,34.641055232856864,42.831716435902024
199.89443153802267,197.5802693459035,34.58439667388045,43.17466907536644
200.57076769979776,193.76420987515053,34.454407044035676,43.47069185463993
201.19869302289908,193.58375259615684,34.42366799643192,43.83160641262734
201.27168898656163,193.63795723241603,34.277676069106796,43.72319714010895
201.39742304576637,193.77021894538524,34.02620795069733,43.45867371417049
201.51380929902945,198.2743343140306,33.79343544417116,42.97624655895407
201.64779954250452,202.65476889890522,33.52545495722105,42.66302795197325
202.32211802626577,207.12048222007928,33.37447738452937,42.115217073441286
202.5021858074325,212.62484662536457,33.0143418221959,41.787869689309076
198.51123480662466,219.36351885103744,32.764522701252695,41.24608700198452
198.62280507572083,224.04037649491718,32.541382163060334,41.20122363769259
199.35364170162023,222.50990487773828,32.239006183198455,40.784275056239586
202.3446172150299,218.02639331107764,31.99706908691836,40.56727590069812
201.92120474886127,210.14693127767185,31.703142656516434,40.35568088916108
198.06895724292286,202.35989458286986,31.478474646299652,40.0714282345779
197.49470929975325,197.01577042640818,31.502233721361698,39.512308434729036
193.08526867499936,191.6204320538949,31.38864060096659,39.13739221737702
185.39381586641886,187.38746737061646,31.245980060784987,38.731569494023724
180.897777329351,187.06465105660996,31.434607060717887,38.2767708627614
180.2664371099231,183.97552161905168,31.600793285073657,37.8760644508777
179.64662621760232,185.5914375132471,31.747407630456223,37.92325498026396
175.39618737790545,190.0858223114287,31.47950446890156,37.703266224849116
171.01614660254293,197.60796519825658,31.532468141166927,37.89643673849774
167.73034034785883,203.9866862458349,31.55076253463821,38.245630875134914
169.35464986177809,208.372640223805,31.59581637671173,38.25685057229339
169.26162613510624,213.00849659876965,31.78186383005545,37.77546520884602
169.68335813484194,213.8642860731849,32.03277372238454,37.15826015181604
173.4255244482934,211.72614581865633,32.170565522012424,37.07904098856986
173.86387457675056,207.85613813569407,32.3837251578852,37.19003710498476
173.72844988131948,207.22802510977445,32.654574548747334,37.351267156487395
177.018963180293,206.87369517023356,32.684550436574064,38.05992703556917
181.57650209085904,207.01734851343343,32.47572828676855,38.885902308085235
186.49849454203567,210.46302156336833,32.73578383407981,39.85325433573229
191.54284253155765,214.1189214444351,32.92292654793941,40.533773556968214
198.42655499318687,218.71497615500837,33.01844283811908,40.58362494478036
208.98263869683387,222.7511304213972,32.742283202803584,40.61420832332769
221.7271130636827,226.9143475851617,32.631572305826396,40.362667852937
230.375597716445,228.8127808938407,32.55314188394942,40.00950901230851
240.25764493631186,225.3893701242283,32.189611491698116,40.009072652421885
253.23914624724648,216.32661630717143,32.33894199913175,39.96947897919442
261.0027767630473,206.55225709423215,32.73148812621318,40.1870029981007
266.0913442602014,197.22989733550193,32.87574349387996,40.482584094272035
275.23407593471006,191.96583657256187,33.049407825907394,40.627446299564575
284.4034816832893,187.35908084290529,33.25027750133575,40.57111717258439
292.2994181283815,186.6197999005607,33.71396736676535,40.888567431872524
296.2648495221814,187.04361159464443,33.99749283606776,41.21442808040536
296.07729206875183,191.6784617830591,34.372607742926874,41.409333525805295
293.0507528495934,197.0858309658007,34.465038709888724,41.32376060876119
289.4147582708054,206.5283669251727,34.583216327408465,41.51551946350065
285.3773218398791,216.84066256069957,34.277958548592636,41.24267403407009
278.3235219898309,225.80729717690073,34.12912326967323,41.12994852543752
269.0180110940346,228.9215707205557,33.79775186614813,40.82089931160183
255.21227283896675,230.08428797191667,33.23815023639368,40.84305465387075
238.49233781332137,230.55036083884818,32.890255429518916,41.076004259944455
221.11046761836354,233.26151760399446,32.76284560691038,41.46888243173926
207.50553365856126,237.18725581025993,33.13189985317833,41.786349311093375
197.7204458409439,239.34925825840682,33.85655081382676,42.17372558344614
192.67610219520765,242.02385283899997,34.380959529852674,42.80221053191393
187.14193984007048,242.53682922864803,34.52622774532289,42.98993069648493
177.57158023818715,242.76678251871823,34.16444435110607,42.53002411634452
163.7506523263102,238.60903471307012,34.06854564400335,42.40359443564092
156.95422296548222,229.53406370942798,34.43394832324859,42.516096385092425
156.75155385415775,219.81655636654324,34.83928654589753,42.588878168250446
160.8587827688821,205.7716603198299,35.14952233747938,42.668962649719816
169.23650299685386,196.18880735526048,35.530877437790295,42.24975937171069
178.21901947424632,192.0364775462809,35.92207765422413,41.9881768431011
187.29892598585192,195.1472950279134,36.15231039523342,41.896557134576256
197.75842419081047,200.19120708541203,36.11413393677332,41.63500123202934
211.23457400308044,208.67498547581806,36.08155953870783,41.79817868624647
221.6696536644548,221.3372359444825,36.04704684973874,42.21182947299836
235.82994517621083,231.79246613986788,36.05020301954572,42.23630674685471
250.28286777469722,244.2133821551027,35.47796133634229,42.03239081531488
264.4011667862332,251.4663717438719,35.29087357901231,42.16093873294621
277.7840375866462,253.26117061361543,35.33242715198935,42.22688124443221
287.7659395595701,253.29212541886224,34.89181368664859,42.164971633938585
303.15021361560827,250.23511189357018,34.42677976829608,42.218295845777966
317.8042697992385,244.75311642360225,34.04944045979405,42.33324688867937
332.51776614652044,238.72230569301186,33.44902007948437,42.3837965522542
346.9665847925306,234.61164726025828,33.162827098911464,42.26010882692255
360.08093126146923,230.6584234366766,33.01735156219371,41.86735093735333
369.4676281570851,230.83305509845593,33.07957344549348,41.518087613794634
374.121870516519,230.90555720568707,33.15417464904634,41.37308339933235
374.12957074593373,231.0704878516776,33.13877419021688,41.04322210735132
369.55182717486895,234.16865302789387,32.96177133287368,40.679698004589206
359.9612502359082,236.32501036584085,32.45497327535901,39.841327787889874
345.45819080119406,241.8082743806223,31.898105992582806,39.10814111870552
327.3443607752182,250.35910075850586,31.272470936431922,38.757986139348766
306.7167383651523,257.0464138871793,30.679620171843958,38.5985479613871
287.3018282598419,260.8325172461821,30.297827820691385,38.650821463726366
270.6592063857767,257.0686941322522,29.984910583200104,38.59178617870384
253.29032889655574,252.85056059681216,30.23244302000474,38.40549761417455
237.54111162120404,244.39212928144428,30.44002282140331,38.05844038322493
221.90615788114496,240.02939912959607,30.475575802765405,38.16752703209202
209.44735585016315,234.78418671316828,30.5693791564618,37.86499503526627
201.18361608453418,230.19925852418982,30.954240387808177,38.425454986603654
196.70087359575615,225.52641985389943,31.19165552897593,39.04306249079615
196.64410078116404,220.69697712697834,31.305201158160152,39.86731229795296
198.2558681687481,218.89354078497576,31.438058973701324,40.1177923912488
202.08682258674247,218.24706520010403,31.649675565818487,40.28595421412001
208.2369727453162,217.70586151294657,31.788194054927153,40.237559878775315
212.776201759041,219.91471966974768,31.76822389313387,40.34908749800119
221.36252432712539,220.14427316948976,31.600989991443143,39.88998049851705
234.42618849495574,217.79673117274615,31.32447958071294,38.96532146484549
251.1001259448642,213.67974611009367,31.13529744632696,38.35697351936886
259.69281254676633,205.7485623598267,31.43613463091486,37.8260187807852
268.14808827043805,201.09408010455778,31.958887277872915,37.32874973827843
276.0715745894746,196.95720508943808,32.46677989481489,36.879904965843124
286.70678213364164,192.56784787683435,33.0267806614705,36.92645304905465
293.585093205305,190.0817466712752,33.58572865380118,37.493864649201456
299.0078613269877,192.38141795396888,33.92959844581819,38.48922510150532
306.69780355835337,195.7560529165328,34.50815509030402,39.719175729986056
314.0629998477651,200.3419521057135,34.96454424945807,41.061303170224505
318.6852984011587,209.42374542169688,35.290304053586475,42.03843036008904
327.05662885509275,219.95589068854184,35.58026131776124,42.873220333311366
332.5495742157664,229.96946360532607,35.70174434219143,43.82666935287818
339.9418608597861,235.75854494451443,35.92654178193836,44.75631561432343
344.2103587148655,238.61328357437353,36.27039400735464,45.39030116573023
345.9933818332427,235.83783897187246,36.55631381625845,45.80523564318792
351.06364982938493,230.43738409573908,36.77566685272974,46.246256366698994
353.49348033575166,222.9090241176392,37.137219727745176,46.94463813158929
352.56180377560963,217.4373068858403,37.67870289071461,47.31311293666956
348.96570889695573,211.69001469373788,38.18938161351268,48.11727966565879
347.4337385655682,208.26053746850997,38.53950206689007,48.191683592620684
341.11670092002237,207.5516973989513,38.900013808213316,48.24563444843041
332.7456612546091,207.4001616507245,39.1973161175148,48.54870594488398
325.12132821304607,212.2497116788477,39.26747935162803,48.50865315619122
314.68663053906374,217.82925000168268,39.43110313805218,48.3926546766761
303.4513208965837,224.85998781643252,39.80172152913027,48.14367960585271
292.8444930482259,236.00308226477958,40.264250347137306,47.99202604644772
280.9466152762225,241.8708382439357,40.454995969925676,47.36475405106186
266.34124179364267,241.66241273774,40.64547411211366,47.78160506345331
254.942181446202,236.075532875982,41.180901649919,49.215436530748576
243.24357360510174,229.85254434061045,41.823590295380775,50.28415008312227
232.17293657068168,223.63409718925396,42.23008972569501,51.12916457862144
221.7275780199301,217.47306747201205,42.56105486136094,51.702794318341134
210.48100612317913,211.85521831189243,42.81334129039546,52.559425868495566
200.4678369757239,208.68923350619423,43.34004962480908,52.89150933820062
193.54452076186072,208.08973792943235,43.56436961665012,52.57691022107049
187.57295598623037,206.1247066049697,43.40852413613992,51.96985723308165
182.49664495003753,206.38473785731696,43.05758856743853,51.44979472838715
180.2668616553366,205.24120637360244,43.056642507910155,50.76318259652936
184.8850087474678,200.5756359705172,42.67773380039138,49.760707013165685
189.2920917989316,194.9158800815413,42.59149608832952,49.44298093662979
195.21366470505816,185.32855603866477,42.33520983888436,49.78898223281994
207.60271662804888,175.81084344925233,42.20008527965462,49.97977619236405
223.61295281800506,170.05594020394588,42.08749555741677,49.88671626200444
235.6377196205861,167.30806432886814,42.63883728872486,49.59402675651988
251.98684610721943,169.2046468194321,43.324008650458694,48.70376823930506
263.131788895536,174.65014137152147,44.212317024840374,47.95323898869526
273.8242751675205,179.83245090015814,44.59425171350902,47.7465099733196
279.8896909119953,185.62677463508393,44.09520725252128,47.78964953142981
285.9169723501884,192.69182473613245,43.614349820224575,48.12668113444463
288.281648195941,198.93067686524887,43.217909187723805,48.64771005322493
289.2138972115191,203.61654127305104,42.799481925290074,49.39847661867847
289.49228020768834,202.6922999859607,42.24271593295157,49.795952895037445
286.0982457202726,196.12923943248205,41.78974921649191,49.88820975767061
283.2404996170709,185.90531308377732,41.735887586133835,50.14332402641476
279.02651721461723,176.55285104916544,41.49144335881465,50.05802852581449
279.10179116057725,168.4971472219513,41.340895466894615,50.32783961310413
273.9565038519432,163.8236215598325,41.538403011903036,49.58182386508208
268.9871997878713,164.2527882428169,41.44205014465345,48.72349049911324
264.6622134669687,169.3679413790433,41.579392124657275,48.424586665428826
264.8247733451615,173.08990783639328,41.25427236827168,48.06245527751889
265.25015816470335,178.75742175841003,40.40350272918796,47.97175306597291
270.3285090780173,184.03136436332017,39.980020099796675,47.15708705338929
275.3829897533602,190.71509054465832,39.46857500838827,46.1292984526411
276.23341874465757,201.9900745285807,39.11469437430195,45.13096806093125
276.9186336009405,209.1334961987788,39.07012198372153,44.102697940389014
278.8663511168532,214.12091810792055,39.10231282572382,43.2923144943702
279.7405730442371,211.77759211482862,38.651002653205644,42.79043175155559
283.7674073746331,204.4613939340944,38.29010225489674,42.03729158805796
288.35808254337377,192.1315482654618,37.961331191741124,41.40389928439251
292.22956367680416,179.57064428154885,37.71568192248132,41.53466392688184
292.39405533390357,170.5104267138303,37.38669860828243,40.93997973822544
291.27677530379685,160.9249128378912,37.15491137784005,40.38022916485697
287.7265403585974,153.28698790089834,36.93081108003966,39.786176964410885
288.3936605962792,144.77166064102857,36.80450292738965,39.90577896616057
288.2618650423097,139.7514597682954,37.06809403532858,40.283867914373864
283.2573124417648,139.47446039983822,37.3341757573255,40.837866651288195
278.49860071856386,139.34809374511758,37.005626239517525,41.09059996072948
270.54359272388734,139.77194130619995,36.93290737041124,41.472345981523176
264.43949033234185,143.48310833286098,36.79900287606479,41.45527749466359
255.90210722769913,147.06352280604605,36.628493996077914,41.68528072941012
251.56940325849052,148.02304869058239,36.665387876022905,42.231518691329526
247.86351622094563,151.65214348637448,36.62697561623913,42.423515434618935
243.05351921140155,156.56002310678787,36.2945484971995,42.56017733191996
236.43266111454363,162.62951828152418,35.887175475743945,42.829449905330385
227.85307597632658,169.9900450025495,35.70838077578375,42.96950930018921
222.95274007127506,179.15691232066217,35.60743622484659,43.20130534091422
217.93175587956955,187.25155489353662,35.732274280955046,43.12735697703193
214.32352043498142,194.61756870463006,36.74615469106259,43.281546504609906
211.34670752756153,199.30726892664703,37.66286964054721,42.716740074947566
210.7530090743653,199.6029124300661,38.8502665469397,42.12545306810937
211.83038664590498,195.40759409767125,39.245406181252264,41.591458012027275
219.56788349129243,186.71474427373255,39.04506184604105,41.15673341174702
230.1840183388605,176.17380124996123,38.01936728283626,40.76913338161265
236.12981698531985,161.4397849918794,37.29294374119476,40.463369227703666
239.92846751960778,147.84754333767603,37.04116889087477,40.714256402505505
236.93985461486596,138.35875263073206,36.89762831051762,41.32953864687116
237.10387763975942,129.48872928930084,36.56958226073072,41.82957199321806
237.23741044979099,125.17602960585657,36.302516640667605,41.81740914672383
237.3694354837365,124.04644735689754,36.03846657277654,41.61763679438151
236.99235027540712,125.3474016118827,35.57049552408877,41.4600112151043
233.01869950441096,130.28982848767401,35.032452252869874,41.27269439290595
228.99720979776868,138.83941717775681,34.67087571234622,40.982628920356674
229.15178616661765,147.93782225569527,34.361722974648295,40.64116974187198
229.2544532382325,157.5593051267857,34.15638883141859,40.2800049067183
233.4005778878655,171.28291473402055,34.06278161956854,39.77118112232975
234.06774091942924,180.79682818612403,33.89032602434094,39.333281704520815
236.95287218153123,188.96726743882544,33.88171831225023,39.125036673035225
237.00812731701313,190.97579397994673,33.77120804128648,38.55489704671922
233.5768657212147,191.73404500328252,33.80350652870895,38.176765784076764
229.12170026319276,190.575290773561,33.64964195081133,38.228225370034394
221.20910512998918,182.56466901192582,33.63578309127753,38.41041976736382
217.35946583037577,175.02299543602953,33.397321960191874,38.75225027714758
212.93008088042916,172.24669890100063,33.17264305455868,38.6276878437514
204.63310070300946,172.26937124208175,32.81813738323178,38.58234316158915
200.080673455217,172.17061858265902,32.934987049128026,38.77984848043465
199.36385357172168,175.6067224751111,33.24019744257582,38.6782169367876
198.72363586762287,179.04429417973225,33.3888691124597,38.5936559574277
195.94511276487432,182.97815779476804,33.28170528982385,38.65582276674229
195.48444362901054,187.4121108716687,33.07095968547697,38.84458762153636
195.67973934234533,195.4900008151712,32.68036825880736,38.531424481920546
196.5048706108381,198.67585393707768,32.15060452470745,37.762212252535726
197.749365028489,198.39746289389163,31.86182014828893,37.21889210946621
197.9137068415732,190.95319628590784,31.533136522120497,36.888485244245494
200.49339637985622,182.90602027456057,31.757159525095012,36.832631028318346
204.81199995128787,174.37049960456594,31.755269291186465,36.633038550398076
209.63259145416376,166.5935029897059,31.80075168618926,36.04258944552724
213.81682248088876,166.05129104919303,31.97530455422558,36.05913646136725
215.3866956357193,166.06266166764715,32.04833582532965,36.036395224459014
219.0340527461805,165.94718487083762,32.25580543404806,36.26734881807805
223.41957801532544,169.520142072886,32.11389405092013,36.67193117474805
227.16162738577236,174.8454598857984,32.20832166745086,36.84776177381553
227.07078502588388,182.16568605148643,32.390006387227885,37.423680289053486
228.10005884496212,187.57768513002065,32.52888567742056,37.58681677373076
231.41370740924967,195.7454182585317,32.52238347729265,37.80333783782673
227.64136206819379,203.5273896483743,32.32009879801252,37.73334578092526
223.38881015260955,209.70578059938566,32.006161652483286,37.502745221861886
220.04445751418407,213.6778375451898,32.13223193578204,37.21503882273124
216.25738184682746,213.82001995266637,32.066937450309155,36.93067400777809
213.53651580874276,209.53204268936526,32.07916230561651,36.81941698100104
212.98808053740777,201.93565232752618,32.09165803332695,36.83095029524517
211.88394828581505,189.93518785319822,32.13041511688354,36.96729762798421
211.58324541046338,180.86563694427883,32.731820867586926,37.70661949486738
211.90532093627817,167.902080005036,33.19624474159992,38.13651008357408
210.83453469359634,159.29916954988164,33.09246372341085,38.50217971723731
206.43680904597673,154.73394519190313,32.874556883981434,38.619270298525706
202.28488708323192,150.15896139019978,33.30355474749699,38.769413831104956
198.1803890671216,146.11293535532758,33.57321305616939,38.92212817730112
197.32630305279258,146.06649573671646,34.140503318825225,39.01500741452331
197.11403048811334,149.9643779367992,34.565048448183674,39.27915321371653
196.2967973295615,155.2772164867232,35.037206507181224,40.276558694929975
195.48764687202038,161.9162445605571,35.47018158500899,41.22241259431575
197.75057845867232,167.4558431414546,35.77194961505012,42.21229344088317
201.93032516425114,176.62364811975618,36.001812273608515,43.50949735791663
205.42260077946108,186.52974305625247,36.521763222458866,43.70931329631132
209.04368243764304,193.36309128448235,36.85288007666716,43.926963819234
213.08189187763742,196.58508784798443,37.67278544252056,43.83748801068856
213.53531038141122,196.57043204316435,38.04865665992025,43.866799620328734
218.76468146392736,191.31880239203582,37.903462200803276,44.05651121667044
223.8593867262498,178.36079070084227,38.03244051959494,44.176562490466154
227.17871997424345,164.31314368459712,39.156128338809935,43.809890700547996
231.3535800931308,151.39412834698902,39.94867074302945,43.527170970066464
236.78956924538264,141.54977705644666,39.590917799997136,43.501700998392295
246.35218133274526,132.0736928971076,40.08843562871616,42.83112731362607
251.08272806664505,122.55632381602331,41.07247253259886,42.28124602889045
250.72911726115592,117.3048062328943,41.77969414357708,42.28330136917697
256.04091675843773,116.87490377130763,41.74666124459351,43.1431062923503
267.9637133317511,114.04711651629796,41.96349531936214,46.12507777777018
271.6434357203928,108.03418265581732,42.92505783785488,48.44310365365915
270.37508793744075,113.36180629056878,44.02354088080212,50.7317690907679
266.8447259599483,121.8132608197254,45.119167040081116,53.215427868498864
266.21155949430795,128.67316031193943,46.38549997136177,54.968264330732794
263.34845996322304,142.26029717748236,47.3276262632868,56.49842722111586
257.27477694111894,155.50872944684428,48.04076804575534,57.770393032331114
257.356615838585,168.6258270884054,47.87709025082323,58.16908435600802
257.34650522653055,175.2278709304377,47.897311474932124,58.30940532475554
250.52554636774192,177.21352814786928,48.17494007012819,57.67916317048767
247.79810292358627,176.3882241668812,48.63388769405552,57.6644580443358
248.13879739118323,167.54722845054394,49.624977553939175,58.621661526234774
245.29226963862493,155.50640553296313,50.208436308758195,60.56172144344056
240.65511379078066,147.71691269662443,50.7702179940849,62.20065909953898
241.07807395263075,139.15104447588985,51.701088495061214,63.34127811891943
247.3044531826742,131.2589190395003,51.91392614499067,64.65056200882267
248.91142743238473,125.82300376898326,52.36581690918052,66.35779439082951
255.3061667735045,124.08304257949594,52.64123819404226,67.97130248878969
260.72375385062105,123.7119549184676,53.17948777484639,68.71347781084636
262.34321012319094,126.2378405348941,53.77192194533022,69.40872665142865
