23.5,88.5,66,55
22.595841397685064,87.93925572433704,66.80831720462987,55.12148855132592
22.450213585299004,86.87710754530471,67.09957282940199,55.32783681229792
22.510193376224628,86.94830383736523,66.97961324755074,55.18544422817686
23.540068081015534,86.97444958101607,66.84148027979029,55.133152740875175
23.65368282141617,87.00972565091556,66.61425079898902,55.0626006010762
23.75206781549616,87.12575661051456,66.41748081082903,54.8305386818782
23.978241462868297,87.40830983679022,65.96513351608476,54.26543222932688
24.119538783002035,87.5902225089804,65.68253887581729,53.90160688494652
24.394757727588676,87.7411858551547,65.132100986644,53.59968019259794
24.52586149345249,87.86258310249735,64.86989345491638,53.3568856979126
24.6474546734148,87.8697019763494,64.62670709499176,53.34264795020853
24.75810884399973,87.01479468898347,64.4053987538219,53.196803323335956
25.72763831597515,86.19048221680072,64.31623887463675,52.9955292029358
26.004414097545865,85.39760984774205,63.76268731149532,52.73599628833291
26.317990349077405,84.61991071245478,63.13553480843224,52.45882526977876
26.47354873415373,84.68187982382412,62.82441803827959,52.33488704704011
27.650864757554984,83.95691071176282,62.28143654935177,51.97317471328803
27.853352356652223,83.21514900456197,61.87646135115729,51.659244611814
28.08210714000103,83.35982545192644,61.41895178445968,51.36989171708505
29.09730408400231,83.41048428497643,61.16299681389647,51.268574050985066
29.15435444202275,83.65422314992568,61.04889609785559,50.78109632108659
29.345486388246492,83.78140464174098,60.666632205408106,50.52673333745601
29.491653693947825,83.90069601191102,60.37429759400544,50.28815059711591
30.573650087837787,84.00483520504648,59.95120996852999,50.07987221084501
30.73642755514032,84.25313429719355,59.62565503392492,49.583274026550825
31.69240935804882,84.49449879793171,59.43169829815987,49.100545025074524
31.824944908134817,84.66947805088712,59.16662719798788,48.7505865191637
32.82251375201522,84.77989427989897,58.86899301393758,48.52975406114001
33.735262146902286,84.86642119139293,58.73285457957215,48.3567002381521
33.988698171273576,84.95389909218689,58.22598253082957,48.181744436564166
35.03314270330834,85.07820804337166,57.81093829463885,47.93312653419462
36.00570687331996,85.25345547708318,57.529253467027715,47.5826316667716
36.31636994958459,85.45336659893522,56.90792731449845,47.18280942306751
37.30819927685938,85.67982254693818,56.56170328067768,46.72989752706159
37.49432030305057,85.69200346723854,56.1894612282953,46.70553568646088
38.527965323382084,84.87918148688817,55.74084317312885,46.712507661665036
39.502905055560745,83.4114652021506,55.4028354220834,46.42419680451645
39.726690681400115,82.84990073615846,54.955264170404654,45.94530963859222
40.75703291179304,82.12858716380217,54.48198057941762,45.800535913505996
41.82877965402828,81.52060860883599,53.91625919737114,45.43872092101435
42.017315861007866,81.60170128404671,53.53918678341198,45.27653557059289
42.859503089161784,80.9290128783599,53.409604808357685,45.06711990071298
43.93894852859885,81.0959845605422,52.80013665449577,44.73317653634835
44.13290941158028,81.34233793105348,52.412214888532915,44.240469795325815
44.99710211963128,82.25602955960062,52.20455834588631,43.93381541168695
45.23600157783086,84.62790100797072,51.72675942948715,43.72783904350422
46.05256117494105,85.5420888685457,51.595542200774055,43.40136528786151
46.18513912889768,85.70004551718135,51.33038629286078,43.08545199059024
46.276049302956295,85.79009639128535,51.148565944743545,42.905350242382255
46.527820132043054,85.97107873445198,50.645024286570035,42.54338555604898
46.65607239811647,86.09351815531038,50.3885197544232,42.298506714332184
47.62132521191072,86.12892095449067,49.91626167332474,42.227701115971584
47.805171286662286,86.2830896205414,49.548569523821605,41.91936378387013
48.08242054967019,86.35612117895528,48.9940709978058,41.77330066704236
48.22190414221236,86.49866325855822,48.715103812721466,41.4882165078365
48.32554664038089,86.78537488939978,48.5078188163844,40.914793246153366
48.2937542366235,86.96650277238973,48.571403623899194,40.552537480173456
48.42183425110867,87.09174863457179,48.315243594928845,40.30204575580935
48.46097940065828,87.99108245977865,48.23695329582962,39.89749887818186
48.56371948515964,88.10532066658331,48.03147312682691,39.66902246457255
48.574807320632914,89.6486402246743,48.00929745588035,39.34146260649291
48.59939054426672,89.73217507072228,47.96013100861275,39.17439291439695
48.62745437219141,89.79546818115905,47.90400335276336,39.047806693523405
49.36111762160506,89.9863683947349,47.804219915705694,38.6660062663717
49.40317091416887,90.07818449527767,47.72011333057807,38.48237406528616
49.64731988012248,90.1552878544008,47.231815398670854,38.328167347039916
49.71601128136446,89.52408027570355,47.094432596186884,38.24500633977399
49.78101432629336,88.82830946903985,46.96442650632909,38.29442740822425
49.86348739578192,88.92070707482878,46.79948036735198,38.109632196646395
49.98611705805555,89.03339511140345,46.55422104280471,37.884256123497074
50.765070321165084,87.80563985163414,46.32430076903637,37.68379413813424
50.86947039186657,87.81099019303878,46.115500627633395,37.67309345532496
51.65537202185422,87.87640232567324,45.86152722698913,37.54226919005602
51.68965407806373,86.06649364895694,45.7929631145701,37.22665326186603
51.85325178536638,86.1524037329385,45.4657676999648,37.05483309390293
51.92578855548189,86.24070695800911,45.32069415973379,36.878226643761685
52.12784085416355,86.40732058774655,44.91658956237046,36.5449993842868
52.92198626004834,86.45595491018081,44.60946374461134,36.44773073941829
53.787758558227814,86.50771326633114,44.15279163071473,36.34421402711764
53.85039222488566,85.87371619163451,44.02752429739904,36.34603075224514
53.94144657492732,85.91428979229701,43.84541559731572,36.264883550920146
54.08568120964906,85.42324593718354,43.55694632787224,35.98680457912159
54.8995015002596,84.24194400776979,43.1805442350335,35.84693146118439
55.613099111043994,84.37842219548122,42.99653580940264,35.57397508576152
55.788931731698234,84.45231635464222,42.64487056809416,35.42618676743953
55.80230291931142,84.61420306566032,42.618128192867786,35.102413345403335
55.89153021497924,84.69822937538939,42.43967360153215,34.9343607259452
55.918317170974774,84.78675410118798,42.38609968954109,34.75731127434801
55.941148833571695,84.88624474115784,42.34043636434724,34.55832999440828
56.01932048919021,84.96749553512427,42.18409305311021,34.39582840647543
56.135389568224085,84.96705613043153,41.95195489504247,34.39670721586091
56.17462309184744,85.04472909024396,41.87348784779575,34.24136129623604
56.87256757615352,84.49911122936247,41.67475051152802,34.135445385654606
56.922082547474886,84.56203912026206,41.57572056888528,34.00958960385543
57.08437409210332,84.56090686565243,41.251137479628426,34.01185411307469
57.08065756709985,84.04255303727331,41.258570529635364,33.864689312469025
57.20488869397364,84.14900376480622,41.01010827588778,33.65178785740318
57.28322371166603,84.23630747274544,40.853438240502996,33.477180441524744
57.39299131492334,84.31983929129136,40.633903033988375,33.31011680443291
57.44209352582501,84.41201861905544,40.535698612185044,33.125758148904744
57.534030826502374,84.52736456306401,40.351824010830306,32.8950662608876
57.00495616831766,84.66167554098546,40.257974293644104,32.62644430504471
57.08121504773541,84.74586914201865,40.10545653480862,32.458057102978316
57.21603239163593,84.75655305217009,39.83582184700758,32.43668928267543
56.67445719483226,83.71916095164431,39.78231459892544,32.238158200348074
56.74501228977769,82.67980590798932,39.64120440903457,32.05162030309656
56.73304742191915,80.5892607070592,39.66513414475164,31.722958094417947
56.83454885241558,79.00545062381535,39.46213128375879,31.52313460933822
56.83644322972936,77.93108050773829,39.45834252913123,31.439616833474194
56.926036038687,77.88687849816529,39.279156911215956,31.52802085262018
56.4477510154026,77.36296796754107,39.122324826760035,31.462439782843923
56.56502947999263,76.92114550854406,38.88776789757997,31.236151136766466
56.667899363800274,77.01408405074102,38.68202812996469,31.050274052372547
55.56189175130241,77.15974526878183,38.701041210823355,30.75895161629091
55.65460100129105,77.149815982338,38.515622710846074,30.77881018917857
55.715120017423374,78.68569734524479,38.394584678581424,30.975694888894353
55.174948560167905,80.38465548789537,38.384045218545275,30.850425727234466
55.1652323970182,80.9905203233443,38.403477544844684,30.72738779514377
55.30807878270199,84.30601227310385,38.11778477347711,30.618379497493954
54.68218052968218,84.31945801373513,38.28873386260359,30.591488016231388
54.740737073786775,84.390419262728,38.1716207743944,30.449565518245635
54.22245675985565,84.48691910626614,38.12924473714277,30.256565831169354
54.3512196107744,84.48312557931246,37.871719035305276,30.26415288507674
54.30040660158392,84.13750386444224,37.97334505368623,29.884063822954644
53.84313995343778,82.03712988931535,37.82115770070878,29.817929176129503
53.82599846455366,82.04730822083127,37.85544067847701,29.79757251309767
53.321044058729186,81.66319569444681,37.80183863575882,29.502286711499426
53.27194552513785,81.21742315975871,37.900035702941494,29.335940883369787
52.76449185142788,80.70712071320794,37.85825827886891,29.29986100497877
52.35710952585425,80.73436698531073,37.61756388946067,29.24536846077319
51.90960873722081,80.77149795715172,37.46167154760977,29.171106517091197
51.97436968132146,80.84755102457612,37.332149659408465,29.019000382242403
51.07866662321397,80.91359399501842,37.03786042026091,28.886914441357824
51.03125729962962,80.90887880703768,37.132679067429606,28.896344817319278
50.42510781431017,80.95805489255527,37.307175271471955,28.797992646284108
49.93734107363359,81.58484158555498,37.243840861952556,28.583287151157222
49.90491421249148,81.65649997419138,37.308694584236775,28.439970373884456
49.44803092445913,81.65440437229213,37.189406693308605,28.444161577682944
49.098398535984224,81.64301116396241,36.85736831393241,28.466947994342377
48.63015346357386,81.71880991867397,36.76725269068646,28.315350484919257
48.76312384048857,81.77956304286195,36.50131193685705,28.193844236543313
48.343180641041045,81.84827886817783,36.324479062878794,28.05641258591156
47.97254359133315,81.39292626113438,36.05397320889114,27.955337846594997
48.050465803130734,81.44552761589483,35.89812878529596,27.850135137074105
48.07665253661412,81.51951965282159,35.845755318329196,27.702151063220594
46.616006239544305,81.54056395225257,35.77095392124983,27.660062464358614
46.2346264800276,81.56691794008397,35.536843492389416,27.60735448869582
45.832346144496235,81.5713434532916,35.34896944836943,27.598503462280558
46.036347562084806,81.58266400183304,34.94096661319229,27.575862365197672
44.69183510117716,82.0700348097059,34.6815691217348,27.583928220542862
44.86817730611587,82.19220511234403,34.328884711857384,27.339587615266623
43.87160857951339,82.81749647902551,34.382829258635034,27.058601335117327
43.398200927348206,82.85583265477007,34.363783202400995,26.981928983628197
42.96252895499252,82.34612116323487,34.270803094684204,27.03702791427043
43.06785309150607,80.91530987558066,34.06015482165711,27.007262398609196
42.51967132935298,80.52286808580648,34.19643154673365,26.832059178927928
42.04882283433125,78.18555135921285,34.17880088131284,26.710054354793794
41.139879780870274,78.15999648827437,34.08253798174634,26.761164096670754
40.29365955591295,78.67460520533562,33.86211295594272,26.688379400407364
40.368429775701834,78.6456126408412,33.71257251636496,26.74636452939623
40.4628104258971,79.08728321014706,33.523811215974426,26.813551280282972
40.7324253857677,79.47422097823124,32.98458129623322,26.98840026856864
39.94580344079881,81.02819785553982,32.67127411889918,26.71027311485924
39.513553361043506,81.01964196378832,32.601810485108565,26.727384898362235
39.16664641383569,80.92560341471248,32.36245202637946,26.9154619965139
39.30576386768503,80.87557592549057,32.084217118680776,27.01551697495774
38.77588162543316,80.93461314747393,32.21413326723422,26.897442530991015
38.436756722467365,80.86538441312385,31.96243393222445,27.035899999691157
38.3242419853651,80.79908568700888,32.187463406428975,27.16849745192111
37.85728962310707,80.8452522383546,32.18746437501808,27.076164349229664
37.31437596348089,80.85248385705924,32.34087438868073,27.061701111820383
37.198006200527814,80.87341977821794,32.57361391458689,27.019829269502978
37.20047440640822,80.4291159799163,32.56867750282608,26.970976862759738
36.63715352374331,80.50918777157656,32.758723463990336,26.810833279439198
35.34083812711644,80.55705819835532,32.540553865976676,26.715092425881696
34.894728956774614,80.70134266302,32.50074047627964,26.426523496552328
34.111811294794904,81.30943615235478,32.21306569909225,26.1370915684562
34.1849489862675,81.44551343160866,32.06679031614704,25.864937009948417
33.472921554791654,81.57391106717675,31.66883964397912,25.608141738812233
33.63623837845807,82.10872126326348,31.3422059966463,25.439257755848836
32.72715474701782,82.74103133402383,31.374398338539883,25.0676250748216
32.71160414058361,83.29206346026655,31.405499551408298,24.853023271567558
30.832702745942743,83.26383405217278,31.62547271745374,24.909482087755098
30.341945780561225,83.17208980485978,31.718244292224625,25.0929705823811
29.81187426549121,83.64491914858061,31.88524474840957,25.040454468894534
29.793666864595586,83.62927502246416,31.92165955020082,25.071742721127436
29.269493966458064,83.58812452254043,32.07409354235041,25.154043720974908
29.25651344530026,83.94573686451298,32.10005458466602,25.338400841654703
28.75552004575096,83.89849261452495,32.199067031283285,25.43288934163076
28.338140325322527,83.83276896716478,32.12780168006172,25.56433663635109
27.836347246706964,84.18843446245253,32.22432131094388,25.76007217212459
27.885017000785506,84.59312834087473,32.126981802786794,25.86240476195622
27.430947525335167,85.10898083008028,32.12323524644447,25.74258529078809
26.481515803362843,87.72086697127408,32.20232523305163,25.978133380412988
25.584713115300545,85.3508555364235,32.166098629184276,26.143576300134306
25.54877947579765,85.84039289145956,32.23796590819006,26.08153888759272
25.2793133202536,86.34228916195218,31.859761035373054,25.99488353051258
23.06203465411842,86.40751411744414,31.74469005939159,25.86443361952869
24.190510441481386,86.50482470553983,31.299834511445326,25.669812443337285
24.280670838446035,86.61075469839827,31.119513717516032,25.457952457620408
23.91478651709003,87.25890101864559,30.961414571752886,25.051527605600942
23.540081014839124,87.37638569915175,30.829960310768342,24.816558244588606
23.733873339845537,87.43458379154049,30.44237566075552,24.70016205981115
23.29947429508704,87.54332006139843,30.44396521440678,24.48268952009525
22.26351783565177,87.6855604803051,30.788453825022405,24.1982086822819
21.652041679351345,87.92037482668769,31.147030669969872,23.72857998951672
21.568898208839634,87.94700491530028,31.3133176109933,23.675319812291544
19.37346315660328,86.62684872322976,31.384828576565948,23.724016713092567
19.207442385174105,83.23345404340795,31.7168701194243,23.584750556606622
19.48826974050784,83.38478186326071,32.02374988573641,23.282094916901094
19.07811776771485,83.37620663947742,31.975819803483976,23.29924536446768
18.91662263328634,82.04980104188068,32.29881007234099,23.3486917086822
18.590749818468154,81.61438605239154,32.07705535031563,23.34602133599876
18.529537833607346,81.6420078175293,32.19947932003725,23.290777805723216
17.979254320787394,81.63123336637199,32.42900403244386,23.312326708037865
17.464762370669924,82.03219513323921,32.58311178649929,23.385279320482937
17.865966771062546,82.60567826955993,32.65911440117637,23.116724463303818
16.856480858615377,83.00967460555597,32.05266600797596,23.183871864010015
17.634188395916084,83.47393510259639,31.364310037921882,23.122409974476525
18.097142697320976,83.92182520355024,31.29400235282149,23.082230690278173
18.248789032631663,83.84305802474285,30.99070968220012,23.239765047892984
18.310409329485054,83.89055333344211,30.86746908849334,23.144774430494433
18.666716070852345,83.93867753855227,31.003265722621908,23.048526020274114
18.877556103250512,83.93681426829086,30.581585657825574,23.052252560796944
19.01222999273282,83.98857859833424,30.31223787886096,22.948723900710167
19.065202318887614,83.986677114297,30.206293226551367,22.952526868784673
18.733030944519697,83.26188856566748,30.035439919594893,22.731711854659096
18.945933067638318,82.85351946295302,29.60963567335765,22.71946372068929
18.972414752832865,82.92497207590216,29.556672302968558,22.57655849479102
18.86184169696542,81.84355192449561,29.777818414703447,22.281936808860635
19.112453346687065,81.94355856810785,30.094306408208332,22.081923521636188
18.184829023244326,81.96979721381304,30.311060534522607,22.02944623022579
18.25687917883686,81.96824952134095,30.16696022333754,22.03254161516997
18.31785905394827,84.8739204685795,30.045000473114726,21.95798181442976
18.21247064777055,84.90106509818966,30.255777285470156,21.90369255520943
18.217743345959214,84.90547717312839,30.245231889092832,21.894868405331987
17.91065398077863,87.01823686610055,30.04094345274634,21.761684852925967
18.384720363585373,86.96923954115532,29.905991179487717,21.85967950281645
18.43990699168697,86.50328834292006,29.795617923284517,21.978840216515728
18.391520227319674,86.09346889408963,29.89239145201911,21.985459780435647
18.184992197488985,84.46551752966695,29.490849234538054,21.982969400711266
18.27916613871045,84.54138538232527,29.302501352095124,21.831233695394623
18.81851020631819,84.12105674210801,29.026917106238876,21.868787086469887
18.974970678076783,83.78989104514156,28.713996162721692,21.731595558775393
19.090097595090473,83.83706541399995,28.483742328694312,21.637246821058596
19.227175818105295,86.7895942132824,28.209585882664665,21.24443558280711
19.476722775007204,86.96285098817715,28.487361996982248,20.897922033017615
19.02291765488851,86.86203799493009,28.61955055545859,21.099548019511722
19.08574151399278,87.14955909312418,28.493902837250047,21.30524156918783
19.146967910727888,87.05943988605702,28.371450043779834,21.485479983322154
19.26820987481537,86.97322403964397,28.128966115604868,21.65791167614828
19.333989872422165,86.90973171555513,27.99740612039128,21.784896324325942
19.35515684528272,85.74895712162001,27.955072174670164,21.75910860838705
19.329990596624555,85.32301866341884,28.005404671986497,21.829606624065253
19.169599767046165,83.77342508824387,28.326186331143276,21.795612520121825
20.82760790127538,84.4759013934415,28.16074164485208,21.965945700810174
20.726025688679368,84.76516666161814,28.363906070044102,22.175303346389256
20.297775003260668,85.50028151715675,28.42600751952733,22.293873478020373
20.294627232970207,87.427691307521,28.432303060108254,22.425441518113047
20.329849647905327,87.3986435437367,28.361858230238017,22.48353704568165
20.32908792590034,87.38374529171952,28.36338167424799,22.513333549715995
20.180037317666326,87.45342129602116,28.66148289071602,22.373981541112727
20.23522180777482,87.40351288317163,28.55111391049903,22.473798366811796
20.295723163367096,87.37188418465547,28.430111199314474,22.537055763844094
20.680875486465602,87.05162537426735,28.461096678247674,22.376283259490144
21.570357442193945,86.66871934523074,28.28044018585625,22.34294160803075
21.65546570267746,86.71177231797546,28.11022366488922,22.25683566254131
21.641034124146113,86.03328430006376,28.139086821951913,22.030128035948447
21.64456112264253,86.15761028165602,28.132032824959083,21.781476072763937
22.113607680751837,86.24048391353445,27.97838707675775,21.61572880900707
22.498113223887238,86.3893830784559,27.988777153457363,21.317930479164186
22.537240856306244,86.54783586635898,27.91052188861935,21.001024903358008
22.654540531462228,86.57163438571541,27.675922538307383,20.95342786464513
23.0759071618211,86.64267284974356,27.597174270970182,20.811350936588845
23.121292638195868,86.2698418449694,27.506403318220645,20.796548761916387
23.250213204125128,85.49074068149038,27.24856218636213,20.83707230462162
24.04406925338688,85.52770874430017,27.17198886349928,20.763136179002032
24.006195893142262,85.23049764861332,27.247735583988515,20.60436312009781
23.887871805899884,82.67041491755369,27.484383758473268,20.462218401554157
24.27992742262081,82.6553481609845,27.453309891631225,20.49235191469254
23.97888981583089,82.57982374030979,27.302327353971393,20.643400756041956
24.390119725595355,82.58788846945592,27.23309565341039,20.627271297749704
24.416483108567444,82.55282329452051,27.18036888746621,20.697401647620534
24.348678470960973,84.12035205901523,27.31597816267915,20.57134663297863
24.815311329517797,84.08194703702546,27.134971261185797,20.648156676958173
25.7078317331832,84.05585386210542,26.851439852012035,20.70034302679823
25.836610333004487,85.01625089768227,26.593882652369455,21.021386058268625
26.202574019756895,84.52127576222796,26.610517152141327,21.262774455900583
26.138843764016197,84.09101310364888,26.737977663622722,21.370566524395933
26.05510269724075,84.02063316291407,26.90545979717362,21.51132640586556
25.601357169412704,84.03768251033657,27.051665695058496,21.477227711020554
25.856794742179652,83.99195860091756,27.30376356400276,21.568675529858584
26.14162893446092,84.01528174466783,27.502413940900723,21.52202924235803
26.23917685179627,84.32522218531074,27.30731810623002,21.672749407580334
26.283728617180376,84.35252574765589,27.218214575461808,21.618142282890027
27.01961335391008,84.48900455134668,27.282067799366473,21.34518467550844
26.555130838585477,85.05322265652032,27.446677492564945,20.981103802611884
26.485114784378418,85.19109197502155,27.586709600979066,20.70536516560942
26.88454243794788,85.23142783870166,27.54642673160231,20.624693438249217
26.86974059751791,85.6913405959143,27.576030412462245,20.461507859120157
27.293068323860403,85.71617481541091,27.483794591148268,20.41183942012695
27.342873965680518,85.7435459500897,27.384183307508042,20.357097150769363
26.993912150548745,85.73972973218531,27.332314584292586,20.364729586578136
27.502881278525532,85.69713817664865,27.063504610462424,20.44991269765147
28.064402001356527,84.12979922333955,26.68689160454576,20.598876845288302
28.22921481536654,84.16806984846247,26.357265976525742,20.522335595042485
28.655573849833473,84.7299094840394,26.241378332486136,20.13548674878287
28.561344919448953,85.30361999018584,26.429836193255177,19.716825889145696
28.418800913271923,85.44612621985533,26.714924205609236,19.431813429806702
27.962258395898175,85.41510322216136,26.90355520736568,19.49385942519465
27.9879914779993,85.4487187510183,26.85208904316343,19.426628367480767
27.49469331090201,85.40136100034363,27.11223578208385,19.521343868830108
27.876700694825185,84.94825145328005,27.080171720285172,19.69561225690957
27.55776574418484,84.84376847515638,26.983713591549833,19.904578213156928
27.628878921554133,84.76682280481381,26.84148723681125,20.058469553842073
27.644975566917758,84.6447038288104,26.809293946084,20.30270750584886
27.557476399800628,84.55530179800364,26.984292280318254,20.481511567462412
27.859353007856843,84.59062631846284,27.126276282784325,20.410862526544015
28.960592399422044,84.53049535628338,27.164037224492752,20.531124450902908
28.138810679145216,86.78935416530952,27.309026869996845,20.50912821799932
28.151403887624298,86.44126438016156,27.28384045303868,20.454171867865895
28.196437821341753,86.46174348961823,27.193772585603764,20.413213648952556
27.878476610389086,86.12392579961175,27.081882168606796,20.341036190063193
28.271628784793588,88.03016753801768,27.04050689132152,20.253198070869985
27.858370660318712,87.40591944303625,27.124160327827806,20.015968635945896
27.792035282311517,87.43972277540375,27.2568310838422,19.948361971210915
27.761791601002393,87.52035114443024,27.317318446460447,19.787105233157938
27.903092735447203,87.50789075411922,27.03471617757083,19.812026013779978
27.87109171363031,87.5364015414899,27.098718221204614,19.755004439038622
28.27303268754398,87.21506546896913,27.030420872933856,19.662091984523585
27.868636600308918,87.22640921944911,27.106190359086014,19.639404483563613
27.94139917473245,86.86417264460252,26.96066521023895,19.630078099537865
28.698938555679746,85.81145576060767,26.908463463491714,19.541196344806497
28.827343245217214,85.83754668486343,26.65165408441678,19.489014496295006
28.578857108942117,85.83175609129343,26.424193723718023,19.500595683435
29.018867525607114,86.24360263595027,26.265340272563893,19.398069976297194
29.483754391358108,86.19405014134793,26.052639487367294,19.497174965501856
29.652251659249657,86.22835408823198,25.715644951584192,19.42856707173376
30.11493123675433,86.9884842651009,25.49949259321399,19.326720311274215
30.116243365939678,87.45267295308628,25.496868334843292,19.102592295085383
30.613971145672735,87.15383832796608,25.201959526406807,18.999714794296118
30.711819328355674,87.21416510924013,25.00626316104093,18.87906123174804
30.84241729565565,89.42704473324264,24.74506722644098,18.58983048504916
30.85285702135462,88.84233322552758,24.724187775043042,18.39782124038456
30.927922690831856,88.88206711466879,24.57405643608857,18.318353462102156
30.53461152312564,88.26069139197034,24.687006150777012,18.213759666051065
30.559856911281802,88.23871183622737,24.636515374464686,18.25771877753701
30.917761508910438,88.19244960646164,24.594336038199383,18.350243237068472
30.563779495796314,88.15254268523572,24.627797018231,18.430057079520324
30.891889897381073,88.54902229224098,24.647894272123004,18.31341592257128
30.963859679551256,88.58053355808755,24.503954707782636,18.25039339087813
30.68916393889303,88.68108024990877,24.381852356086696,18.049300007235697
31.11808044058406,88.6481843901046,24.1903634678385,18.115091726844057
31.14758328226698,88.62882439526237,24.13135778447265,18.153811716528512
31.625742628779438,88.3295818900938,23.839281799887765,18.088054018425638
31.923994578557366,88.71486019634281,23.901496115159382,17.976215620755088
33.35082305687123,88.78651187942108,23.679195645970395,17.832912254598554
33.348768154403444,88.79028312197715,23.683305450905962,17.825369769486397
33.28496631465285,88.84504411803172,23.81090913040715,17.715847777377274
33.921571974053634,88.54999620246629,23.842100366884246,17.653742330868788
34.00711703466668,88.50933023449653,23.671010245658163,17.735074266808315
34.037784731374686,87.82885068767743,23.60967485224215,17.795259304475138
33.99566913853201,86.52030278109645,23.693906037927512,17.810607423256844
34.61907478598122,87.71705546563324,23.75103606334692,18.02498469481893
35.31496846217675,87.27493803149802,23.671935318130487,18.25287625950205
35.68730553165789,86.901145369274,23.58611415253239,18.34160861058589
36.01763435897704,86.38686191935486,23.584442980835785,18.052202544540798
36.293204069042716,86.49299196322784,23.68755018530738,17.839942456794837
36.69352538217649,86.5160706769614,23.539260904339287,17.793785029327694
38.45957916595782,86.61198611620084,23.253853672823645,17.601954150848822
38.555153657469845,86.71753820623864,23.06270468979958,17.390849970773214
38.94892776711216,86.75673276024638,22.91065297930326,17.31246086275774
39.653732530760664,86.8244857879748,22.76484194511898,17.17695480730093
39.86135744260839,86.50819366771638,22.34959212142353,17.18207513874091
41.52464749935495,86.54134340980835,22.129086077819636,17.115775654556973
41.27064820573982,86.50131424763819,22.02031730849582,17.195833978897284
42.54944983360437,86.48093205876626,21.928344966523788,17.23659835664116
42.8573323688485,86.10024991499334,21.92824327381666,17.382299266405855
42.85421151755803,85.76032194731881,21.934484976397606,17.44412725135121
44.74398901371086,86.27642423465844,21.869691132131358,17.650176392685108
44.4616233763349,86.21179918951162,21.812949762267735,17.779426482978735
46.361323591966936,86.19555969764518,21.749704718285543,17.811905466711615
46.35769037743685,85.87857520132717,21.75697114734571,17.823629014058785
46.69006689473421,85.78424714398278,21.714764730614775,18.012285128747557
47.28213040203612,85.66340087010023,21.78052412482815,18.253977676512648
47.55881752879894,85.69835345775913,21.857002663254463,18.184072501194866
48.07971032014782,85.73450001453045,22.075026173157042,18.1117793876522
50.31120502636802,85.15441346450932,22.03668920532108,18.00776607495036
50.2656537149915,84.58020486814539,22.12779182807413,17.896537478591178
50.23590285166896,84.51961309599278,22.187293554719204,18.017721022896392
52.50706870296885,84.14009940651516,22.07104818935462,18.144450353675154
52.507433186095554,84.04119929648293,22.07031922310122,18.34225057373963
54.3951314974679,84.08012846820313,22.109368979333446,18.264392230299237
54.89858095928293,84.33939052021853,22.372642131555793,18.380954164194613
55.30756593158336,84.92431666566097,22.195691010260493,18.49313951992088
56.22550586022046,85.64262613451069,22.28012739036753,18.33673140714225
57.799118835352175,88.11987209509309,22.327308816635572,18.4932912884278
59.06386521136609,89.1368852628832,22.36635541394255,18.3856694648487
59.149303313853935,89.43213894957084,22.19547920896688,18.43616038029
59.485510269387255,89.39814075389205,22.162248587049348,18.504156771647573
61.61740129954339,89.52754046044159,22.376840784396677,18.245357358548507
61.4473507653658,87.04121398241563,22.716941852751855,18.10687456127333
63.08681621255936,87.03302214431045,22.64735662377491,18.123258237483697
63.4146588241919,87.08272866699075,22.63273934698683,18.02384519212311
65.08818128313256,86.51424811254853,22.48185372569849,17.882342582370335
66.37002283467439,88.08536245699544,22.456666913055592,17.91323425652746
66.41599857390024,88.14480908926997,22.364715434603873,17.7943409919784
68.02022493972818,88.48577374314961,22.31326949332603,17.743813042294732
68.38860955460191,88.81974601200417,22.206293533686313,17.705661774693336
70.60480567977025,89.18774690603465,22.16664558400373,17.59719488672586
71.5431319322763,89.5429906388015,22.165496184350893,17.511875122978548
72.16428335175908,89.54334042149681,22.170723634117692,17.51117555758793
73.4814650099606,87.10131857892993,22.03169563588685,17.404548606377322
75.64020148546552,87.10238245607181,22.054037653100906,17.402420852093577
75.63641714179695,86.23438151081528,22.061606340438026,17.277579432261195
77.53851005464084,86.21499881328461,21.967631105152712,17.316344827322556
77.53776717299728,86.21645423193272,21.969116868439848,17.313433990026347
79.42623221616724,86.2230327766145,21.89740103582633,17.300276900662766
81.63296125917503,86.2673848427792,21.797511143834427,17.211572768333397
81.59123071946559,86.30884236816482,21.88097222325331,17.128657717562128
83.44929013523043,86.27999764723842,21.843958370864776,17.186347159414925
83.48143682377332,86.59332382834188,21.779664993778994,17.173250192939644
85.36839783733477,86.30408277428607,21.6798938543333,17.139373819771716
85.63847189949671,86.639969084353,21.750026442069558,17.077881911698004
86.55436802278952,86.67298454903943,21.74930049542515,17.011850982325157
87.50562668250875,86.67907175755202,21.67459607921844,16.999676565299943
87.87953219071305,86.7266038774823,21.534715305092778,16.904612325439384
89.12881994690768,87.01596323238874,21.453119384358963,16.930138513540385
90.37488474755983,87.30981575675743,21.374632490267015,16.945844141606102
90.69423566167278,87.02256692527182,21.33839432242497,16.917878144193473
92.79257374332073,87.30942026554497,21.3519007019088,16.94562611261571
92.8367275696007,87.000373841151,21.26359304934887,16.961607079667676
94.07509354227466,87.06118076976884,21.190932426261835,16.839993222432028
94.103059636817,87.04393154887019,21.135000237177156,16.874491664229318
94.3717222603751,87.05814313757983,21.195308841318898,16.846068486810033
96.53588105502922,87.0405129303074,21.053671499784556,16.881328901354888
95.67415673147542,87.03562189565875,20.987627506047232,16.891110970652193
96.59489582596993,86.75160491231594,20.933077777797664,16.863502117091336
96.85219550451313,86.44801259748826,21.012836979918358,16.876328187539613
97.4855581659746,86.46558283558973,20.937691915005715,16.84118771133666
99.64342987203781,86.4838016599949,20.78042404733258,16.804750062526335
99.77797231893382,86.48816940231295,20.511339153540565,16.796014577890208
100.71839380457655,86.25759239969732,20.39086194493799,16.670379995560534
101.38972418412472,86.19901520606042,20.214013038012215,16.787534382834316
101.78845962856018,86.1551570513908,19.998618733120672,16.875250692173548
102.13256487293444,86.11917268887288,19.89057807620476,16.94721941720941
102.15636290308976,86.0595448533884,19.842982015894126,17.06647508817834
102.70783598308245,86.03959800747937,19.901715858676308,17.106368779996416
104.17483049791925,85.98918948979167,19.879670329500886,17.20718581537183
103.90520652086127,86.24433069128267,19.835252521852492,17.28056917415419
104.49270299093567,87.12390333164318,19.828569355422154,17.27388855401088
104.4775086994615,87.11820684373536,19.858957938370512,17.28528152982651
104.73290311723473,86.80739353038315,19.93276661362869,17.322310645726272
104.77678274687345,87.3457889002731,19.845007354351257,17.41818781056317
104.7129513913,87.30160900799255,19.972670065498175,17.50654759512429
104.95913738209407,87.31509969667368,20.07020246807082,17.479566217762034
105.27888567373714,87.28100754306156,20.02168888267188,17.54775052498627
106.69426244818675,87.27023966155548,20.147555046902696,17.56928628799844
106.71985092531075,87.25984066279057,20.096378092654692,17.59008428552826
106.64979607754017,87.36406374006944,20.236487788195852,17.381638130970522
106.56008602828116,87.72515170750303,20.415907886713875,17.251446987451164
106.57727627504508,87.79966952514555,20.381527393186033,17.102411352166136
106.58152287623098,87.8176898574437,20.373034190814256,17.06637068756985
106.6563195732291,87.84062452346188,20.223440796817997,17.020501355533472
106.96010555177912,87.56370045171599,20.201845139697976,16.98837319904525
107.00808007361884,86.45106310312704,20.10589609601855,16.873144332742235
106.74230142784363,86.4825838867524,20.05566288107148,16.81010276549152
107.94218261632129,86.481480858261,19.97590252368706,16.81230882247433
107.6973292108786,86.4748231948328,19.88680320779006,16.82562414933075
107.41075959723618,86.43131150648168,19.88229665031641,16.91264752603297
107.08288158249806,86.69436217119133,19.959076732761655,16.965522143644687
106.75954331828041,86.68014524994548,20.024741455113702,16.993955986136378
106.99238192608655,86.60502530704507,20.141547191835098,17.144195871937203
107.03494115418778,86.66711432265743,20.056428735632636,17.02001784071248
106.40825761896855,86.64839762410206,20.14301313471885,17.057451237823205
106.63309134635386,88.67468793590957,20.278675749728603,17.102181102670777
106.57881647749278,88.62600460616753,20.387225487450763,17.199547762154875
106.2342709516657,88.56032952271657,20.484931259172797,17.330897929056793
106.2129827542125,88.57675795579738,20.52750765407918,17.29804106289518
106.22542933041574,88.57860973793638,20.50261450167272,17.29433749861717
106.21978628719864,88.61426238131659,20.51390058810692,17.223032211856758
106.2128507442892,88.39168135364707,20.5277716739258,17.074477054556922
106.17303726241758,88.43226800048548,20.60739863766903,16.9933037608801
106.14872788983752,88.52617652187521,20.656017382829166,16.805486718100624
106.41985266384614,88.584838475035,20.702933167865183,16.688162811781073
106.37146691354054,88.65830991347985,20.79970466847638,16.541219934891362
106.10816702931952,88.71280628725687,20.7392151662894,16.432227187337322
106.13814168072129,88.99969789753814,20.67926586348586,16.442837818062873
106.11783749392686,89.02387522376061,20.719874237074727,16.394483165617945
106.12130240738855,89.03785793034517,20.712944410151323,16.366517752448825
105.89626438323256,89.07146968458214,20.580095706192402,16.299294243974877
105.6937064921803,89.3447392975501,20.405412662746688,16.33255384358919
105.78124822240838,89.37744898340863,20.23032920229052,16.267134471872133
105.53199099100537,89.03040267186307,20.154928240894495,16.387311670761207
105.23794403117547,88.97665434141173,20.16831899502812,16.494808331663876
104.428734435039,87.53964720131901,20.056796956387405,16.48558722699323
104.72980077805565,87.57742129285116,20.02944745565577,16.410039043928943
104.43178314875904,87.26974259256858,20.0523406538052,16.452254384050324
104.36960258929713,87.52119778130724,20.176701772729004,16.523520194382105
104.10571923711586,87.50510236253938,20.127228499849867,16.55571103191783
103.54988092651115,87.77785923449684,20.084906772311648,16.587196462376717
103.58949583670889,88.01603724693004,20.00567695191617,16.687696798773278
103.06146173535691,88.26628987843381,19.90723015536272,16.76444903539445
102.50285845986565,88.84151594841475,19.870484061172945,16.767949540604903
102.51466502463275,88.82685392065753,19.84687093163874,16.797273596119325
102.27042557345243,88.89586026299183,19.758776501683613,16.659260911450733
101.99995560662884,88.97930801196651,19.72672355737125,16.492365413501364
102.00758403026563,89.04939737794399,19.71146671009767,16.352186681546417
102.00411919781769,88.81353986038201,19.718396374993574,16.25658647077425
101.71715534992138,88.89522924342438,19.72644504358994,16.093207704689497
101.46902116006768,89.54798294557361,19.659350312310274,15.914426522365202
101.48125841781226,89.53278459504868,19.634875796821106,15.944823223415051
101.5472716306402,88.73306102500833,19.502849371165233,15.865601284668754
101.56832401206916,88.77118192960576,19.460744608307323,15.789359475473885
101.63670304171,88.4952659811092,19.323986549025612,15.786824858161907
101.64513344194441,87.10278361361384,19.307125748556807,15.810668320144167
101.14640279161574,87.09228172927011,19.199886197358985,15.831672088831619
101.3858434563732,86.5666662183533,19.272045088171954,15.780822670009464
101.42033847591121,86.5877461469844,19.203055049095923,15.738662812747268
101.14093972229331,86.57447850201228,19.212265853672523,15.7651981026915
101.94845903621513,86.53656101708842,19.247698443443255,15.841033072539243
101.90447188843466,86.50412717527524,19.335672739004195,15.905900756165584
101.86975353524014,86.8125973129221,19.405109445393236,15.843288431037669
101.83948559368574,85.45821959357502,19.465645328502042,15.780124243746132
102.12216694196607,85.51974708205597,19.45457497723241,15.657069266784243
103.53286631141721,85.49084246034485,19.393827157386813,15.714878510206486
103.46197653057075,84.9744511883919,19.535606719079745,15.643393837223375
103.70083475158312,84.97930035123271,19.611041928882088,15.633695511541768
103.72428741384878,84.76289509281719,19.56413660435075,15.512355042807673
103.96234452845381,85.09369893610219,19.639485977169834,15.40221095826682
104.50495840853314,85.39873808823656,19.65591463864115,15.342960864813088
104.82565512974291,85.36378283436126,19.56463735391315,15.412871372563671
105.17803731754881,85.5308432999311,19.409728939131142,15.628606402253787
106.3595379955221,85.76384064744099,19.250651596805255,15.713592710639187
106.3994655748723,85.99568601005947,19.17079643810488,15.799815191591858
106.71291910720065,86.56159518225726,19.09396764001802,15.76815338033593
106.4190146580716,86.36278242281776,19.133391680273146,15.617394041211966
107.57910608271175,85.52462659799409,18.99943180755243,15.654038458439636
107.47964086026555,86.23897261470931,19.198362252444838,15.860609897068418
107.16428172471468,84.24501661555277,19.27759660661969,15.988134476893254
107.09774680989287,85.02584432668053,19.410666436263316,16.09076361543688
107.27749579070424,84.98436441541482,19.609634638192624,16.17372343796831
107.47794770092071,84.80677168502791,19.771598453081822,15.966041263419967
107.73076380696159,85.38080492758067,19.82796543723196,15.94197317077832
108.03413328148329,85.31712456030891,19.783700954025644,16.06933390532184
110.02773579753158,85.60206484179832,19.74349294777212,16.063310060320585
109.78374011679341,85.89039983866753,19.668342716812425,16.04978165901821
109.78556874630173,86.18597937243811,19.664685457795777,16.020390637528656
109.77305306461687,86.18940408075382,19.68971682116549,16.013541220897253
110.0661512517416,85.94757275219946,19.66503087377033,15.935693451151673
110.04192041238994,85.98214709523248,19.713492552473646,15.866544765085644
110.2989126157758,85.72191547029142,19.759004323874166,15.827511836795509
110.554822945516,85.70839590360514,19.80674558930532,15.854550970168065
111.0604552054391,85.71099601236907,19.916945755571916,15.84935075264023
111.05356481723283,86.01716429750213,19.930726531984433,15.799351587842125
111.09202512318754,86.05760191345325,19.85380592007501,15.718476355939883
111.09439273843512,85.4936620189341,19.84907068957986,15.72786357258651
111.05036260766232,85.80965909452624,19.937130951125454,15.655195553886486
111.32859743909461,85.52794849703713,19.940155396343183,15.659122640782407
111.55542880714269,85.8541146870648,20.04609686800568,15.566394468485747
111.29129730806935,85.55374093624907,20.014643587309536,15.60742569127437
111.46890337947544,85.57216699115975,20.21933452267379,15.570573581452992
111.51574317888655,85.29380760895192,20.125654923851545,15.564861641262317
111.82643198360141,84.4514573745492,20.06518425382112,15.56684129186996
111.60587161979731,84.50553287440803,19.94628973134736,15.458690292152282
111.34951023155912,84.50598280300157,19.90257458979474,15.457790434965197
111.3559313253138,84.54912735941834,19.889732402285375,15.371501322131666
111.37290082671973,84.83867671636489,19.855793399473534,15.346556794687045
111.64317480551436,84.83750744825633,19.868474966304753,15.348895330904169
110.27287998496513,84.80516045869913,19.84175802086805,15.413589310018548
110.8376126171103,85.09057228371036,19.82050550844102,15.396872035927744
110.88850048315626,85.1030278847226,19.718729776349072,15.371960833903263
110.87993416206425,85.36481135484168,19.735862418533102,15.399942245432605
110.92272268773505,85.3029183551354,19.650285367191525,15.52372824484516
111.00647290387867,85.00291103811772,19.482784934904267,15.570775219694365
111.01362580078894,84.97755931344638,19.468479141083712,15.621478669037044
111.0872692575302,85.2218184038633,19.321192227601223,15.684727395339749
111.1267664053949,85.23120830702346,19.242197931871804,15.66594758901942
110.90273426148171,85.17973056478914,19.141249334252052,15.768903073488076
110.90915379953094,85.96991132175164,19.12841025815358,15.835915129981878
109.7599634983325,87.38782515037333,19.22675632670271,15.750130640048203
109.80897392999488,86.01064963045458,19.12873546337796,15.753799464028042
110.41861794482634,87.85970882358733,19.00682364706357,15.89649782448245
111.5528030630554,87.52036917953245,18.934904314877354,16.02606438652424
110.15978956013801,87.21235249755307,18.970482284716276,16.092007943283832
110.70928021712784,86.36846602949356,18.974900625348575,16.124681397484878
110.46052756567505,86.33470220924005,18.92011240049358,16.19220903799191
110.46151049891098,86.53918322056576,18.91814653402169,16.335779610969013
110.52230544334344,86.54210551888056,18.79655664515678,16.3299350143394
110.96727573738076,86.56637779402688,19.012280115843843,16.281390464046773
110.63304493216572,86.5537971302301,19.125352002488967,16.30655179164036
110.35627284410276,86.69047343075724,19.121355055142015,16.033199190586075
109.00526093664205,86.95975023730824,19.057975094526064,16.047726332591548
109.18018786105908,87.57784398298385,19.260458587113362,15.916213524083071
109.15744472594115,85.69965993790652,19.305944857349232,15.799221734866213
109.10805790106303,86.27664386870923,19.404718507105457,15.749548442693323
109.11123461348386,86.2407119661299,19.39836508226382,15.821412247851988
109.09489694506362,86.04575015274935,19.431040419104292,15.657409288902684
109.03652310997046,86.07741909934205,19.54778808929059,15.594071395717295
108.99435682042616,86.04818943635972,19.632120668379216,15.652530721681963
108.76731575531623,86.11219070887189,19.531423242557317,15.524528176657615
108.83969889972887,86.10124667175164,19.386656953732036,15.546416250898108
108.83449991484748,86.6816281716935,19.397054923494807,15.484244209119119
108.87090477025124,86.71565164872092,19.324245212687295,15.416197255064265
109.20672619089109,86.67729807500135,19.198829860416524,15.492904402503422
109.58067225714592,86.61828311481548,18.99648439699691,15.610934322875138
109.61489328933354,86.84153401978973,18.92804233262168,15.708778875568383
109.68153141600511,86.55074221047606,18.794766079278535,15.745490055811839
109.64643543396205,87.11452556419708,18.864958043364652,15.704745089499113
109.71283219222893,87.02512826593801,18.732164526830893,15.883539686017247
109.41728477780634,86.99325241744174,18.77859181049734,15.947291383009812
109.43217233599782,87.23157262187625,18.7488166941144,16.017060670102865
109.46024453616016,86.91689072156339,18.692672293789716,16.099353041295483
109.46357189426284,87.71882419301735,18.686017577584344,16.13806189759494
108.8987690784046,87.78028028748922,18.71953601083667,16.015149708651233
108.64935989108803,87.8111969709961,18.671766104389356,15.953316341637477
108.6830245565423,87.76870690289643,18.6044367734808,16.038296477836813
108.67944152812518,87.71784869933452,18.61160283031502,16.14001288496061
108.71021632137412,87.72593385980953,18.550053243817157,16.123842564010594
108.68131024639675,87.56027521065735,18.607865393771906,15.909448549227692
108.64206135134116,86.47333285900724,18.68636318388309,15.910675928507397
108.09110144226581,86.4823824208975,18.699489566937668,15.892576804726907
108.05543890968063,86.8401856368399,18.77081463210802,15.721278788469853
108.05880331752697,86.59626063951423,18.76408581641536,15.666477212047807
108.01286480173435,86.66111843331801,18.855962848000583,15.53676162444024
107.67322204822386,86.48670185307925,18.994261589471662,15.344608019367858
106.83426020420724,86.01547852086706,19.052168831561254,15.207043719829823
107.10208815529427,85.53210452084282,19.055177885541962,15.096461807568803
107.09529484934508,85.30458350847378,19.068764497440334,15.014586797599272
106.28015870852714,85.37366782270048,19.0916501071408,14.87641816914586
106.52758768104336,85.94356747945322,19.130691683741524,14.804417898906697
106.2903668973797,86.41671747263982,19.071808894640107,14.924766625391024
106.77005793324807,87.17417494796123,19.181191624182038,15.012998876666234
106.78414812103497,87.15847515622778,19.15301124860823,15.044398460133152
106.55574218255539,87.40191796277769,19.072253821518164,15.095082151082586
105.80154874083425,88.9566631709383,18.969172153584413,15.208528837513384
105.79086939506993,87.16521304661948,18.99053084511305,15.029514675297612
105.75598971219439,87.20401024586494,19.060290210864142,14.951920276806694
105.52648214737123,86.87347876264823,18.984657749364636,15.078335652094268
105.27635341912168,85.03393125083656,18.94937267851851,15.00863298430107
104.99099604462795,85.58606784863005,18.98621666573971,14.972101312246602
104.88622428695817,84.85552316455592,19.195760181079255,14.831665296601347
105.36294128692165,85.40043803493467,19.311850283982043,14.811359658673595
104.88682901086706,87.22445700191652,19.19166749085533,14.916747433035493
105.13493676161038,86.64649945081241,19.231536639977424,15.000493234026207
104.93799524231683,86.86013923346002,19.087363012923955,15.111270334371573
104.8778110930077,87.16512883199223,19.207731311542222,15.03894152407407
105.37341677867866,85.86707829331998,19.29315557835249,14.943453506038052
104.83703430519333,87.34868768208732,19.28978000600044,15.208656286471555
105.04489009659598,85.49167168643577,19.416399673722957,15.126369524079813
104.53536080062128,85.55951484632064,19.349596691686653,14.990683204310074
104.52870757775572,85.58084558774543,19.362903137417767,14.948021721460492
104.76969581475983,85.61684716264014,19.420136771347813,14.876018571671066
104.98581624195549,85.37290457728497,19.526806352466156,14.824993306871718
104.46641742711665,85.30122973731751,19.486194164891543,14.968342986806649
104.34167346414947,85.32694817597645,19.735682090825925,14.916906109488764
104.25256252545388,84.28407315900634,19.913903968217078,14.825098690114547
103.67861953041502,85.15800147014374,19.970586903044826,14.714046650714707
103.93528976034429,85.11485835019191,20.001890695426717,14.800332890618384
104.18888409127135,85.63533433859945,20.041236035146156,14.85244891695045
103.92956163161843,86.7094410865294,20.011895081702537,14.896178912088494
104.50171233096125,87.00184915974478,19.964105036680152,14.859618442489358
104.49309659973986,88.91014486640155,19.981336499122975,14.871538696845697
104.51406171176004,88.89259656745968,19.939406275082597,14.906635294729446
104.46826828836262,88.89092070546693,20.030993121877415,14.909987018714958
104.50827132456959,88.86504021614367,19.9509870494635,14.961747997361481
104.77590662291132,88.82410828859213,19.964117980013736,15.043611852464545
104.8073929663674,88.80217934083188,19.90114529310156,15.087469747985043
105.16967636983435,88.50411152890146,19.726275095499894,15.133908762513673
105.23994906363599,87.9380109901242,19.585729707896615,15.170535706404065
105.5943009390128,87.89145022080645,19.423263518105983,15.263657245039544
105.9711113221583,87.59956521715691,19.21491067090414,15.302159333249481
105.99308232663287,87.29982662657149,19.170968661954998,15.358934416950806
106.2870000272185,86.6981955792019,19.126082202506815,15.476298628243832
106.55333549156022,86.65236226279768,19.137572311977156,15.567965261052247
106.892345158563,86.01186886714845,19.005373664519226,15.757310679255413
107.164659227081,85.94813078465705,19.0075916399466,15.884786844238214
107.98014713997736,85.33220486726665,19.02342330883895,16.01876701589566
108.24908049899366,83.59208366547531,19.03689472656834,16.19098060490643
108.2174343409662,83.56210975303352,19.100187042623283,16.25092842979
108.19379069942167,83.23893454172804,19.14747432571233,16.34102061706933
108.11539800594001,83.44466966142653,19.304259712675655,16.48798726056326
109.78766757877705,83.18671038978728,19.339046883097378,16.44068475115912
109.44519837147037,83.18456404826414,19.46098731964357,16.444977434205406
109.41886948988582,83.19218221506536,19.513645082812666,16.42974110060296
109.70522186095256,83.42093513813644,19.506456820921642,16.537751734703257
110.17301489986944,84.23923001357849,19.705158355557693,16.6025934025239
110.15065700288399,83.98288957176543,19.7498741495286,16.544020795971253
110.66690168726291,84.0075448117958,19.859384178852043,16.494710315910506
110.65062498592457,84.02486567385255,19.891937581528733,16.460068591797018
110.88619512159062,84.3505111414436,19.992631715033056,16.380612061451306
111.07451193256867,83.0014561875355,20.18809856506374,16.21821960933353
112.14259844780219,85.32651480708718,20.341825794398414,16.147902889833595
112.16452400842813,85.86130308176355,20.297974673146506,16.225709825056633
112.22776051077403,86.10348487145512,20.171501668454695,16.31562789759153
112.72049327213905,86.09732808585117,20.333631705065905,16.327941468799413
112.58474864213487,85.86709621813698,20.605120965074253,16.211919787840966
113.12014628447778,85.8830353074326,20.691851818280863,16.180041609249727
113.1194422902813,85.53672413808968,20.693259806673844,16.293092009997096
113.05838982827348,85.47833882945454,20.815364730689474,16.409862627267383
113.48709196430244,85.22123794935965,21.1283540914667,16.33886757103959
113.74278899978852,86.09926737406883,21.205788563948996,16.34929435198468
114.61415309440868,86.3817518159108,21.233603566173166,16.374506532122208
114.84428680363999,85.74887198928545,21.364352707474346,16.458233065845334
114.91284595911416,86.04718158887073,21.227234396526,16.455991077382116
115.46984738085285,85.7529510680587,21.297724027962797,16.45220588154909
115.74977620001604,86.0961308139461,21.33112787556539,16.35910787570325
116.55046738593204,85.76769486602326,21.506508922247868,16.423725298710764
116.46298089599694,85.51538995706929,21.68148190211808,16.332350870743067
117.05004525035166,84.83281301821408,21.701672182929396,16.503185758932677
117.40992776877482,84.80141738960808,21.582164413159546,16.565977016144696
117.31821806282835,83.3337852400975,21.765583825052484,16.503949710621157
117.58757640305046,84.27656830119915,21.828111230362147,16.422115845679414
117.58858691050924,85.12745663638063,21.8260902154446,16.522918810405653
117.79181164858149,85.41731196760632,22.02211678978964,16.545684198443812
118.10414541019803,84.46220694444753,22.003283518087166,16.638391490169635
118.65526693106412,84.482834299866,22.115165103720933,16.59713677933269
118.99778124464048,84.50218338945456,22.038228754697876,16.558438600155576
119.30168251653424,82.65708106030281,22.03671431917696,16.610914608859446
119.70062053969843,82.91655443999498,21.845961017800157,16.699090594426718
119.7068125961758,82.88371610351852,21.83357690484545,16.76476726737963
119.67618114631514,82.89638528727333,21.894839804566736,16.739428899870013
119.6467220365456,82.95320711262937,21.95375802410585,16.625785249157936
119.87503121076655,83.30658678769414,22.103241358529395,16.525127581893855
120.1775539718159,82.95116593752601,22.104928894966722,16.629236223694093
120.23534140862124,82.95767459059827,21.989354021356043,16.61621891754959
120.83606562300113,82.97001099491949,22.000881346029423,16.59154610890715
120.84897461321295,84.59241702629531,21.97506336560579,16.37803604417502
121.27319753841473,83.35527020349383,21.728993317761372,16.442826479541328
121.6636971453587,83.98072527698722,21.54768235584107,16.39129283648982
123.28050147012212,83.55721574129382,21.294488781162997,16.642228892906843
123.56053071032457,84.23063511954267,21.33073480406552,16.48799914302392
123.88683419346823,84.26217200223758,21.27247649224606,16.424925377634096
123.98010300002286,84.2295793198473,21.08593887913678,16.490110742414657
123.9647844408028,84.19045041220761,21.116575997576923,16.56836855769405
125.15810455619828,84.15901933476209,21.0994643593549,16.631230712585065
126.10931880558526,83.80727501101799,20.976460751611363,16.741577729729812
126.40006262627222,83.51188878679064,20.988021242143645,16.73930204627832
128.55625804380472,83.70930093522597,20.827949528733498,16.937666195358346
127.82049487962917,83.36475557623518,21.111586421219627,17.032812195407406
128.10570794180657,83.93272130235177,21.141000324731422,17.09656079890749
128.5304056117081,83.85481575707007,20.89292861388615,17.252371889470886
129.74738314976463,84.70579309129303,20.859089712592056,17.350504352139183
130.01317887659093,85.23777813082216,20.928589612641986,17.488716980486032
132.48468347061777,84.93496840486854,20.82070315249664,17.489946091404722
132.51786643256344,84.92717340133999,20.754337228605344,17.50553609846186
133.53814337212992,84.54519480886552,20.519706538217434,17.667518887162398
133.63399196771428,84.4284595293799,20.32800934704877,17.90098944613365
135.4353462375483,84.28352939529805,20.335669337190115,18.190849714297347
135.46683004917526,84.0640092259779,20.27270171393613,18.0234083118435
135.64283801863334,83.84206477459381,20.52351400561647,17.864468984015225
137.0769140690106,82.4411098933409,20.67622433473754,17.64551631664546
137.37676638341273,82.51644683301357,20.679539676948632,17.494842437300086
137.62630929747394,82.61976518763673,20.78110199435274,17.288205728053793
139.31657611001805,80.9492189174245,20.993881160596757,17.035985477146042
140.38653849073248,82.87542769035261,21.24629295357319,16.772072762897757
140.30839670231896,82.60052160143613,21.402576530400232,16.72420793846409
142.0232690633945,84.2409647344545,21.56857597351721,16.439775143484088
143.6211526722812,83.66625467612357,21.35877278497454,16.394809648453677
144.00222455911677,83.63717998662439,21.189887426259332,16.45295902745203
145.59819276588604,83.59318519850162,20.956081833562536,16.540948603697593
146.77843902632503,83.5711899178762,20.953509998049814,16.584939164948413
147.4674819819934,83.50427977434963,20.75573418856926,16.718759452001574
148.28991386387733,83.20342206546255,20.878748848284907,16.731182061947884
149.11725214304397,83.23660435542573,20.99821625640796,16.664817482021533
150.63521828243324,82.80482582992022,20.922965754009336,16.936238177756557
150.95020542086888,83.05677123811907,20.888372425018883,17.027728309239688
152.667462051739,83.30999132538835,21.031837005708887,17.117617775106144
152.89604650491702,83.5151908011547,21.174655827755096,17.307206551975668
154.8910277922109,83.39644340796616,21.421429094564317,17.544701338352738
155.09674977445383,83.06310485104314,21.622865268204308,17.598498314072963
155.3662760326972,83.26281336064919,21.70065863827826,17.81592718142153
157.1634921426711,83.80637104946767,21.83556376274738,17.971924251923518
157.07007586661948,83.76873862380602,22.022396314850617,18.047189103246836
157.6061029538796,83.97170750121187,22.21082272972756,18.271491643133736
159.6848446649604,84.30482658846935,22.510671320863842,18.242015184804202
160.4553816843093,84.05100231022816,22.89227875633804,18.10876991656259
160.7008596034975,84.36313989282006,23.045909200584013,18.129081034001167
162.62491439014252,83.96981492035502,23.081409051586064,18.268462741549207
162.51603709911814,82.34225545604747,23.299163633634873,18.273204770121787
162.8338878179966,82.30429291741845,23.316947963020148,18.349129847379842
163.45421701435424,80.53535782176255,23.38627297864282,18.612041517846798
163.75958295589106,80.63727562957793,23.435862666177016,18.40820590221603
164.08199959792216,80.62586335118263,23.448800875226095,18.43103045900662
166.08130332831527,80.58141598142124,23.4002357001335,18.5199251985294
166.08303047504748,80.62269775430657,23.3967814066691,18.43736165275873
166.39173310542498,80.95734604842764,23.437023173567283,18.425712092169757
166.38825615875447,81.05141528885082,23.443977066908307,18.237573611323413
166.55772774990126,80.89899118740075,23.760154835491825,17.887300863346447
167.12117026347536,81.1995910758738,23.941736194311908,17.940334279384473
166.6973994597422,81.30785124909445,24.1314126457142,17.723813932943152
168.6677152666018,81.29616508982151,24.13400270533134,17.747186251489037
168.6474217315874,81.57011196827628,24.174589775360097,17.856918699777466
168.64711114453974,81.81231636756277,24.17521094945542,18.03255148934082
168.82326044849378,82.16907614868593,24.48583940435431,17.98195898990141
168.65148181613773,82.57217864400053,24.82939666906639,17.842574595883242
169.00618651660272,83.99574207445161,24.78973110979024,17.67442310159636
171.11845587357675,84.0085971653505,24.563447011373455,17.6487129197986
171.24994941231967,84.01093887902496,24.3004599338876,17.644029492449686
171.37107514985777,84.06635500711396,24.05820845881139,17.5331972362717
172.59118207643638,84.15577890303513,24.229852861419662,17.354349444429356
172.47370170063473,84.1501445021783,24.46481361302294,17.365618246142986
172.68973381805637,84.49737377638043,24.689120338328383,17.327530657887483
172.4043219301989,84.51221261760746,24.600808433724318,17.297852975433408
172.6499543425203,84.59863781422905,24.766854547380156,17.125002582190238
172.9770175702301,84.6317909506322,24.76969252126223,17.058696309383937
173.2504595871182,84.64098257078547,24.878719055761145,17.040313069077406
174.23509922073004,84.7230474805999,24.881191812418344,16.876183249448523
174.18968447967367,84.74275298813578,24.972021294531082,16.836772234376795
174.2740781255704,84.7221737774996,24.803234002737625,16.87793065564912
174.31644334997202,84.63813504846712,24.718503553934394,17.0460081137141
174.7035570039797,82.39995245323259,24.59920460242261,16.937874808657767
174.74339005983626,82.75293408991472,24.519538490709547,16.883251140763807
175.02154794433568,83.40420215813792,24.6124567392341,16.8791830393643
177.10847670653655,83.378166398328,24.342008303198984,16.931254558984143
177.12752968755075,84.32891581944324,24.30390234117063,16.971799722726
177.2002513119632,84.23755064304441,24.15845909234573,17.154530075523652
177.31674315598698,84.20362889363776,23.925475404298155,17.222373574336963
177.37677101302438,86.40890968405573,23.805419690223342,17.332723690730727
177.5052733376373,84.36876242986703,23.548415040997494,17.537996752014713
177.62748002579445,84.9246989053379,23.30400166468318,17.716717768078954
177.49956984871085,84.97619940289076,23.559822018850433,17.61371677297326
177.7915841310518,84.94074934693279,23.622503054872663,17.68461688488918
177.8133012022639,84.86257185837806,23.57906891244848,17.84097186199863
177.9273459743925,83.51586273776681,23.350979368191226,17.9315204414244
177.59453784178996,84.82782182849283,23.36787953482689,17.902466654250162
177.96862802966763,84.44513332232354,23.268199537671812,18.01934328798848
178.10905515754393,84.43939357053866,22.987345281919215,18.03082279155826
178.81809307702105,84.41487575913649,22.85882009048524,18.07985841436259
178.61060515482208,84.3267795855208,22.63019144324461,18.256050761593983
178.84108620092945,84.09386037177052,22.812185340949974,18.07893319917443
178.48604922566787,84.1180564680194,22.879384089439462,18.030541006676668
178.58286869098916,84.15526775957062,22.685745158796863,17.95611842357424
178.60797490522847,84.48960537367691,22.635532730318253,17.926388155691637
178.3922588899987,86.35848080893732,22.429271483173675,18.01479695079561
177.18502290221318,86.03461345041231,22.299882452670975,18.026566416327213
177.47949089384443,85.85090886528971,22.34511662222716,17.75980543375368
177.46490531659464,85.91822439614687,22.374287776726774,17.62517437203938
177.70577974033702,86.00017380702089,22.521340779623095,17.461275550291333
177.7836353963493,86.07419887115314,22.365629467598538,17.31322542202683
177.79377512373526,86.10453081607248,22.345350012826586,17.25256153218813
176.9298159498989,85.4907545190992,22.20637298286851,17.235517207714206
176.88298402191234,85.57631954043742,22.300036838841645,17.06438716503773
176.4907881460445,85.31499306842704,22.465888718772174,16.968500237253366
176.5502775037215,85.05661701443601,22.34691000341822,16.865748782516693
176.3099927051868,84.8024902671222,22.21146744798335,16.757990124640088
176.1796591122811,83.01494712709864,22.47213463379478,16.659947840601543
175.81363964709286,82.98733080299438,22.58962199486594,16.71518048881007
175.76203642948778,83.55830550435667,22.69282843007609,16.807716144146255
175.50097787272608,83.4660361743774,22.594618132393425,16.992254804104782
173.71257437218952,83.7740517550777,22.44030933066281,16.998076276504772
173.96302094585502,84.10101990964958,22.55901302827908,16.96373681230834
173.9779961861472,84.06390852680254,22.52906254769473,17.037959578002415
173.68414831813044,84.30365356652696,22.495157489700365,17.180070292581433
172.9991830795275,84.65738543155719,22.618280932373395,17.096010079787394
172.78262924789428,84.60236220105178,22.42748007920562,17.206056540798205
172.7454990741162,84.59936363023806,22.501740426761796,17.212053682425644
174.0420350760537,83.07866629405544,22.40477085618441,17.1333203131688
172.40344279839653,83.05899281777538,22.575645115809603,17.172667265728926
172.36010578808367,83.08361655966726,22.66231913643531,17.123419781945167
172.3504462635943,82.82150392783599,22.68163818541406,17.022617763466858
172.0067691423957,82.5392694346331,22.745318324277207,16.963412646338586
171.0849030279661,82.3719758648781,22.718025919561356,16.674324907990215
171.11576777471745,82.39616111845639,22.656296426058645,16.625954400833624
171.0403084708351,82.35764734542641,22.80721503382336,16.702981946893573
170.92878082464583,81.99826765069241,23.030270326201887,16.801392763638464
170.60110862093276,81.9115652786081,23.060264853393925,16.974797507807097
170.1475172444971,81.98811141924519,23.33879771010947,16.821705226532924
170.285894121705,82.27130725505425,23.69240755481724,16.885677154038387
169.9715910936476,83.06096143733316,23.684240236158363,17.216688913801725
169.92041772815728,83.31685011609031,23.78658696713898,17.34700433949054
169.9987611961401,85.12611811228615,23.62990003117335,17.60318149079057
169.81315184073702,84.36198715094612,23.35351520983062,17.836236349172907
170.16710035848723,84.9726328831463,23.2928192652988,17.90934706670982
170.14103938260106,85.25753071006075,23.34494121707115,17.98701829164603
170.0222389277259,85.48155339553713,23.582542126821487,18.188501246686307
169.87781800839286,85.47572439821293,23.87138396548753,18.200159241334713
170.10788830596135,85.44307396938889,24.07228076598266,18.265460098982807
169.8834925035017,85.38983243955309,23.855905923034236,18.37194315865439
169.9972076071843,85.35527639152191,23.628475715669097,18.44105525471677
169.8666366154453,85.71033949957595,23.88961769914708,18.392181005810926
170.06647194017887,84.35091091397167,24.15439362779927,18.453251864542178
170.39059493561462,81.64955245578432,24.175630833152915,18.50010321111557
171.0275603406805,81.63208552532416,24.24284268773476,18.535037072035898
170.63478343998437,81.54803251554135,24.356229948736242,18.703143091601504
170.52934258893407,81.55986305586472,24.567111650836893,18.67948201095477
170.13216622611776,81.52616781164971,24.6819953380766,18.74687249938479
170.3938539470468,81.19104198635914,24.840940529101395,18.734803517083055
170.28474927019255,80.51895570231434,25.05914988280989,18.709884489710614
170.22206793336312,82.26470823476308,25.184512556468764,18.65568274404562
170.07179509744503,81.03128834092901,25.485058228304922,18.36860193678569
170.4721485396514,81.00841446062117,25.372683104848363,18.41434969740138
170.1058352016438,81.06840574192267,25.417930368989943,18.29436713479835
170.16903512245992,81.34566377743042,25.291530527357665,18.42594468007172
171.16140007274632,81.62339503198655,25.36581597644372,18.55682062084577
170.77159130364436,81.98467020127265,25.455819429352413,18.523884367568783
170.76190438148922,82.10762104848507,25.47519327366271,18.27798267314396
170.75099927938885,82.11276471675153,25.497003477863387,18.267695336611038
170.81402128412617,82.1098648342603,25.370959468388786,18.273495101593493
171.8740360371832,83.22041948918493,25.30604531095696,18.107501140426475
171.29907385794863,83.26212270416595,25.09332124832971,18.024094710464453
171.70916537504797,82.94167868226663,24.949867256502493,17.98825371189156
171.73942338825955,82.86477522290815,24.88935123007934,18.142060630608515
171.74021097471427,82.83243040012228,24.887776057169905,18.206750276180255
171.8810194198832,82.82296692087684,24.60615916683206,18.225677234671142
171.82194003600142,82.91804908697209,24.724317934595597,18.035512902480633
171.87158977085326,82.96106344847054,24.62501846489194,17.949484179483726
172.30686186534862,82.65950114205457,24.422875274424726,17.884207793792164
172.27976006157206,80.77078716631551,24.47707888197786,17.676069796964196
172.30566456276125,80.77148125197776,24.425269879599426,17.674681625639703
172.40971072729585,80.38837122013808,24.217177550530263,17.780044538773875
172.27743716714818,78.49488070063286,24.481724670825578,17.610454662811275
172.50418506678616,78.46424082497029,24.688886097562598,17.671734414136413
172.1609235490331,79.09561821255315,24.710604894045915,17.73858811701639
172.21688795625607,79.03534346404446,24.59867607959994,17.859137614033763
171.43765823347348,78.93557096633137,24.157582261731605,18.058682609459925
172.6498680904474,79.33583405989751,24.38550798674693,17.921242782068433
172.94546243953346,80.63137376663218,24.458620179358732,17.987366931734833
172.57594502547082,80.62712417250778,24.531159216877978,17.99586611998364
172.20403015302705,80.91246507020463,24.60725193005726,18.09292135629818
171.77427324309227,80.83750931237972,24.79628127881835,18.24283287194801
171.68660504513218,80.78238212109845,24.97161767473855,18.353087254510537
171.9649837372576,80.78178752271818,25.095145872562494,18.3542764512711
171.6001933773904,80.7332567371778,25.142545484865828,18.45133802235186
171.51384947406478,79.59078177795371,25.3152332915171,18.682808488250217
171.1098325733327,79.58511998802005,25.432355450420022,18.694132068117504
171.40390953743253,79.14048824939198,25.537078397982935,18.890518669611076
171.36978721346426,77.42126053316714,25.60532304591948,18.840538789537458
171.06949561126282,77.76602026471015,25.508001170476717,18.848924406297073
170.72078182068466,77.7801889912507,25.508865169785405,18.820586953215987
170.7936029642957,77.81367021012485,25.363222882563313,18.753624515467653
170.0680209660504,77.77245981788694,25.428783988513214,18.83604529994349
169.76672334050582,77.74892494890854,25.33623090031728,18.883115037900286
170.08047905644796,78.1448075694443,25.403230846823522,18.78586117521934
169.359039026164,78.0542976059071,25.45823537870753,18.966881102293744
168.73276593725427,77.57603762383926,25.315304578378317,19.225662577355088
168.77725033204942,77.58283332371755,25.226335788787978,19.212071177598492
168.51422795607846,77.24717764904311,25.054167243150083,19.185169229367542
168.363018176735,77.3856508678351,25.356586801836983,18.908222791783558
167.7722513876873,77.40677388083452,25.1476564065091,18.865976765784737
167.37275965253866,77.13516760166476,25.255278868749393,18.717828316067212
165.42130772870178,76.8368605326207,25.014738704404465,18.62386845215224
166.08121617858802,76.0567496851561,25.06567635925643,18.813335592456955
166.1377485007525,76.09498134612586,24.95261171492744,18.736872270517427
166.05825449288253,76.09516898423473,25.11159973066742,18.736496994299713
165.9457330548024,75.77093381723822,25.336642606827684,18.696273104370796
166.10164279444297,75.77239160004929,25.716280803735593,18.69335753874865
165.37204581054826,75.77999756030172,25.781125310874856,18.67814561824377
165.30940694343542,75.3543223128068,25.906403045100525,18.831587544992047
164.99309925378088,75.24945137557783,25.836688961444594,19.041329419449994
164.85124731909985,75.1412682169664,26.12039283080665,19.25769573667288
164.78036918194218,74.75302446248196,26.262149105122056,19.321613660078974
164.45349127240726,77.22984158493077,26.20013364874169,19.378378343332436
162.99417111796853,76.87218831725966,26.25573736393977,19.377925730254805
163.2682693686179,76.46583885350378,26.424137750924977,19.474027769482667
162.85181805292012,76.8283363714707,26.536309291370312,19.469763824499033
162.54012019459716,76.76251019313028,26.437339739636,19.60141618117987
162.4556041165275,77.11198192231426,26.606371895775357,19.62549168684252
162.5921914084025,76.76509092138886,26.333197312025344,19.593290796625126
162.52191356181888,76.49290428368596,26.473753005192577,19.416361985272502
162.1535768167349,76.43672858554623,26.489887199493147,19.528713381551942
161.8349923503324,74.62002285779604,26.40442958372573,19.548992094190638
159.6469171976733,75.30889047714207,26.45062039787654,19.614576685887734
161.1279194179242,75.17267544429544,26.382361723518446,19.887006751580984
160.6802795459466,76.30870673694636,26.550787145726623,19.795507131520097
159.95566874279422,76.24733346025926,26.54416459284052,19.91825368489429
159.94683299953235,76.2143209191132,26.56183607936426,19.98427876718639
159.8627348527761,76.15246017034085,26.730032372876746,20.108000264731103
159.48028955553616,75.76609299080894,26.759161440600323,20.144973097038626
159.34915758394752,76.03093071129072,27.021425383777643,20.352107132848175
158.627714012243,75.54284604945049,26.975933876066666,20.584087130968644
158.90566357677372,75.10913651506861,27.167318529459195,20.704222417278395
158.47508489352424,75.11900662330336,27.276312994132645,20.684482200808908
158.38919031138948,72.0425631112959,27.448102158402133,20.809348838636055
158.33584409417207,72.00243107895734,27.554794592836984,20.889612903313186
158.23863704568018,71.58130858932051,27.749208689820783,20.970761132098872
157.79988422208433,68.81382160150166,27.861329447044547,21.148040877961183
157.42565421380965,69.16217940014144,27.83980068911213,21.221314055163432
156.99445807368346,69.60891632783085,27.93133657753982,21.09869659160923
156.8349965858157,70.02871975485878,28.250259553275345,21.0293396115018
155.87588947770757,69.92586926753958,27.846560632982595,21.2350405861402
155.66457829506325,71.84133235918698,28.269182998271244,21.26003167573643
155.20675162671668,71.83210347372443,28.40680371837768,21.278489446661535
155.23910956240977,71.48784279594094,28.342087846991483,21.1865810148284
154.84528831792505,71.4022158839142,28.351788941718638,21.357834838881864
154.4594949089752,70.57746883196144,28.342486493551846,21.445550410654302
154.44011989805693,70.56394102633864,28.38123651538838,21.472606021899896
154.1369146727152,70.5674097830985,28.20443396140539,21.465668508380205
154.20440901386374,70.60741835156342,28.069445279108315,21.385651371450336
154.1422901207577,72.55145087343263,28.1936830653204,21.382787443261165
153.77315894164295,72.13587686130087,28.153057695472715,21.435047739447487
153.76343227834784,72.03808175783321,28.17251102206294,21.63063794638281
153.76669115254896,72.04024005046206,28.165993273660725,21.626321361125115
153.78692585722,72.09359714399379,28.125523864318595,21.51960717406167
153.8243120875237,71.94452662498507,28.050751403711246,21.8177482120791
153.64166404667213,71.90484354893289,28.416047485414392,21.89711436418346
153.2676826846384,71.91801753332133,28.373341376588204,21.87076639540658
153.1891247732996,72.00278977831127,28.530457199265793,21.701221905426713
153.22829768344644,71.94163686249105,28.452111378972106,21.82352773706713
153.59201578388004,73.44687887223762,28.514695289943877,21.973124164929718
152.3544755787524,73.40790590584673,28.60953500725619,22.0510700977115
152.3341316445154,72.94406939309583,28.650222875730204,22.182611433986956
152.57749455882427,72.17073319945627,28.9623926119449,22.131492691601245
151.79098111719074,72.13796223110728,28.929762740263136,22.197034628299207
152.15181706306748,71.83295052591556,29.01149006897745,22.003658818214763
152.13069691862546,71.86553136735608,29.053730357861514,21.938497135333733
152.437177831129,71.87755398029579,29.24183896631298,21.914451909454318
152.40281264868403,71.86988931704832,29.310569331202867,21.929781235949257
151.9592194327431,71.47042667794439,29.392916638786897,21.923867389859318
151.89902922471003,70.57474180289071,29.51329705485304,22.103246097587324
151.89032021777965,70.40609206804001,29.53071506871386,22.44054556728872
151.89654970294745,70.36100801036898,29.518256098378238,22.530713682630775
152.21987736155495,70.28664718333356,29.68942091085336,22.679435336701623
152.07437389050563,70.18080915530278,29.980427852952005,22.89111139276317
151.23541551423318,70.03439011480737,29.99684591427959,23.183949473754026
151.67637683515466,69.51952973188949,29.95069626073692,23.37789725128948
151.6071617709386,69.47408356636134,30.089126389168996,23.468789582345778
151.13280984887993,68.62099133680144,30.19601094263605,23.49133546016499
151.09545188148647,68.16174093739329,30.270726877422995,23.566016084456646
