76.5,79.5,64,52
75.6395689531403,78.82452291468687,64.72086209371942,52.35095417062627
75.40567211017562,78.63066114893599,65.18865577964877,52.738677702128015
75.33242017946469,77.69605526370259,65.3351596410706,52.75335528822283
75.20765797255251,77.5589596839713,65.58468405489499,53.027546447685395
74.25005307687917,77.5882136186713,65.63460344615287,52.96903857828539
74.05231142987421,77.79102245714921,66.0300867401628,52.56342090132958
73.10163272093516,77.73813146927498,66.06684249560978,52.66920287707805
73.10798023354658,77.75351654769932,66.05414747038692,52.638432720229346
73.19922804812849,77.74057668302521,65.8716518412231,52.664312449577594
73.27347826735817,77.74364474331053,65.72315140276372,52.65817632900695
73.29561492748937,77.56810695632169,65.67887808250134,53.00925190298464
73.3349504965567,76.71905610394433,65.60020694436668,52.84091339488619
73.31389599367506,76.6694290951221,65.64231595012994,52.94016741253067
73.26916560960326,76.71165214048821,65.73177671827355,52.855721321798434
72.44468755513171,75.84839104541634,65.51596729653734,52.71747798126287
72.37279096329935,75.86167411182927,65.65976048020207,52.690911848437004
72.31987046206572,75.88809010997282,65.76560148266931,52.6380798521499
72.35947220516499,75.80656459883292,65.6863979964708,52.801130874429695
72.38137535721981,76.00223077327787,65.64259169236114,52.4097985255398
72.31013518808028,76.06113586070319,65.78507203064021,52.29198835068918
72.3028625868323,76.06844786239262,65.79961723313615,52.277364347310325
72.35959117225626,76.09460764104736,65.68616006228825,52.22504479000082
72.36996009795507,76.14429971280879,65.66542221089063,52.125660646477954
72.37298606701464,76.34219453196135,65.6593702727715,51.72987100817285
72.43188723602432,76.30035964664945,65.54156793475212,51.813540778796636
72.42054834298665,76.38666948826383,65.56424572082746,51.64092109556787
72.35008407903204,76.4414977555914,65.70517424873668,51.53126456091276
72.4352671759992,76.52798763671575,65.53480805480237,51.35828479866403
72.58146975984602,76.57006385573935,65.24240288710874,51.27413236061684
72.68134298449985,76.60633548777238,65.04265643780106,51.20158909655076
72.66783135838986,76.71091831397628,65.06967969002105,50.992423444142986
72.73787528339537,76.77721779355684,64.92959184001003,50.85982448498187
72.79005082942388,76.83892563275889,64.825240747953,50.73640880657777
72.81027162977394,76.87717797919458,64.7847991472529,50.65990411370639
72.8536645780331,77.87947252288444,64.69801325073456,50.469936672712564
73.03192542782308,77.86380744985723,64.3414915511546,50.50126681876695
73.08105851991316,77.76143502631209,64.24322536697446,50.70601166585725
73.06440866699053,77.69514941487773,64.27652507281971,50.83858288872595
73.08047499805511,77.7857618833104,64.24439241069055,50.65735795186063
73.11194125909999,77.7804225556927,64.18145988860078,50.66803660709605
73.1061909475017,77.75591846303689,64.19296051179737,50.717044792407634
73.13330248605038,77.67661941444541,64.13873743469999,50.87564288959062
73.2467390878779,77.79715752066676,63.91186423104499,50.634566677147916
73.23370403773748,77.79796209468505,63.93793433132582,50.632957529111344
73.242813210097,76.88886529002932,63.91971598660677,50.649929209724476
73.24331572267138,76.91668400676681,63.918710961458004,50.59429177624948
73.219634727394,76.96238113538638,63.96607295201278,50.50289751901036
73.20336819349909,76.97139220373482,63.998606019802594,50.48487538231347
73.17288138448833,76.89902692202891,64.0595796378241,50.629605945725295
73.125615945394,76.89158608339939,64.15411051601276,50.64448762298434
73.14532478170663,76.8975103394776,64.1146928433875,50.632639110827895
73.15013952124592,76.86784165709257,64.10506336430893,50.691976475597976
73.23112165579013,76.84297950290295,63.94309909522052,50.74170078397721
73.34680540417838,76.81565119714688,63.711731598444004,50.79635739548935
73.41453687601262,76.88600138702813,63.57626865477552,50.655657015726874
73.51145954385092,77.03937000391734,63.38242331909893,50.348919781948446
73.58552688067005,77.18094635421986,63.23428864546067,50.065767081343395
73.56309227796591,77.17672781096303,63.27915785086896,50.07420416785705
73.66064282077416,77.13700151783347,63.084056765252456,50.153656754116184
73.73523695410944,77.1189392378824,62.93486849858188,50.18978131401831
73.99962464172383,77.24343366321058,62.406093123353116,49.94079246336196
74.58367986859821,77.21005364507317,61.237982669604335,50.00755249963677
74.83510727339637,77.31622772188409,60.73512786000802,49.79520434601495
74.9098744050908,77.29758428378045,60.58559359661916,49.832491222222224
74.75329296642028,77.55971451412569,60.898756473960226,49.30823076153173
73.56778346489244,78.19335653976246,61.53663360209008,48.0409467102582
73.72075169083551,78.27687077908195,61.23069715020392,47.873918231619236
73.94766335446971,78.31242684323672,60.77687382293553,47.80280610330969
72.88674748959912,78.12464473688922,61.19184374885894,48.17837031600467
72.71051882833254,78.08936092716509,61.54430107139208,48.24893793545294
71.9351056730348,77.85557174170745,61.36927218957547,48.71651630636822
71.71667429143716,77.69871077770816,61.80613495277073,49.030238234366806
71.70898010329502,77.5571283924088,61.82152332905503,49.31340300496554
71.82232300440162,77.61867464599928,61.59483752684181,49.190310497784566
71.90198269353527,77.86353655044535,61.4355181485745,48.70058668889243
72.22637783000368,77.86871371334898,60.78672787563768,48.69023236308516
72.07402101588696,77.77666012964124,61.091441503871145,48.87433953050062
72.1608109963769,77.88681828289319,60.91786154289127,48.65402322399673
72.3305800596487,77.02830272997718,60.578323416347686,48.64821698520302
72.39219827393858,77.04459508580601,60.45508698776792,48.61563227354536
72.43728764722783,77.27828930391055,60.36490824118938,48.148243837336295
71.58994071782439,77.76324756895555,60.353443153712206,47.17832730724629
71.64291722643267,77.6203054221563,60.247490136495635,47.46421160084478
71.53559585074687,77.59407075334941,60.46213288786723,47.51668093845856
71.35139620996232,77.47852105726321,60.83053216943634,47.74778033063096
71.37730948883414,77.51805446896398,60.77870561169268,47.66871350722944
71.38842729558237,77.60245641677221,60.75646999819621,47.499909611612956
71.35888287781395,77.47848941778642,60.815558833733064,47.747843609584535
71.51067090663537,77.35195078850411,60.51198277609025,48.00092086814917
71.59743942382475,77.28720479804878,60.33844574171146,48.13041284905982
71.65546128494327,77.25986884874003,60.222402019474444,48.18508474767734
71.61166457856118,77.15521613368908,60.30999543223862,48.39439017777922
71.5718393152244,77.05774234772743,60.3896459589122,48.58933774970254
71.59344336096183,77.07633672065776,60.34643786743733,48.552149003841876
71.6172852608115,77.14103186270178,60.298754067737974,48.42275871975383
71.70740939522766,77.13886466331,60.11850579890566,48.42709311853738
71.85643876776528,77.22832306429507,59.82044705383041,48.24817631656727
71.88285154011317,77.23619649288977,59.76762150913464,48.232429459377826
72.02030406737978,77.15065586102216,59.49271645460139,48.403510723113065
71.95284294067439,77.14019158388297,59.62763870801219,48.42443927739144
71.89044813626022,77.1459542393168,59.75242831684053,48.4129139665238
71.04485980390024,77.08982672281743,59.74255548842335,48.525168999522535
71.0045942390057,77.16016839704672,59.82308661821244,48.38448565106396
70.88821439436089,77.08851189187041,60.05584630750205,48.527798661416554
70.94926802528974,76.28279748019679,59.933739045644344,48.43165978196763
70.77500235568019,76.15162411207207,60.28227038486348,48.69400651821707
70.7468432032982,76.21331000020905,60.33858868962744,48.570634741943124
70.71219283501595,75.33201110237282,60.40788942619193,48.62063155918039
70.80672508884658,75.37370025584474,60.218824918530686,48.53725325223655
70.82021110074436,75.36762766361777,60.191852894735135,48.549398436690495
71.03965977380058,75.2637325492183,59.75295554862269,48.75718866548942
71.08820104499225,75.37176929194011,59.65587300623935,48.54111518004581
71.2531384567375,74.59710859177521,59.32599818274884,48.388796097892275
71.51433146599945,74.68671357026696,58.80361216422496,48.20958614090877
71.61013374759364,74.22997482675908,58.61200760103657,47.43988220578607
71.54898457027943,74.53832726811711,58.73430595566499,46.82317732307
71.5480184649809,74.52926020540508,58.73623816626204,46.84131144849406
71.44384756476406,74.87867746533709,58.94457996669573,46.14247692863002
71.19985689502546,75.0738756158202,59.432561306172914,45.75208062766382
71.20806427249416,75.07352975234704,59.41614655123553,45.752772354610144
71.33424488346233,74.98883515833583,59.16378532929917,45.922161542632544
71.47989639859945,75.00559034869467,58.87248229902494,45.88865116191488
71.38572804945937,74.90604486091993,59.06081899730509,46.087742137464346
71.39912228068486,75.0849820678616,59.03403053485411,45.72986772358101
71.52488059057995,75.03832592559982,58.78251391506394,45.823180008104586
71.55177438126309,75.81175981242629,58.728726333697665,45.92048252845624
71.54597154155834,75.99607631900392,58.74033201310715,45.55184951530096
71.40412686471777,76.55901892461593,59.02402136678829,46.065074550741485
71.54415611268269,76.61317497151049,58.74396287085848,45.95676245695236
71.70542364282876,77.28902828131625,58.421427810566314,46.250809047766694
71.84294783940723,78.19054860442304,58.14637941740938,46.09336205378459
71.88258874762099,78.17408593750801,58.06709760098185,46.126287387614624
71.81765687640771,78.95408304108216,58.19696134340842,46.20443788412369
71.80351950539071,78.93993067128079,58.22523608544243,46.23274262372642
71.62740775091297,79.74074805073917,58.577459594397894,46.27340289033664
71.490902778832,80.60580966755913,58.85046953855985,46.191629649881
71.58468460093815,80.6813423851105,58.66290589434754,46.04056421477827
71.54272072458338,80.56022301208804,58.7468336470571,46.28280296082316
71.72129746264656,80.66637181760828,58.38968017093072,46.07050534978272
71.77479024097396,80.32947839127866,58.282694614275925,46.744292202441954
71.69149059853768,80.19225436062972,58.44929389914848,47.01874026373982
71.56020461415469,80.15812411440729,58.71186586791448,47.0870007561847
71.49355231119941,80.2127953090778,58.845170473825036,46.977658366843656
71.491544775447,80.20243339868168,58.849185545329846,46.99838218763591
71.50170663636305,80.24396240711998,58.82886182349774,46.91532417075931
72.2763371634478,80.1980328229738,58.94221926833252,47.00718333905165
72.24929111412419,80.2094662550051,58.99631136697978,46.984316474989065
72.26641245705369,80.17680049583517,58.962068681120755,47.049647993328925
72.2077878650635,80.00446987610083,59.07931786510115,47.39430923279761
72.19816114735383,79.88867039554762,59.09857130052049,47.62590819390404
72.18719791097266,79.02349797417355,59.12049777328285,47.67798206000501
72.99153219069032,78.10915248584023,59.19127998773554,47.827222262783636
73.00500827528282,77.31105968858134,59.16432781855053,47.7404542308133
72.98775791376619,75.6330179553658,59.19882854158378,47.73426751726451
72.89756090234201,75.52029921051746,59.37922256443214,47.95970500696119
72.84141991159873,74.86819047568468,59.491504545918716,47.57593888155249
72.86590505629266,74.08878772613924,59.44253425653085,47.45125533993241
72.76305432032659,74.08609449536904,59.648235728462986,47.45664180147281
72.6731182242801,74.02644245171108,59.82810792055595,47.57594588878874
72.58517282853616,73.96439491718671,60.00399871204385,47.70004095783747
72.62856984073619,73.90567964069709,59.9172046876438,47.817471510816716
72.65937860448555,73.8568719386596,59.85558716014507,47.9150869148917
72.59365741429517,73.89931987398322,59.98702954052584,47.830191044244444
72.59585517536031,73.86673968964783,59.982634018395544,47.89535141291525
72.71074568493705,73.01847198969868,59.752852999242066,47.89568899975533
72.59814116773079,72.94964657972841,59.978062033654595,48.03333981969588
72.51182860176644,72.99331372166142,60.150687165583285,47.946005535829826
72.45358552455383,72.90930580530969,60.26717332000851,48.1140213685333
72.37265128449823,72.89960550953649,60.429041800119705,48.1334219600797
73.24338167684542,72.99475926276415,60.39448260714125,47.94311445362439
73.23287221748907,73.14331179305161,60.415501525853934,47.64600939304947
73.25815993545939,73.1548058499987,60.36492608991331,47.623021279155296
73.07760426295775,73.94734771809897,60.72603743491659,47.735572982045156
73.10760455791535,73.81907293000566,60.66603684500136,47.99212255823174
73.21932864840231,73.88524290510077,60.44258866402745,47.85978260804153
73.25315992359288,73.7945454876202,60.37492611364634,48.04117744300268
73.2474930664251,73.65515399144888,60.38625982798189,48.31996043534532
73.16017543024338,73.72690668190421,60.56089510034532,48.17645505443464
73.09396163380063,73.7058907565944,60.69332269323081,48.21848690505428
73.06019974451728,73.70027602813002,60.760846471797514,48.22971636198304
73.08827644572682,73.61703291538998,60.70469306937842,48.396202587463094
73.16166748143581,72.75373259725203,60.55791099796045,48.407414551053094
73.25075197659461,72.73573761699774,60.37974200764283,48.44340451156167
73.32958264944494,73.62876071357249,60.22208066194218,48.368529462654294
73.31215089456309,73.56892373814259,60.25694417170589,48.488203413514086
73.27796741342853,74.36902878036881,60.32531113397501,48.59800631521553
73.30756317599986,74.38295409729064,60.26611960883235,48.570155681371894
73.28499534776716,74.41479845264392,60.31125526529773,48.506466970665315
73.32052792751757,74.42970083625958,60.24019010579693,48.47666220343399
73.42320738777303,74.43468153248479,60.034831185285995,48.466700810983575
73.32444177388129,74.48939003831538,60.23236241306949,48.35728379932242
73.42204751550832,74.50631457064831,60.037150929815425,48.32343473465654
73.31315772890471,74.31577011964296,60.25493050302265,48.70452363666724
73.25814018554684,74.32765061798911,60.36496558973839,48.680762639974944
73.165975020304,74.28686012715215,60.54929592022406,48.76234362164886
73.06129588409763,74.12228785619425,60.758654192636826,49.09148816356465
72.984497425207,74.08983581629832,60.91225111041807,49.156392243356535
73.08239570953509,73.19460238043936,60.71645454176189,49.2159680357728
72.22517592915815,73.18483161088207,60.70204480531214,49.2355095748874
72.0592929377279,73.13393601196897,61.03381078817264,49.33730077271361
71.92229395644128,73.23149727134577,61.30780875074588,49.14217825395998
71.85661268252129,73.2385809163947,61.43917129858587,49.12801096386215
71.77878526594425,72.34785619920615,61.59482613173995,49.17094543420208
71.60480801499008,72.31182664795627,61.94278063364827,49.24300453670185
71.54832088953304,72.2743496128955,62.055754884562376,49.317958606823375
71.42175607732653,72.24740688394287,62.308884508975375,49.37184406472864
71.4520311417082,72.19897143443664,62.24833438021203,49.46871496374109
71.52198234153198,72.20668602243293,62.108431980564475,49.45328578774853
71.54678949939942,72.183796433937,62.058817664829604,49.499064964740384
71.56327856141095,72.16876805079458,62.02583954080654,49.529121731025214
71.61781519866679,73.08161596384355,61.916766266294886,49.45743903691128
70.77151704147172,73.056923292928,61.85818396386749,49.50682437874238
70.87179868246689,73.07943387814164,61.65762068187718,49.461803208315104
70.82948132176575,73.06180431428584,61.74225540327944,49.4970623360267
70.70890124211995,73.89069568863457,61.983415562571054,49.58842441422833
70.6603479377392,73.92203094686991,62.08052217133253,49.52575389775767
70.56868803350797,73.89369557837583,62.26384197979501,49.58242463474582
70.4803262882335,73.92278493531636,62.44056547034397,49.52424592086476
70.39425774570451,73.97047680919512,62.612702555401945,49.428862173107234
70.51643343176052,73.87007605299203,62.36835118328992,49.62966368551341
70.53999432849818,73.85515200473013,62.321229389814604,49.659511782037214
70.51053274239453,73.87200727826192,62.38015256202189,49.62580123497362
69.7672637013193,73.73420523891143,62.10567866215005,49.90140531367462
69.68179998065989,73.73621039342586,62.276606103468836,49.89739500464575
69.64008824346591,73.72555080754296,62.36002957785681,49.91871417641157
69.61210996515138,73.75751596746358,62.41598613448589,49.854783856570336
68.67575770801515,73.82365153641557,62.52341570313843,49.72251271866633
68.66514735902587,73.75304470860297,62.54463640111702,49.86372637429152
68.44529416164394,73.6498544881648,62.98434279588086,50.070106815167875
67.53508325415571,73.54701688414475,63.027285879203426,50.27578202320797
67.47908795784592,72.60292662978719,63.139276471822996,50.382489483238864
67.46016007082491,72.69346151187756,63.177132245865,50.20141971905812
67.4053656422668,72.59459201838828,63.28672110298123,50.39915870603669
67.28245876893207,72.63711701449435,63.53253484965069,50.31410871382455
66.38225982675442,72.58292538283862,63.543095927968096,50.422491977136005
66.23423807049332,72.61204390919158,63.83913944049031,50.36425492443006
66.3960197317682,71.8396672530323,63.51557611794051,50.11366204693017
66.34345877562895,71.74664679994025,63.620698030219046,50.29970295311429
65.47411148259769,71.55229834538167,63.568439432318684,50.688399862231456
65.43501002513472,71.60399443035556,63.64664234724465,50.58500769228367
65.48085604207307,71.70766113493579,63.554950313367925,50.37767428312321
65.38627679887745,71.72564830232277,63.744108799759175,50.341699948349266
65.35694428833595,71.67622017199196,63.80277382084216,50.44055620901088
65.37141579544165,70.73087035583328,63.77383080663077,50.535227456443565
65.38961618677024,70.74373723615933,63.73743002397359,50.509493695791456
65.4217887668827,70.78555392975807,63.67308486374866,50.42586030859401
65.46018219345713,70.77878074802186,63.59629801059982,50.439406672066404
65.502626950778,70.74444721389617,63.51140849595807,50.50807374031781
65.51825167271951,70.74107671857155,63.480159052075024,50.51481473096703
64.71324691116587,70.74990682091422,63.29787729892144,50.497154526281676
64.6431011411373,70.74912073325135,63.4381688389786,50.49872670160745
64.60048653892922,70.81753694526765,63.523398043394735,50.36189427757485
64.57789780968982,70.91710849625815,63.56857550187353,50.162751175593826
63.79764584802009,70.98036463219529,63.34114820975451,50.03623890371956
63.81315040494299,70.9815552866205,63.3101390959087,50.033857594869126
63.93882803609744,70.9458905564511,63.058783833599804,50.105187055207935
64.05055377506635,70.07318161167564,62.83533235566199,50.07141639158887
64.06961328253433,70.07229031735628,62.79721334072603,50.07319898022761
64.02226261750711,70.0737580148246,62.89191467078046,50.07026358529095
63.98253099746532,70.06796846871302,62.97137791086405,50.08184267751413
63.96462818904463,70.11668529985432,63.00718352770542,49.98440901523151
63.99695899325765,70.11247694781318,62.942521919279386,49.9928257193138
64.0417124089105,70.1083796770906,62.85301508797368,50.00102026075895
64.01454224426018,70.11536892668208,62.90735541727433,49.987041761575995
63.966109485897135,70.2026670243549,63.004220934000415,49.81244556623035
64.06142048979898,70.22616257436778,62.81359892619674,49.76545446620461
64.01113877726837,71.10927506912861,62.91416235125794,49.769148469689284
64.10221471881482,72.00322785584332,62.73201046816503,49.752762099571356
64.0033354500564,71.95057878252945,62.92976900568188,49.858060246199116
64.0570476611443,71.92530180659857,62.822344583506094,49.90861419806087
64.1167823657749,71.88844590135858,62.70287517424488,49.982326008540824
64.0347066254356,71.86604714465508,62.86702665492349,50.02712352194783
64.01387044833189,71.84620004220056,62.9086990091309,50.06681772685688
64.06474588226894,71.82571870608089,62.80694814125681,50.1077803990962
64.05908961515365,71.83381094974372,62.81826067548738,50.091595911770554
63.990383210407785,73.70895747615984,62.955673484979116,49.89186672666924
64.03505089701342,73.72495612097829,62.86633811176784,49.85986943703232
64.98324287500265,73.82681694231081,62.742213426622826,49.65614779436727
65.10136823706695,73.84319566003185,62.5059627024942,49.6233903589252
65.15120001939395,73.89590416937848,62.40629913784019,49.517973340231954
65.1427563868777,74.82339746461628,62.42318640287269,49.422649798561245
65.25736177572944,74.71475194255737,62.193975625169244,49.63994084267907
65.26732929210334,74.67518684055362,62.17404059242142,49.719071046686565
66.16699214293612,74.6839758001999,62.1340799277566,49.70149312739401
66.13774277332521,74.6990714578728,62.19257866697842,49.67130181204821
66.16076325858631,74.71770915881908,62.14653769645621,49.63402641015564
66.25886554811075,74.90794223087784,61.95033311740737,49.25356026603812
67.22709535010226,74.22327601950428,61.762259935037115,48.87450626717246
67.10695156652119,74.24021083060862,62.00254750219925,48.84063664496377
67.04644610401425,74.17639970110892,62.123558427213155,48.96825890396319
66.98840343712384,74.30385830141682,62.23964376099398,48.713341703347375
67.07943466866246,73.45749452815727,62.05758129791671,48.66202721289463
67.12627190076536,73.45951012558079,61.963906833710915,48.657996018047584
67.1376486245099,73.56260862352816,61.94115338622185,48.45179902215284
68.07368123023105,72.79672061783688,61.804312112272626,48.24835109604233
68.82635638061859,72.84243185337776,62.02878452036768,48.156928624960585
68.90830163107606,72.94129980356684,61.864894019452755,47.95919272458244
68.9458482027608,72.85842114535303,61.789800876083255,48.12495004101004
69.80132198185144,72.79667089316845,61.80644685699468,48.248450545379185
70.0071869351181,72.97403969098143,61.39471695046137,47.893712949753244
70.00670557647443,72.9484888540291,61.39567966774871,47.94481462365792
70.03361620705735,72.88566725893452,61.34185840658286,48.07045781384706
70.06461499398365,72.91098771054932,61.279860832730265,48.01981691061746
70.02240006572839,73.0344386246913,61.364290689240775,47.7729150823335
70.98647287460618,74.04600674775338,61.15150610229808,47.465139867022216
71.02574356211586,74.1079588397661,61.0729647272787,47.34123568299677
71.05079747148761,74.1562430304332,61.02285690853522,47.24466730166255
70.99784546900975,74.13495870244427,61.12876091349095,47.28723595764045
71.99515834450695,74.17564525140513,60.83799149431431,47.205862859718714
72.97497650133118,74.22942990878383,60.576444008811755,47.098293544961294
73.22157446810957,74.19083632084879,60.08324807525501,47.17548072083138
74.16286422177633,74.24214890204833,59.88672185684294,47.072855558432316
74.07181456429088,74.26086636513631,60.06882117181386,47.03542063225634
74.15531941415635,73.58194841994012,59.90181147208289,46.70970053196528
74.23717262721705,73.54960128469787,59.738105045961504,46.77439480244978
75.09298402050234,73.57212322526689,59.70073563162197,46.72935092131172
75.14797987895165,73.63707792085081,59.59074391472336,46.599441530143885
75.25896832273699,73.81691759507873,59.368767027152686,46.239762181688036
76.19750240041108,73.84031100822315,59.15160927917745,46.19297535539921
76.24650402090859,73.84423065855879,59.05360603818244,46.18513605472795
76.26916383857667,73.96116607852065,59.00828640284625,45.95126521480421
76.30146851419929,73.9483162878324,58.94367705160104,45.97696479618072
77.10703663816949,73.97958763286584,58.98167682585802,45.91442210611383
77.04019637127729,75.6268532742141,59.11535735964242,45.91728995061939
77.10223331153544,75.57510455352408,58.99128347912611,46.02078739199941
77.890917339667,75.6440763144761,59.06449218334654,45.88284387009539
78.16594044362384,75.62561451825636,58.51444597543285,45.919767462534864
78.24975358702747,75.69904034136209,58.346819688625615,45.77291581632339
79.17325940645358,75.79918761643476,58.13649707326904,45.57262126617806
79.24678502897086,76.73390696533265,57.989445828234494,45.33339810596312
79.28545968765076,77.53330583411812,57.912096510874704,45.35867724189043
79.35352591405052,77.59242425587315,57.77596405807519,45.24044039838038
79.25326733766381,77.6254512427279,57.97648121084858,45.17438642467086
80.1658630712393,77.53097711195562,57.77258213637809,45.36333468621545
80.0875354178034,77.65751164014124,57.929237443249875,45.1102656298442
80.09203005778866,77.7831674215297,57.92024816327934,44.858954067067295
80.06894133155625,77.8543122295192,57.966425615744186,44.716664451088306
80.07450082182794,77.91851901740456,57.95530663520081,44.588250875317556
80.00353874991454,77.89039276308193,58.0972307790276,44.644503383962814
80.11962829540974,77.19792987779442,57.86505168803721,44.41492026143931
80.97808807926582,77.19035582668613,57.755354809409425,44.430068363655906
81.13859798855992,76.64479906549086,57.434334990821206,43.91538685212945
81.23673299816794,73.55376097529873,57.23806497160518,43.727443468493405
81.16788788140461,73.4955108156962,57.37575520513184,43.84394378769842
81.19409120870287,73.58436898714281,57.323348550535314,43.66622744480523
82.03870387033601,73.58151687083392,57.22087046933886,43.671931677423004
81.9750813310412,73.67335117301486,57.3481155479285,43.48826307306111
81.8598913005396,73.59073757842168,57.57849560893169,43.65349026224747
81.85829043430275,73.67466416606418,57.5816973414054,43.4856370869625
81.79026445985555,74.46482639178059,57.717749290299786,43.49304939552541
81.90991028641179,75.40443817386024,57.478457637187304,43.20375634477623
81.82815475739912,76.33680173505452,57.641968695212654,42.92058689736793
81.87116902403625,77.17556716724232,57.555940161938395,42.822470369911564
82.00713218773808,77.0807397862298,57.28401383453475,43.01212513193662
82.06403685870876,77.0123275162022,57.170204492593356,43.148949671991794
82.22878631078153,77.00230070868507,56.84070558844783,43.16900328702608
82.0129389785125,77.99259025808543,57.27240025298589,42.75969684562106
81.98948522401713,79.4278467287058,57.31930776197663,43.031500793513125
81.92160774764841,80.24653312569703,57.455062714714074,42.97044612284945
81.95311364177267,80.1622803257064,57.392050926465544,43.1389517228307
81.33895860376533,81.01088707259251,57.041178525950954,43.020920705587784
81.36594072302391,80.80204996665759,56.98721428743381,43.4385949174576
81.36746851712668,80.14501435933889,56.98415869922825,43.174759592879255
81.46808074996648,79.34196388261353,56.78293423354867,43.207307181030046
81.50226835958046,78.54669066091594,56.71455901432071,43.22683660361442
82.38685456416553,77.69526839301582,56.51567958716943,43.35938815739579
82.4253360615732,76.89249841668624,56.43871659235411,43.39550761164371
82.4801460939046,76.9213064992888,56.32909652769132,43.33789144643859
82.5672893554708,77.08507482541881,56.1548100045589,43.010354794178554
82.73940921733089,77.12405648114672,55.810570280838725,42.93239148272276
82.7084387101707,77.98515385534539,55.8725112951591,42.761894208276686
82.76968093633462,77.92297803751165,55.75002684283126,42.88624584394414
82.99875814060537,77.92862316886516,55.29187243428976,42.874955581237145
82.9233785129972,77.94203938499032,55.442631689506115,42.84812314898681
83.09227239027518,77.92652421417941,55.104843934950125,42.87915349060865
83.03082660647894,77.7861804356854,55.227735502542615,43.15984104759666
82.44309191863644,77.90568445589358,54.85671076412505,42.920833007180306
82.4257209679794,78.24508312431087,54.89145266543913,42.24203567034574
82.43306002903334,79.68957589732202,54.876774543331244,40.87946520198854
82.59592194064635,80.99022274846863,54.55105072010522,39.78211067460934
82.53030799161877,81.16009258541946,54.68227861816038,39.44237100070769
82.48462053642194,80.94567401952784,54.773653528554036,39.87120813249091
82.59574604305988,80.77582967699361,54.55140251527818,40.21089681755939
83.46862622630067,80.41805863056075,54.29368370704351,40.92643891042509
83.3899131271463,80.53299677946396,54.45110990535224,40.69656261261869
83.45174644383972,80.55195496680545,54.3274432719654,40.658646237935706
83.35681823293636,80.90022916993628,54.51729969377212,39.96209783167404
83.43275689026405,81.64142273411223,54.365422379116765,39.96315463061222
83.56819363794088,81.51347414610312,54.09454888376309,40.21905180663043
83.58319907954828,81.33036079401435,54.064538000548296,40.58527851080795
84.2427979296977,81.40802700724821,54.23210503609688,40.42994608434025
84.3677383756405,81.33818842752622,53.982224144211315,40.569623243784235
84.3009100929199,80.81227611147415,54.115880709652494,40.13619247633642
84.19520635301785,80.47753318953897,54.32728818945661,40.805678320206766
84.16968661338841,79.77771229888253,54.37832766871548,40.71095116146465
84.16874467534235,79.562739092277,54.380211544807594,41.14089757467571
84.13493665147638,79.24242172643507,54.447827592539525,41.78153230635956
84.13833521537637,79.16390112698478,54.44103046473957,41.93857350526013
84.16758113189962,79.32784885109334,54.38253863169306,41.610678057043025
84.16489325411325,79.50710424882237,54.38791438726581,41.252167261584965
84.07258345183061,79.49179001121004,54.572533991831094,41.28279573680962
84.13546073686754,80.09488173602384,54.44677942175723,41.58251362641066
84.11041331954354,80.66791401561906,54.49687425640523,41.9453252202773
84.10282249689095,80.65732657811817,54.5120559017104,41.96650009527908
84.02350238744317,80.64479263266752,54.67069612060595,41.99156798618041
84.14870310038313,81.06008502826619,54.42029469472605,41.160983194983054
84.15237507869043,80.20770024199713,54.41295073811145,41.36416096553983
84.04842392285627,80.31134421677498,54.62085304977974,41.15687301598412
84.00668753765429,80.4225285793309,54.704325820183726,40.9345042908723
83.99254217642839,80.5080092762525,54.73261654263552,40.76354289702912
84.01003182867876,80.46453741512912,54.697637238134774,40.85048661927586
84.1894049036722,80.39171795852607,54.33889108814789,40.99612553248197
84.39548820712238,80.35733101197751,53.92672448124755,41.064899425579085
83.75822199016136,81.2708039572173,53.708757888274576,40.7304525619945
83.19350335218799,81.64219147924545,53.354478569268075,39.98767751793819
83.27123006576883,81.53533082023762,53.19902514210639,40.20139883595387
83.3803926262073,81.34418455819086,52.98070002122947,40.58369136004736
83.37861642311266,81.38986946897543,52.98425242741874,40.49232153847821
83.50128702560625,81.26143117095808,52.738911222431554,40.74919813451294
83.46350852398504,81.68224876260727,52.81446822567398,41.37678662792359
83.49550198491247,82.26333845689327,52.75048130381913,41.695197543013215
83.58595936544798,82.08950129999113,52.569566542748106,42.0428718568175
83.57054550152404,81.9308162823055,52.60039427059597,42.36024189218876
83.5039068921236,81.87654841042038,52.73367148939687,42.46877763595898
83.51735000228487,81.89494250897684,52.70678526907433,42.43198943884606
83.50272495126836,82.0460158962971,52.73603537110733,42.12984266420554
83.47424093941869,81.25424193159503,52.79300339480668,42.22177582364411
83.39482435773076,81.0643067339727,52.95183655818255,42.601646218888746
83.43637342128991,80.90363423702925,52.86873843106423,42.92299121277567
83.4372352144814,80.70498486211379,52.86701484468125,43.32028996260657
82.67066413164957,80.55980602488573,52.88726266283133,43.6106476370627
82.65452212433273,79.9888228844936,52.91954667746501,43.23471828858304
82.64353747293696,79.66187265285994,52.94151598025656,42.37629980043568
82.59257014138363,79.86680520683183,53.0434506433632,41.966434692491916
82.65568648354903,80.2530964277602,52.917217959032385,41.19385225063517
82.73408682435632,80.36730193106919,52.7604172774178,40.96544124401717
81.9117051048779,80.27141817777733,52.93210778023926,41.15720875060089
81.89911149471482,80.21194889757592,52.95729500056541,41.2761473110037
81.93440050597525,80.06963887348908,52.886716978044554,41.56076735917739
81.87174062569551,80.01662069967848,53.01203673860404,41.666803706798596
81.65175911051256,80.76520401928468,53.45199976896994,41.6579638745143
81.63280949633264,80.72720134978918,53.489898997329774,41.733969213505304
81.61047373355295,80.69656959922617,53.53457052288914,41.795232714631325
81.75605228741969,80.53123355625281,53.24341341515567,42.125904800578034
82.43644298203787,80.42541037863903,53.3819576938818,42.33755115580562
82.44469604927882,80.44173820158474,53.3654515593999,42.3048955099142
82.56356469919822,80.43090630663099,53.127714259561074,42.326559299821696
82.65000187342862,80.3251534830865,52.954839911100294,42.538064946910666
83.34450107233664,80.17785529542225,53.067428296951434,42.832661322239176
84.1609309819919,80.12577686133494,52.94265440466863,42.936818190413774
84.05707917343295,79.3566832942071,53.15035802178649,42.96714927119822
84.08972279122713,78.65461717691565,53.085070786198145,42.859745214052296
85.041942871029,77.88293995197883,52.68942587952722,42.89430441099315
84.9421102538992,77.1228816118361,52.889091113786804,42.911142726610976
85.62455062282683,77.1395503644619,53.03082833845798,42.87780522135941
85.56098477773776,76.98895746563595,53.15796002863614,43.17899101901131
86.44812685249914,76.96589250230039,52.89875708484534,43.22512094568241
86.46664326985888,76.96747924974136,52.86172425012589,43.221947450800485
87.20514903055206,77.04201094614903,52.89593642070043,43.07288405798513
87.899371627909,77.1244767832629,53.016830693118436,42.907952383757376
87.80947670611903,77.2237998479331,53.196620536698404,42.70930625441702
88.5051606505592,77.23860754859965,53.31332305738388,42.679690853083926
88.57426769813691,77.31604907977604,53.175108962228464,42.52480779073112
88.5074963655893,77.31701376011415,53.30865162732367,42.5228784300549
88.57020975225029,77.31757681817086,53.1832248540017,42.52175231394147
89.56187626964407,77.24173083102932,52.704717042810174,42.67344428822456
90.4849285919539,77.17020154174222,52.35855242638959,42.816502866798764
90.44711619636172,77.22182720278003,52.43417721757396,42.71325154472314
90.48845371940483,77.26318323982333,52.351502171487745,42.63053947063653
91.2337759410448,77.26652562755447,52.35467817390234,42.62385469517427
91.8906954169336,77.32975732345798,52.53460035843058,42.497391303367245
91.78558110578933,77.37900926811636,52.744828980719134,42.39888741405047
92.4740073502416,77.34628636809735,52.864086490469646,42.4643332140885
92.44128032109168,77.38760558857098,52.92954054876949,42.38169477314125
93.14431070824804,77.44266295243496,53.022144508928974,42.27158004541329
93.10889553452799,77.46979896874016,53.09297485636907,42.217308012802874
93.1338467388168,77.45967874934139,53.04307244779143,42.237548451600425
93.90795134475201,77.51775790435926,52.99293125677103,42.12139014156468
94.73022978767739,77.54788609442707,52.843789608519586,42.06113376142905
94.6083660760684,77.61143897232088,53.08751703173755,41.93402800564145
95.32503643879059,78.4153041798208,53.14799924111904,41.82012052546748
95.36020861600984,78.38663716863417,53.077654886680534,41.877454547840735
96.09055016891949,79.14960547280923,53.10972499378903,41.8442711524184
96.11342304482807,79.84258291665543,53.063979241971865,41.951021470614705
96.20778072126876,81.48363355437124,52.87526388909049,41.65639704791674
96.34172194105932,82.9155979066708,52.60738144950936,41.76459698957386
96.35265942733608,82.85693393815491,52.58550647695586,41.88192492660561
97.27691772025207,82.82601604730152,52.222276727786195,41.94376070831238
98.10859719451872,82.98139859973763,52.03963732804503,41.63299560344017
98.16380122555628,83.05027936579717,51.92922926596991,41.49523407132111
98.19370322434747,82.96693143821167,51.86942526838753,41.66192992649208
98.23426767683446,83.04730528801234,51.78829636341355,41.50118222689076
98.89207813946254,82.2698275837702,51.93956637525851,41.5892466982739
99.53991208158813,82.25555377441933,52.1145367066334,41.61779431697566
100.32852607363495,81.52949535213588,52.01109264661088,41.59612723747143
100.15365427414305,81.45791301502048,52.36083624559467,41.73929191170222
101.11444104227829,81.47887671163716,51.91879255793603,41.697364518468866
101.04854412641268,80.78169001492147,52.05058638966724,41.61966625262389
101.12289282136402,80.68786336927609,51.90188899976455,41.807319543914645
101.96897046141119,80.65683175928703,51.68332716166134,41.869382763892766
102.81669870104535,80.61819822855948,51.45911371342467,41.94664982534786
103.53689387793557,80.51414911239078,51.487772036971535,42.15474805768525
105.09570004062861,79.72376039235624,51.31586598139839,42.262672362847866
105.76802122335368,79.7385799024798,51.44317627067676,42.23303334260075
107.37152429497532,79.07646324271525,51.18303468621943,42.083834382736896
108.10322817121717,78.98449279456841,51.18664799199942,42.26777527903055
108.81669067673477,78.22367015598047,51.229769681187705,42.31937385598302
111.03347732899456,77.68061318859858,51.21082610051873,41.93394454946322
111.68646577464233,77.15057970429481,51.369876075163404,41.52898465213057
111.62218752412116,77.27447228798374,51.49843257620576,41.28119948475269
112.25771400841508,77.39665540947999,51.68625961396728,41.03683324176019
112.94594918802952,77.58355863680198,51.76758576184744,40.663026787116216
114.41277039063591,77.71093804560955,51.73988666218182,40.40826796950109
116.55870141385329,77.80928324556967,51.793243801048646,40.21157756958084
116.52021028821649,79.31531140835665,51.87022605232224,40.09156538403096
117.19030922638757,79.21101782178492,51.975272557327905,40.300152557174414
119.46676842703732,79.11336759591913,51.77309074449709,40.495453008906004
120.19303412349335,79.04991505349624,51.770891314684114,40.62235809375179
121.06184511931738,79.00330532685078,51.48563062812924,40.71557754704271
121.91160216276239,79.06553289184583,51.235625472955675,40.59112241705259
123.40033267942911,78.29968997884001,51.145483496778425,40.67914871448615
126.41183645909426,77.52675520200975,50.897303622423436,40.78131134690285
126.30824683500231,77.50990562893882,51.10448287060733,40.8150104930447
127.78620749781156,76.77907114048932,51.039125479742694,40.831397502566766
128.40237585889435,75.99448796104525,51.251334283910566,40.95601833512147
129.1099611067977,75.94419864314256,51.285983495020155,41.05659697092686
130.43192804981248,76.07441151904777,51.54601259245091,40.796171219116445
131.02254799852926,76.0581746115156,51.8165147938449,40.82864503418081
132.3811009705139,76.06175420827562,52.01223149288276,40.821485840660756
133.1762212835049,76.04512336674702,51.88128124120204,40.85474752371796
134.6287864422976,76.0628161566069,51.891804421950354,40.81936194399818
135.43929019554676,76.02742727766147,51.728209857171194,40.89013970188905
136.11117131682184,76.05591572735713,51.8405055936211,40.83316280249774
137.60481269081293,76.10217023066693,51.766926750839815,40.740653795878146
139.7613394468604,76.09731398858618,51.816541853412126,40.750366280039636
140.67783450062478,75.98902679279946,51.438691792496144,40.96694067161305
142.04947592764972,76.82233701156244,51.60114676431532,40.753189147021644
142.65710370949154,76.904611074724,51.83777975083331,40.58864102069853
143.4206508378747,76.9404625193303,51.76352205594847,40.516938131485944
145.6962134812535,77.66483965114615,51.564001539637275,40.518718791336376
146.51787301903929,77.70662995204859,51.368193669168065,40.4351381895315
147.16511083861946,77.7525439919238,51.516874442694274,40.34331010978107
148.65631286242763,77.55191794283871,51.42234875119928,40.74456220795126
150.17092118085478,76.85328719047519,51.29115257767445,40.69281348101355
150.96894056530965,76.83130174507056,51.1412743975753,40.73678437182281
151.6260825662788,75.8802045120833,51.27156774817371,41.194401485260585
153.09082290426454,76.63253143412113,51.25007409313483,41.1437411516512
153.68859302204174,77.47380416145052,51.50737683165701,40.91403867106909
154.40021299393817,77.45383092701687,51.53720011124793,40.953985139936385
155.864672544568,78.26642966920053,51.5166176841572,40.78295599265351
155.8545914172256,78.43641310123512,51.53677993884202,40.442989128584344
158.00476362028763,80.9337173155339,51.57402745187689,39.78597261914573
158.207425872976,80.80054535993145,51.16870294650015,40.052316530350616
158.98070739461176,80.86704599482128,51.05602224531121,39.919315260570954
161.09812715712079,83.8434448525295,51.11117165096573,39.68650278605128
161.84638221045742,83.85713943960093,51.04171362068762,39.659113611908424
162.69349988323165,83.86139624163553,50.773023033208894,39.6506000078392
166.25117321026346,83.69498278574014,50.76416841761396,39.98342691963002
166.30608705218924,83.73116168637405,50.65434073376242,39.91106911836217
166.35954830363104,83.76849245706299,50.547418230878826,39.836407576984286
167.0955196552452,83.86588952875053,50.4963420102069,39.64161343360921
168.47279925193587,83.13203040909372,50.57562254975701,39.69241180645714
169.2495123828325,83.19736131773284,50.441154832936064,39.56174998917888
169.787567101319,83.07912596335984,50.77982285784803,39.79822069792489
170.52260884739582,83.10699922178476,50.73354197060314,39.74247418107504
171.27659340747877,82.38705696242795,50.64776122737625,39.7601703228497
171.16667331896926,82.3540381909318,50.86760140439527,39.82620786584198
171.71035693135195,81.68506618497196,51.205834587724894,39.73855146966663
172.45659739369313,80.96256695673603,51.142699579920915,39.75420400926009
173.0756420155654,80.83323500448456,51.33324608150011,40.01286791376301
173.86436273296528,80.22176129283739,51.19156182449434,39.80005815926344
174.60046430841874,80.19785504366351,51.14948746271183,39.84787065761118
175.2864816201881,79.43492549000173,51.20771638255516,39.9434662215526
176.0351755812086,79.33124082834756,51.14303735805635,40.15083554486094
176.0657408588518,79.32532784631995,51.08190680276995,40.162661508916166
176.9779700371728,79.23755888331061,50.69179621738426,40.338199434934836
177.71722451950382,79.22633401825473,50.644510502877694,40.36064916504661
178.43767830474448,79.22725546732785,50.63446561073441,40.358806266900366
179.0701456156861,79.32087054492261,50.800209812183695,40.171576111710834
179.59298952176965,79.49042583439845,51.18470199244342,39.832465532759144
179.38378116005708,79.42689191220134,51.60311871586855,39.959533377153384
179.94707094769532,79.49513314164543,51.915553034427305,39.823050918265224
180.66318353677275,80.31147506036694,51.92488912913743,39.631928353687115
180.70070813100588,80.34697215990639,51.849839940671174,39.56093415460825
181.543997627034,80.34098484083654,51.59954490557489,39.57290879274794
182.26497877492378,80.37772601227555,51.590242957618216,39.49942644986994
182.36573498851288,80.43990288070823,51.38873053044,39.37507271300455
183.27054011342014,80.49455684319994,51.005337863128524,39.26576478802113
184.06406720963474,80.45426571111875,50.83686732511097,39.34634705218351
184.88052978329205,80.4499919711658,50.62126537476791,39.35489453208942
185.510830486559,79.99151802889078,50.77483163509375,38.85767474977973
186.14980040567067,79.96810990405694,50.90530487196997,38.90449099944739
186.12490177778832,80.00373830090959,50.95510212773469,38.83323420574211
186.91965706058252,80.04894391724446,50.77635595244457,38.742822973072386
186.79930262788676,79.93302023001745,51.01706481783612,38.974670347526406
187.6555167473329,79.89088902186623,50.71865350925472,39.05893276382882
187.58344185314255,79.97520104738499,50.86280329763548,38.890308712791324
187.573971792642,79.93008917024108,50.8817434186366,38.980532467079136
188.22128128675467,79.88869670401083,50.99917226259413,39.06331739953964
188.87418225316534,79.84362657938637,51.10855996559171,39.15345764878857
188.62948008531006,79.8152477787272,51.597964301302284,39.21021525010689
189.27100416204192,79.67398674595849,51.74163577559476,39.49273731564431
189.1023058889411,79.66551772985561,52.079032321796454,39.50967534785008
189.60631472147784,79.65247708797935,52.50995687236589,39.53575663160258
190.51499312122246,79.73343291389313,52.138534458061585,39.37384497977505
190.5129409797579,79.65270815458962,52.14263874099069,39.53529449838207
191.46427331468394,79.6645507339856,51.680304146151755,39.51160933959008
192.19920322910352,79.60275858990084,51.64333742750204,39.63519362775962
191.9890126034877,79.75306485723453,52.06371867873369,39.334581093092226
191.83631174414768,79.84937322408038,52.369120397413695,39.14196435940053
191.60425431093827,80.52526401482231,52.833235263832535,39.22753376438666
192.50827784947427,80.45010917054302,52.47100040549799,39.37784345294525
194.06618463481456,80.39439392059668,52.24070624410994,39.489273952837934
194.1356911597362,80.5174322220694,52.101693194266645,39.24319734989247
194.90326781895178,80.50238278702382,52.001474529537745,39.27329621998364
194.85675174781,79.19261910692899,52.09450667182132,39.02502408648505
195.50924932322934,78.47334119465799,52.220769874802826,39.03232155720681
195.34254185758795,78.45316922072392,52.55418480608563,39.072665505074944
195.26549527452056,78.32575070542123,52.708277972220415,39.32750253568033
195.08756281751963,78.18985891886457,53.064142886222285,39.59928610879365
195.79925306247108,78.17351239815349,53.09617238520583,39.63197915021581
195.80628357593793,78.11315419388617,53.082111358272144,39.75269555875044
195.83454225259663,78.20619378080197,53.025594004954684,39.566616384918866
196.5101978843564,78.19476858914783,53.12857157739981,39.589466768227155
196.68329566607113,78.23567986495416,52.78237601397031,39.50764421661445
196.67620975535286,78.21173755908518,52.79654783540684,39.555528828352436
196.78427298131737,78.26969538315629,52.58042138347781,39.43961318021023
196.7458782600628,78.2551884093742,52.65721082598698,39.46862712777441
197.30356458991992,78.288324204935,52.98891734545809,39.402355536652806
197.1744061964902,76.83541704638338,53.24723413231756,39.40608517297791
197.47403363649025,76.81044762061873,52.647979252317455,39.456024024507215
197.30694057159005,76.86015116062367,52.98216538211783,39.35661694449733
197.23701010094774,76.05715178821845,53.122026323402466,39.51242489506726
197.25218432558432,76.09461031102691,53.09167787412926,39.43750784945034
197.27282120512186,76.04055690207568,53.050404115054235,39.54561466735281
196.55969952879394,76.00830956979922,53.02232482835166,39.6101093319057
195.82066341051808,75.94534281706888,53.04544633166891,39.736042837366384
195.97003386436577,75.89795150828104,52.74670542397354,39.83082545494208
195.9822467437767,75.85046767719808,52.72227966515167,39.925793117107986
195.04960361374032,75.8986140200717,53.13202453118126,39.82950043136074
194.30434932129813,75.81445418232465,53.16232405162508,39.99782010685483
194.3151861827227,75.89578153955344,53.14065032877596,39.835165392397286
193.5050264534568,75.8885791748576,53.30053676565178,39.849570121788965
192.91769193488807,75.74776389079209,53.012103471245275,40.13120068991998
192.81136154250083,75.72934320336819,53.22476425601974,40.168042064767775
192.0690138558221,75.79082920761836,53.24230445523566,40.045070056267434
191.41859325349498,75.74758724162861,53.07773294210145,40.131553988246935
191.5477182130915,75.7326727713154,52.819483022908315,40.16138292887334
191.42702665317805,75.74027877123712,53.06086614273526,40.14617092902993
190.81488940008114,75.76452093236279,52.82084007018696,40.097686606778595
190.0534895125208,75.71833490946081,52.88378943113155,40.190058652582536
190.14410403171567,75.65317761049312,52.7025603927418,40.3203732505179
190.26724233282602,75.57712040956307,52.45628379052115,40.47248765237801
190.45056596002522,75.59363335907354,52.089636536122704,40.43946175335708
190.5370621173642,75.5085837893538,51.91664422144473,40.60956089279653
189.8333849013017,75.4466232329964,51.86961562866394,40.733482005511355
189.1926828421544,75.42309594200621,51.69534184364133,40.78053658749172
188.3197497726956,75.36530970494616,51.98743309308405,40.89610906161185
188.19655883406395,75.36391296787619,52.233814970347325,40.89890253575176
188.35792976020988,75.50510210938103,51.911073118055455,40.61652425274209
188.16962344858123,75.61012203936625,52.28768574131276,40.40648439277167
187.32178040516612,76.32883870951494,52.52662201521081,40.42580086540646
186.34174857092444,76.36510648849955,53.0259723171237,40.35326530743723
186.4008297813915,76.69103980413014,52.90780989618959,39.70139867617604
185.35281436640008,76.7007948041036,53.5491399655517,39.68188867622915
185.3063273637553,75.04724751699148,53.6421139708413,40.06070473051059
184.49206137000655,75.11960925952394,53.79889113370496,39.91598124544568
184.51766659279204,74.49006813773744,53.747680688134,39.703292745228595
184.6324154550949,74.2892371621614,53.51818296352827,40.10495469638067
184.05777277185874,74.22125424300987,53.19687593002802,40.240920534683724
183.33785081073336,74.29465130343101,53.168799078654075,40.09412641384145
183.09121001142125,76.00564295528562,53.66208067727828,39.602332828406205
183.20801189742207,76.01462823368281,53.42847690527671,39.58436227161183
183.16479432904396,75.91855534249477,53.51491204203288,39.776508053987925
182.3642721553305,76.11922064443685,53.6507881844215,39.375177450103756
182.5527995835181,76.02020096609782,53.27373332804633,39.57321680678183
181.86241928338538,75.85677292752062,53.19632229229552,39.90007288393622
181.86346916451853,75.16269386407922,53.194222530029215,39.825889018464146
181.83249289870923,75.24364633980363,53.256175061647795,39.66398406701533
181.12763501867067,75.22203868608904,53.20650033726023,39.707199374444514
180.90926649257514,75.26844750449271,53.64323738945131,39.61438173763715
181.29334160978374,75.08365114546785,52.8750871550341,39.98397445568686
181.2314345520177,75.22809643792615,52.99890127056618,39.69508387077029
181.2288457232916,75.0331098729932,53.00407892801836,40.08505700063619
181.21166082355091,74.98930402766459,53.03844872749979,40.17266869129341
180.4677139827111,74.76443096574673,53.06195072239204,40.62241481512915
180.21063740031192,74.65675041793983,53.57610388719042,40.83777591074293
180.0974316996037,74.36971904666615,53.80251528860683,41.41183865329028
180.06498354644805,74.36887681947687,53.86741159491818,41.41352310766884
180.06868159530123,75.38821804087193,53.86001549721178,40.87212004466096
180.03371860300268,75.46325124428094,53.929941481808896,40.72205363784293
180.01981791275492,75.36284143587017,53.95774286230443,40.922873254664495
179.91329016784778,74.65943317976303,54.17079835211872,40.83903610993546
179.81270627136394,74.00269326132074,54.37196614508636,40.65998512492849
179.99925523902147,73.87876327042966,53.9988682097713,40.907845106710646
179.85305609919902,73.98832568230382,54.291266489416245,40.68872028296233
179.86205806905167,73.98852862479144,54.27326254971094,40.68831439798709
179.9865599960976,73.89460932158349,54.02425869561903,40.876153004403
180.14520051898066,73.73094683628767,53.706977649852966,41.20347797499464
180.13509566987318,74.37229883402458,53.727187348067886,41.412180758668676
180.36782261402655,74.34009034279796,53.261733459761146,41.47659774112191
180.2077451065276,74.35952471248248,53.58188847475908,41.43772900175287
181.13522786544638,74.42146253543375,53.22023643142316,41.31385335585034
180.9432107507823,74.51600757855377,53.60427066075129,41.12476326961029
181.06045325141838,73.7967518706932,53.36978565947916,41.07471868816134
181.14912795861164,73.76206501216745,53.1924362450926,41.144092405212824
181.13978224637464,73.61734851170817,53.21112766956665,41.43352540613141
181.68208416467309,73.62650585035888,53.61410295869441,41.41521072882999
181.76032887411571,73.64321104433192,53.45761353980912,41.38180034088389
181.55382181341534,73.61757369148114,53.870627661209866,41.43307504658546
181.59398909785935,73.51088720301111,53.790293092321846,41.64644802352552
182.50186612242038,73.57095812859552,53.47443494646769,41.526306172356705
182.37444084962544,73.58225847845523,53.72928549205754,41.50370547263727
182.33351739870346,72.92661811272188,53.81113239390153,41.31834674895076
182.93173348478123,71.5751603413844,54.1095692337948,41.03152426752814
182.96711215106765,71.62678421817793,54.03881190122193,40.928276513941086
182.93662175304985,70.1002515586865,54.09979269725758,40.99738674869197
183.06400172771797,70.01965365357441,53.84503274792131,41.15858255891615
183.05558036191962,69.96529659670783,53.86187547951798,41.26729667264931
183.26192044301777,70.03917650512685,53.44919531732171,41.11953685581128
183.34523556712125,70.17039545817485,53.28256506911473,40.857098949715265
183.29825374158025,70.25497703258485,53.376528720196745,40.687935800895275
183.99056569481436,70.28791177818188,53.46986183913748,40.62206630970121
184.1008885481292,70.2597933897608,53.24921613250781,40.67830308654336
184.1532811564452,70.22945495180964,53.144430915875844,40.738979962445676
183.99926794264712,72.04425543178675,53.452457343471934,40.05987616015773
184.02389751096763,72.7006716368372,53.403198206830936,40.215898383793665
184.12127403526677,72.73928568172472,53.20844515823268,40.138670294018624
184.2512166992744,72.69818677644477,52.94855983021739,40.220868104578514
184.30135886480662,72.70030355530956,52.84827549915295,40.216634546848944
184.05326014561166,72.82140642911509,53.34447293754289,39.974428799237906
183.98663563406592,72.94710745247943,53.47772196063437,39.72302675250921
184.01843972358265,73.06064483230111,53.414113781600925,39.49595199286587
184.8045513020371,72.99010876010114,53.30093121130999,39.6370241372658
185.4222677761599,73.36519264757295,53.52512824149703,38.88685636232216
185.57311445692454,73.22721731652581,53.2234348799678,39.162807024416466
185.5945094440498,73.15380387726681,53.18064490571726,39.30963390293445
185.89472706936024,73.02985048553374,52.58020965509637,39.557540686400586
185.9912396589409,72.92201171442319,52.387184475935044,39.77321822862169
186.22835014103066,72.83507392307786,51.91296351175552,39.94709381131236
186.20601787427145,72.81022444653308,51.95762804527398,39.99679276440192
186.2887719246747,72.79295152510868,51.79211994446746,40.03133860725071
186.12189259849092,72.88655765360957,52.12587859683506,39.84412635024893
186.04923224340587,72.14195321211633,52.27119930700515,39.888220879140384
186.70184828265005,69.83707288135855,52.414017708614,40.15383010036436
186.7908274346423,69.72365901799617,52.236059404629486,40.380657827089124
186.5744138234428,69.09700404616416,52.66888662702847,40.178427160401306
186.28544521949533,67.56552695525937,53.24682383492339,40.32367936242876
186.4099333160675,67.53813284539906,52.99784764177903,40.378467582149405
186.56708562505776,66.95452286384226,52.68354302379855,40.07855542068396
186.89317612825454,67.00443861497746,52.031362017405,39.97872391841355
187.7661588954855,67.01851566958796,51.73126298799541,39.95056980919255
187.87083504745294,66.9043029945793,51.521910684060494,40.17899515920988
188.16276574878825,66.17829474638647,50.93804928138991,40.18966747449971
188.35871210538392,66.17490357414809,50.54615656819854,40.19644981897648
188.284168965707,66.20062534600413,50.695242847552365,40.14500627526438
187.23537849939012,65.38494379912191,51.364682740884064,40.348228329726766
187.45181530564696,65.34694391172117,50.93180912837036,40.42422810452826
187.7745274481384,65.36900845115568,50.28638484338752,40.38009902565922
187.8077038896055,65.39727571059593,50.22003196045331,40.323564506778716
187.92876464171252,65.32345462595724,49.97791045623924,40.471206676056106
187.98034610915983,65.31911392097898,49.87474752134467,40.47988808601263
187.0836293411569,65.36993666726264,50.24719765414885,40.378242593445336
186.90506585633338,65.43604768528962,50.604324623795904,40.24602055739134
186.88067862586632,66.15411404039556,50.65309908472999,40.238275245021214
186.73656367414017,66.13883779538662,50.94132898818229,40.26882773503908
186.6655931118329,66.9129274232972,51.08327011279689,40.154568545922245
186.58199903406546,66.88716261071103,51.25045826833175,40.20609817109459
186.38991453310283,67.57709744850445,51.634627270256985,40.26386138672417
185.7431350327041,67.57863036781774,51.4837381705175,40.26079554809761
185.66729201033658,68.34586615681734,51.635424215252485,40.16841472028713
184.96717775642688,69.03737997111173,51.592745254769106,40.228294560001125
184.98975446853632,69.07663586057217,51.54759183055022,40.149782781080255
185.33140377822906,69.0816372219764,50.86429321116474,40.13978005827181
185.31551146755052,69.14088676748437,50.896077832521804,40.02128096725585
185.482458016457,69.10603293269386,50.562184734708886,40.09098863683686
185.6801348411721,69.09229042178464,50.16683108527869,40.11847365865532
185.65621302871156,69.08927818898964,50.214674710199766,40.12449812424532
185.67845170991325,69.0175856854812,50.170197347796375,40.26788313126221
185.76970983414168,69.05809178069647,49.987681099339525,40.18687094083165
185.70699753140116,68.97376111178205,50.113105704820526,40.35553227866049
186.02354203879673,68.95199455036288,49.48001669002938,40.39906540149883
185.9569437152213,68.89443684643167,49.61321333718025,40.51418080936125
185.839478397203,68.82008654330248,49.848143973216864,40.66288141561964
185.98476064600712,68.80173888014042,49.55757947560865,40.69957674194377
185.2244053251404,68.84572123422053,49.65862991034798,40.61161203378353
185.11911019888734,68.2959010223635,49.869220162854106,40.29145981960586
185.16320694745244,68.29274948941656,49.7810266657239,40.29776288549972
185.05356521101254,68.27696661397131,50.00031013860371,40.32932863639025
184.89339944775352,68.26777379983216,50.320641665121755,40.34771426466854
184.17198528647413,68.31756624240084,50.33778286212723,40.248129379531186
184.1538693194169,68.31746058307816,50.37401479624165,40.24834069817655
184.00813587827867,68.29672349354134,50.66548167851816,40.289814877250194
183.74732967238148,68.28884015501599,51.18709409031256,40.305581554300886
183.5017607034082,69.0595045028675,51.678232028259146,40.20253255619565
183.48603148649232,69.11152595710868,51.70969046209087,40.098489647713265
183.41206838392853,69.1233173058707,51.85761666721846,40.07490695018925
183.3696014658909,70.61383725324896,51.9425505032937,39.983428006343516
183.4500099966432,71.36987488763941,51.78173344178914,39.91594005094247
183.65265418084806,71.26024006512027,51.376445073379415,40.13520969598077
183.50361854639388,72.00279123293616,51.67451634228776,40.08851497248753
183.8301610597057,71.85588327783574,51.021431315664124,40.38233088268836
183.64273759217852,71.71182080185831,51.39627825071845,40.67045583464324
183.61906754356667,71.6629426713982,51.44361834794218,40.768212095563456
183.6021341325466,71.57408634979288,51.4774851699823,40.94592473877409
183.39863966337384,71.47976765382268,51.884474108327794,41.1345621307145
182.50884075782864,71.43603167786377,52.20165278894396,41.22203408263232
181.66056683423133,73.21426806055788,52.429503786852365,40.60295501581636
181.68852441502034,73.16469644391216,52.373588625274344,40.702098249107806
181.78800780388565,73.09182269971177,52.174621847543754,40.84784573750862
181.86859380144452,73.12367374290899,52.013449852426014,40.78414365111416
181.80905320794764,73.87428174420724,52.13253103941975,40.7416297343509
181.80193890243532,73.94958109307802,52.146759650444366,40.59103103660934
181.77985935977355,73.90911291984594,52.19091873576791,40.67196738307352
181.55987764595412,73.79917391260065,52.630882163406795,40.891845397564076
181.30567599634966,74.78003016839841,53.13928546261572,40.400028308655266
181.16990295708592,76.19828491915658,53.41083154114321,40.50280036611268
180.99970441264432,77.07466581061658,53.751228630026375,40.225496853451276
180.26301015376805,76.78375598500374,53.74850579525579,40.807316504676955
180.11040024332266,76.66693643295281,54.05372561614652,41.040955608778816
180.21544769205715,76.94637717820444,53.84363071867757,40.48207411827552
180.0685266929288,75.38083639662419,54.1374727169343,40.64972832249156
179.86231785558556,73.05150630102796,54.54989039162078,40.84160149695068
180.40975212709895,72.26627187180938,54.9533671800766,40.9137250239052
180.4685425875526,72.13536320285652,54.835786259169296,41.175542361810905
180.25519509759886,71.96742805995925,55.26248123907682,41.51141264760545
180.08403754186116,71.93490089397625,55.60479635055219,41.57646697957145
179.37193382655914,72.67362163999667,55.502581650778296,41.62544761790856
179.3125380125292,73.41984602738431,55.62137327883818,41.658666180383165
179.362977806914,75.76449556259388,55.52049369006859,41.5534240772899
179.46391718476298,75.62556097317051,55.31861493437058,41.83129325613663
179.3519192631145,75.51860473250608,55.542610777667576,42.04520573746548
179.333974421646,75.53998451871433,55.57850046060457,42.00244616504898
179.39957696472118,75.00230048220028,55.44729537445419,41.5448290031926
179.3253888362422,74.97410322940497,55.59567163141212,41.60122350878322
180.07854702145573,75.14390745070193,55.61604348425652,41.26161506618931
180.19240015268286,75.2276904606927,55.38833722180227,41.09404904620777
180.34497414958753,75.24613523969303,55.08318922799296,41.0571594882071
181.2651927121209,74.50041263147384,54.7527398710904,41.03861693648129
181.23927179243123,74.39789680830818,54.80458171046975,41.243648582812625
181.24361447759816,74.48550645375806,54.795896340135855,41.06842929191286
181.22501059400494,74.60433804069895,54.83310410732231,40.83076611803108
181.20884813108705,74.7446718593499,54.86542903315806,40.55009848072917
181.226237750795,74.82298869812519,54.830649793742154,40.3934648031786
181.19081695803715,75.01356627918068,54.90149137925788,40.0123096410676
181.85494092042757,75.13218257220902,55.06334410481834,39.775077055010954
181.93999029864943,75.1609399589638,54.89324534837459,39.717562281501394
181.98743604486992,74.94561971189573,54.79835385593364,40.148202775637515
181.91588885533832,74.94388042930738,54.94144823499683,40.1516813408142
181.81168205336337,74.87210382630613,55.14986183894672,40.295234546816715
182.57188012453145,74.69926873852292,55.127980176768034,40.64090472238315
182.64508726344494,74.53496062573414,54.981565898941064,40.969520947960696
182.58875923009842,74.39709788024571,55.094221965634105,41.24524643893756
182.6824602603669,74.32167633563414,54.906819905097194,41.3960895281607
183.46378894300267,74.23905519739145,54.85700793781234,41.56133180464606
183.4976108425756,74.98092169187885,54.78936413866648,41.5923844790933
183.5146746646738,75.03421290035647,54.755236494470076,41.48580206213808
183.42938763040684,75.07127264166954,54.92581056300399,41.41168257951192
183.4714103079761,75.08086425121729,54.84176520786548,41.39249936041644
183.50716449418982,75.00359946672742,54.77025683543802,41.54702892939618
184.25178178185382,75.01066334395806,54.79425208140057,41.532901174934885
184.23636752333096,75.13459548211122,54.82508059844635,41.28503689862855
185.21157350965268,74.9580623349726,54.38445413649268,41.63810319290582
185.1245698261455,74.94634013342323,54.55846150350712,41.661547596004546
185.60841204644024,74.93691141207516,55.10264611971268,41.68040503870069
185.65217897708084,75.0462318954707,55.015112258431486,41.4617640719096
185.38202849514494,74.28714680660515,55.5554132223033,41.464366054587146
185.1397855584172,74.30525378767177,56.039899095758784,41.42815209245389
185.64250099977826,74.44483014624142,56.56508008376587,41.14899937531461
186.41026683218587,73.55964434858706,56.56355764679121,41.38536174278276
186.55173262778462,73.57522478830268,56.28062605559371,41.3542008633515
186.5012410288412,73.48036630179399,56.38160925348049,41.543917836368884
186.29584479269764,73.5293096449353,56.79240172576765,41.446031150086284
186.47976425427797,73.39770960757073,56.42456280260699,41.709231224815404
186.97061272069055,73.50404053128817,56.983930147571215,41.496569377380524
187.69733593273273,73.36159728398309,57.07655582480383,41.7814558719907
187.5617044267038,73.42432440724353,57.3478188368617,41.65600162546979
187.46759274945515,73.3528907294278,57.53604219135899,41.79886898110125
188.26524026891013,73.06520216885421,57.5001609283011,42.37424610224843
188.10940122593234,72.12486627850652,57.8118390142567,42.686608527237205
188.29788198597544,71.91241348017233,57.434877494170536,43.11151412390557
188.28831359102998,71.77414467197275,57.45401428406146,43.38805174030474
188.46328900364261,71.77693521675512,57.104063458836144,43.382470650740004
189.04039967412683,71.76192266378192,57.52861451803781,43.412495756686425
189.87033286929136,71.76744239624267,57.45448118574032,43.40145629176489
189.81173899732062,71.64680534548148,57.571668929681834,43.642730393287295
189.78883429361926,72.30213277404116,57.61747833708455,43.922225231978466
189.6602037909742,72.23792330409809,57.87473934237464,44.050644171864604
190.36745265954363,73.11293767741758,58.06167064363262,43.90204446362242
190.38999416512095,73.08840931492595,58.016587632477965,43.951101188605655
191.2492890805759,73.04703257153648,57.899964328681854,44.03385467538463
191.0728725269488,72.9132630806561,58.25279743593601,44.30139365714539
191.8958686039097,72.70908504126277,58.218091480234534,44.70974973593205
191.52283341244274,72.71280185449137,58.96416186316844,44.70231610947481
191.44934439403764,72.50806214115242,59.11113989997865,45.111795536152734
191.0741666315493,73.28913223077475,59.86149542495531,45.18725565271177
190.75863932799382,74.00736089651451,60.492550032066305,45.40106930713965
190.73970474028712,73.82863245299991,60.53041920747969,45.758526194168844
192.614340916116,73.77549813911895,60.12073780575287,45.864794821930744
192.49118462129715,73.61642606872024,60.36705039539053,46.18293896272819
192.3555602353155,73.54732519871011,60.638299167353885,46.32114070274843
192.33951278414318,73.58617077517036,60.670394069698474,46.24344954982793
193.05513318891911,74.4876072311011,60.91899924001447,46.1204226178343
192.83142682897346,74.47262121093101,61.366411959905776,46.15039465817445
193.61558111596693,74.52252333977017,61.48703713790691,46.050590400496134
194.39965607797635,74.48848546843178,61.6080256797348,46.11866614317293
194.3622613933283,74.38365254754245,61.68281504903087,46.32833198495156
195.2123589097541,74.38734247023059,61.679280790505516,46.32095213957529
194.90723073816633,74.33421783745383,62.28953713368107,46.42720140512881
194.78598371139663,74.23572269188439,62.53203118722048,46.624191696267694
195.6216233691662,74.18286195884988,62.57517780619144,46.72991316233673
195.23667202570417,74.10632455913228,63.34508049311553,46.88298796177192
