70.5,51.5,107,87
70.31430563676172,49.95685305171779,106.37138872647657,89.08629389656441
70.25438068843651,48.97507742373281,106.49123862312697,91.04984515253437
70.38056771261657,48.487219219409674,106.23886457476686,92.02556156118065
68.69839988776305,48.0887329422618,106.48293221360711,92.8225341154764
68.82220951956465,46.180326318859855,106.2353129500039,93.50252222096853
68.91571263250515,46.569577910932615,106.04830672412292,92.72401903682301
67.46171655730322,46.794387950127145,105.82778472232903,92.27439895843395
66.03007486949089,46.8453539469004,105.57317453940126,92.17246696488743
65.96937485049614,47.27885739517122,105.69457457739075,91.3054600683458
65.95145674183986,47.541522521115226,105.73041079470332,90.78012981645779
65.90858464349643,47.772302069480865,105.8161549913902,90.31857071972651
65.9690519336047,47.87717258440975,105.69522041117364,90.10882968986874
65.95852626273923,47.859441684690054,105.71627175290459,90.14429148930813
64.56966486494444,47.899861076009095,105.41201431367304,90.06345270667005
64.5299850132804,47.828220454378744,105.49137401700114,90.20673394993075
64.62154308633107,47.9637850947485,105.30825787089978,89.93560466919124
64.62977641440929,47.99127792832785,105.29179121474336,89.88061900203255
64.89693914832742,48.05426565498672,104.75746574690707,89.7546435487148
63.552881426936295,48.02351871324618,104.3846771185336,89.81613743219587
63.50355539476694,48.27458576888478,104.48332918287231,89.31400332091867
63.656059143721095,48.3434997516718,104.178321684964,89.17617535534464
63.79895528398153,48.688722098387686,103.89252940444314,88.48573066191287
64.09544752758016,48.782769770764645,103.29954491724587,88.29763531715895
62.796073529283234,48.696324606934425,102.88332765078195,88.47052564481939
62.90432500306549,48.65040902960294,102.66682470321744,88.56235679948236
62.99272486795198,48.80148401374315,102.49002497344446,88.26020683120194
63.06100760621635,48.952523314048996,102.35345949691572,87.95812823059025
61.50419921430286,49.33574302845139,102.47218762524147,87.19168880178546
61.52556973535903,49.4620146653244,102.42944658312913,86.93914552803943
61.7104582434838,49.60112837984592,102.05966956687959,86.6609180989964
61.805815999882995,49.5774476151978,101.8689540540812,86.70827962829264
61.598688928701584,49.65263019542721,102.28320819644402,86.55791446783383
61.715361167198125,49.56255889307102,102.04986371945094,86.7380570725462
61.84797189850223,49.766847457210005,101.78464225684273,86.32947994426823
61.96105814525312,49.841417429612726,101.55846976334095,86.18033999946279
60.581467399945346,49.92848711242214,101.36361524912995,86.00620063384396
60.57101754236564,49.92983381107103,101.38451496428937,86.00350723654618
60.433675543395616,49.937270616398585,101.65919896222941,85.98863362589107
60.418754204601,50.11956753035742,101.68904163981864,85.6240397979734
60.441615432125204,50.24701818050798,101.64331918477023,85.36913849767228
60.55361218032487,50.16250710022965,101.4193256883709,85.53816065822895
60.816150660045864,50.482383696022,100.89424872892891,84.89840746664424
60.99033616921002,50.580433684443044,100.5458777106006,84.70230748980215
61.24690410862732,50.746382015493666,100.032741831766,84.37041082770091
61.38998396456915,50.81224223015794,99.74658211988235,84.23869039837236
61.77423748611073,50.96136210683096,98.97807507679919,83.94045064502632
63.30337079208235,51.06312233587619,98.79798060833463,83.73693018693587
63.472444957307445,51.05075827241342,98.45983227788443,83.7616583138614
63.694757290975005,51.16269623428557,98.01520761054931,83.5377823901171
63.64630160111209,51.246974084038605,98.11211899027514,83.36922669061103
65.22139359263682,51.3596280492977,97.81755038412891,83.14391876009284
65.33946320765861,51.61984865779041,97.58141115408533,82.62347754310741
65.25681238036941,51.82552895232867,97.74671280866372,82.2121169540309
65.43904835306049,52.02568071498706,97.38224086328155,81.81181342871412
65.7673690376196,53.41707447144975,96.72559949416335,81.84831500755368
65.75252036199475,53.744466538639436,96.75529684541303,81.19353087317431
65.80684358203078,53.85933904845747,96.64665040534099,80.96378585353824
65.92039230386148,53.85608330055,96.41955296167959,80.97029734935319
65.95478794584379,53.827136673403245,96.35076167771496,81.02819060364669
65.97879909565415,53.808135197601615,96.30273937809423,81.06619355524995
66.35984858941879,53.85728005816631,95.54064039056497,80.96790383412056
66.80032360970816,55.096678877493886,94.65969034998623,81.26639891177646
68.09414120828316,55.06957719607596,94.84053686599712,81.32060227461231
67.96901073960235,55.20792406110065,95.09079780335875,81.04390854456294
67.79326785049072,55.151124521552525,95.44228358158202,81.15750762365919
67.71075019123708,54.916321884208266,95.60731890008928,81.6271128983477
67.93432598130555,54.80683875672296,95.16016731995236,81.84607915331831
67.77690439167174,54.85858844353403,95.47501049921998,81.74257977969617
67.895768264716,54.74015981349109,95.23728275313147,81.97943703978206
67.99701898007106,54.577516607387544,95.03478132242134,82.30472345198915
68.14716898908878,54.73126887274643,94.73448130438588,81.99721892127137
68.20883465357166,53.539605620949075,94.61114997542015,81.5991766964213
68.21819761663565,52.276254574957925,94.59242404929216,81.3528050933751
68.27083930678879,50.86010042036557,94.48714066898589,81.41628423224176
68.23052326213008,50.8944860856568,94.5677727583033,81.3475129016593
68.3571296818204,50.96399733967697,94.31455991892268,81.20849039361896
68.51810241056566,51.11863980586193,93.99261446143215,80.89920546124904
68.49141638577878,51.56949619899704,94.0459865110059,79.99749267497883
68.54244439055854,52.00572577178414,93.94393050144637,79.12503352940462
68.59746540539014,52.24583700718526,93.83388847178318,78.64481105860239
68.49886872109082,53.74310590275043,94.03108184038182,78.36383890528361
68.50058020765135,53.87519736223378,94.02765886726074,78.09965598631692
68.53633350023141,54.10665575474462,93.95615228210065,77.63673920129523
68.63755048520801,54.29515205596735,93.75371831214744,77.25974659884977
68.63449883026733,55.8456133544272,93.7598216220288,76.84881608158213
68.77308558621428,55.86436169757959,93.48264811013489,76.81131939527735
68.88630586248729,55.91084387337767,93.2562075575889,76.71835504368119
69.07933321360237,55.83456940731128,92.87015285535873,76.87090397581397
69.0137238214088,55.88222774233681,93.00137163974584,76.77558730576291
69.08746195272236,57.47334603047392,92.85389537711873,76.26394928843055
69.17117387289306,57.320692258330276,92.68647153677732,76.56925683271784
69.25274057493299,57.16887740930211,92.52333813269749,76.87288653077417
69.17264559323347,57.22908779420791,92.68352809609652,76.75246576096256
69.26783219237078,57.20674814622963,92.49315489782191,76.79714505691913
69.34663149289554,57.06895626756001,92.3355562967724,77.07272881425837
69.41865137743952,57.05278212514919,92.19151652768444,77.10507709908
69.45129602045083,56.90602438440962,92.12622724166181,77.39859258055915
69.36161083097448,56.86220818839238,92.30559762061449,77.48622497259363
69.3610918517016,56.98693728563819,92.30663557916026,77.23676677810201
69.40565608848071,56.94771904196227,92.21750710560204,77.31520326545385
69.46537075429109,57.00871985886486,92.09807777398129,77.19320163164868
69.4778385079658,55.80934072292616,92.07314226663185,76.92853995858498
69.68215445844673,55.72630798357459,91.66451036567,77.09460543728811
69.86687574367336,54.40758595881852,91.29506779521674,77.07690295207085
71.33922030714643,54.55799524726275,90.99954122335774,76.77608437518239
71.51548945759122,54.41066851380682,90.64700292246818,77.07073784209426
72.94009527517292,54.44131861798211,90.43685135891646,77.00943763374367
73.05758347966538,54.491234571480334,90.20187494993152,76.90960572674723
73.13275656705119,54.38923245389273,90.0515287751599,77.11360996192244
73.17802887802311,54.31593843638402,89.96098415321606,77.26019799693985
73.32533979855705,54.379967906562726,89.6663623121482,77.13213905658245
74.73367982821426,54.445395421827925,89.47457552610466,77.00128402605205
74.66206391804872,54.68088679411042,89.61780734643578,76.53030128148706
76.05512852514073,54.78149645771012,89.44615365300005,76.32908195428766
76.1676660715793,54.89342035192382,89.2210785601229,76.10523416586025
76.03850412478799,55.15123062729453,89.47940245370555,75.58961361511884
76.01460115760364,55.58269110018806,89.52720838807427,74.72669266933178
75.99521432941168,57.216943163233324,89.56598204445817,74.04223754495808
76.1287777445044,58.87962338645623,89.29885521427272,73.29048335341702
77.64068001816965,58.85702365684216,88.83240811829214,73.33568281264516
77.72233476008051,59.014625087866136,88.66909863447042,73.0204799505972
78.11185689962164,58.84248751057813,87.89005435538813,73.36475510517322
78.28958238505754,58.80712486642435,87.53460338451636,73.43548039348077
79.7041606761901,60.22715683561714,87.23797663877049,73.12794629161448
79.7647751008283,60.138154478481596,87.11674778949411,73.30595100588556
79.9013354784898,60.19019198927131,86.8436270341711,73.20187598430613
81.5185664855234,61.62242066312087,86.12727666928932,72.85553028579243
81.60157023046628,62.888178319076786,85.96126917940354,72.82549934165795
83.04022561117218,64.09296684583487,85.58239742448526,72.91436129463528
83.2106797626723,64.12640783537937,85.24148912148502,72.84747931554628
83.16845390251653,64.1549808389374,85.32594084179655,72.7903333084302
84.4231819859121,64.22096382684987,85.30454760349278,72.65836733260527
85.6990538855631,64.35016597987482,85.23841499885407,72.3999630265554
85.64777481032453,64.37193973550104,85.3409731493312,72.35641551530293
85.58434595731322,63.37934785871171,85.46783085535385,71.86028130108411
87.0178746910976,62.41098609262216,85.07606356227949,71.32171465876881
87.18840337637953,62.40844373720973,84.73500619171566,71.32679936959367
87.34672779267068,62.55312386239075,84.41835735913335,71.03743911923164
88.7892988016477,61.629393135109986,83.9790698101633,70.43904610480918
90.13852095565527,60.415020808991734,83.71006863320198,70.43834762599188
90.29871375070896,59.313606570455555,83.3896830430946,70.21589235420721
90.28182120863602,59.46977642513618,83.42346812724048,69.90355264484596
91.69292739502946,58.4428842038819,83.01350662219383,69.54508621961432
91.692134409922,57.35788167443776,83.01509259240872,69.3149355256651
93.26582455869348,56.947056784009504,82.26418364478917,70.13658530652162
93.15445109241057,56.01156042465443,82.48693057735501,69.60946642824716
94.29948528396535,56.01286048080584,82.58993384340275,69.60686631594433
94.13862781512469,56.16647331017408,82.91164878108407,69.29964065720786
94.21324717082706,55.18154447239124,82.76241006967933,68.87486761094516
95.43455747748447,55.209363822758974,82.70527307418575,68.81922891020969
96.75655842021577,55.204631852523015,82.44497748613409,68.8286928506816
96.69781280148243,55.23891296093815,82.56246872360079,68.76013063385133
98.02067607720215,55.47955923896386,82.29729573461562,68.27883807779992
98.22062430280326,55.706397960324836,81.89739928341339,67.82516063507796
99.26421226036048,57.12309388516353,82.16545391149967,67.3469993286013
100.69751714761176,58.56268420572572,81.6504780716304,66.8194526221102
102.10850900667911,59.92632252669142,81.16368532385755,66.42736695054066
102.1643223306919,60.05270092699661,81.05205867583197,66.17461014993029
102.2313776669856,60.26183003352972,80.9179480032446,65.75635193686406
102.27568611569626,60.36880325925072,80.82933110582324,65.54240548542207
102.18800611228593,61.55242109858917,81.00469111264391,65.47709156028957
103.36249814110349,61.72829591698379,80.95926438176139,65.12534192350033
104.5785416421451,62.89583785877588,80.8243414937855,65.08742215402344
104.54820414500989,62.81224791840815,80.88501648805588,65.2546020347589
105.86025753456863,62.96333627087796,80.55902780880126,64.95242532981928
105.88655393994375,63.02279048690122,80.506434998051,64.83351689777275
107.14494385395416,63.262114123407976,80.2751439023418,64.35486962475925
107.18343223705338,63.26506637324613,80.19816713614334,64.34896512508294
108.50442515943664,63.21025387295978,79.82909059883008,64.45859012565563
108.76336791415758,63.25485057441795,79.3112050893882,64.3693967227393
108.71609549522847,63.316728808729,79.4057499272464,64.24564025411719
110.04697272145911,63.46656501010226,79.0030704724177,63.945967851370675
110.14075917102264,64.604676761749,78.81549757329066,63.917786102283046
111.37597367237882,64.90876782366341,78.58977382339663,63.30960397845422
111.68000597485832,64.78100884381021,77.98170921843764,63.56512193816063
113.0866694066406,64.63737155710908,77.39457401291828,63.85239651156289
113.09392786635397,64.56764668905436,77.38005709349153,63.99184624767233
114.25697663121255,64.63640242034424,77.2777915008968,63.854334785092554
115.43499305433122,63.613703984940955,77.14179713196347,63.67969317859513
115.6962283815391,63.50583382266084,76.61932647754772,63.89543350315536
117.1649475819582,62.50176448996632,75.89244971997553,63.69301052527836
117.37477292603575,62.54004425105168,75.47279903182046,63.61645100310765
118.55036168893984,62.56923693724818,75.31001298897226,63.558065630714644
119.74484181073844,62.63897415910333,75.10599301086373,63.41859118700436
119.90676353916525,61.5100515075401,74.78214955401009,63.49688892827478
120.15121662501842,61.71091750334853,74.29324338230376,63.095156936657915
121.39375533212691,61.63808175305381,73.96996538397555,63.24082843724736
122.56838837503574,61.33750176749157,73.7798470730177,63.84198840837185
123.80867871330688,61.04723230633095,73.4651262854923,64.42252733069309
123.89567004777291,60.893165582641515,73.29114361656025,64.73066077807195
125.04577523926397,60.57971202993715,73.16345953931835,65.35756788348068
126.29984253335122,60.158740052952524,72.83589238616563,66.19951183744993
126.41517027405949,60.12620465955642,72.60523690474909,66.26458262424214
126.46880915617078,60.3010029696578,72.4979591405265,65.91498600403938
127.79707103800322,60.49472405642263,72.0205503928775,65.52754383050971
128.8297280327959,61.207178502067265,72.12074468362802,64.10263493922045
128.8357350108347,61.7852052812428,72.10873072755045,62.946581380869375
129.79356884656514,62.1103570846467,72.31869446941967,62.29627777406158
130.97831111854555,61.28160428797128,72.0676613538233,61.83533193904802
131.9178116469276,61.85022080166365,72.29582909078385,60.698098911663266
131.96513117207132,61.78127084377179,72.20119004049637,60.83599882744698
132.99324390244078,62.02536075451695,72.23812630104379,60.34781900595666
133.938356808337,63.01298907068015,72.43376801521484,60.458429899593774
134.98335130998373,62.95299323252464,72.43444416805244,60.578421575904784
136.10922122580178,63.388957582282224,72.27531382689261,59.70649287638962
137.17859885377828,63.65220901592119,72.21265468740168,59.17999000911169
138.42931846850777,63.69214994281059,71.77784472712098,59.10010815533289
138.6571429357208,63.830131134570614,71.32219579269488,58.82414577181284
139.87924446016171,64.06739904990948,70.92517747396661,58.349609941135085
141.03501414847597,64.2226221250861,70.64705197793458,58.039163790781856
141.1103571901049,64.2740874929974,70.49636589467673,57.93623305495927
141.12167144806426,64.42431826012785,70.47373737875802,57.635771520698356
143.11875252656617,64.37483025848645,70.50945222546102,57.73474752398115
144.2250157925416,64.25903119438019,70.3140128778216,57.96634565219371
145.30192278106648,65.20201477198869,70.17802104745964,58.09820064366451
146.38833012177633,65.27002981069121,70.02306380908468,57.96217056625946
147.53996171888645,65.33235146218374,69.73307751624165,57.837527263274424
148.53145334831527,65.4777659098225,69.7568954637486,57.54669836799688
148.74690263581738,65.46036853152373,69.32599688874441,57.58149312459443
149.93871955020234,65.43414144288565,68.93876553335421,57.63394730187058
150.85026464853848,65.37668526860378,69.10695783874311,57.74885965043434
151.801918952243,65.25831382166598,69.19937576075705,57.98560254430994
152.9357323214736,65.49431164527519,68.93271484582355,57.5136068970915
152.86444429355856,65.64930535580677,69.07529090165363,57.20361947602832
154.00135656715926,65.83412604232306,68.78791240178298,56.83397810299576
155.07799969795173,66.09265585759883,68.6106831607695,56.316918472444215
156.18633846376474,66.42947009351724,68.35898650720401,55.643290000607394
157.3631932644621,66.60574076247104,67.95550020282664,55.29074866269981
158.5586379667602,66.63834058657996,67.50293305099592,55.22554901448197
158.5746832358539,66.79390231755282,67.4708425128085,54.914425552536244
160.65879433449996,66.84810617587553,67.15219921102171,54.80601783589084
160.80704008477466,66.63732825698102,66.85570771047232,55.227573673679856
161.85291080651547,66.69045163366218,66.68435617060794,55.12132692031753
161.8873247148133,66.7109236951183,66.61552835401224,55.080382797405285
162.83150351257146,66.75334254527598,66.64148827219053,54.99554509708991
163.8016859124036,66.91896618500544,66.61447112055401,54.664297817630995
164.7820948378897,66.95771318218644,66.56123580649611,54.586803823268994
164.6424704403177,67.10535754486587,66.84048460164007,54.29151509791016
165.50699487318863,67.11733719196853,67.01646542647244,54.26755580370483
166.47889970406166,67.11016188864153,66.98000050246247,54.281906410358815
166.41548910911294,67.2274787518588,67.10682169235993,54.047272683924305
167.5105902156178,67.2929908184008,66.82178484312244,53.916248550840294
168.61997971721078,67.15382008598078,66.50167478519228,54.19459001568031
169.64230565421792,67.15234402274007,66.35527956545344,54.19754214216175
169.65238414138196,66.32048933742618,66.33512259112538,53.96519701096071
170.58914677365863,66.51951972636509,66.35358506857357,53.56713623308289
171.55887575481464,66.4132116302552,66.29995674340067,53.779752425302675
171.49173280955688,66.54704478681286,66.43424263391617,53.51208611218735
172.56693406617987,66.4661277640499,66.17001625896425,53.67392015771328
172.91424264986966,66.42802797429738,65.4753990915847,53.75011973721832
172.8008642522305,66.5027128375183,65.70215588686303,53.600750010776466
173.7079954294003,66.66759143073858,65.76426156257742,53.270992824335906
174.71358929500542,64.93081750172598,65.62506183947251,53.00056466615047
176.73618648717255,64.11154752036197,65.31081439436274,52.77363115926626
177.8122541154688,63.1641942964924,65.015654602025,52.81136214275063
177.73474655811827,63.03008368599485,65.17066971672605,53.07958336374571
178.81883000806695,62.89708387218135,64.86227624666252,53.34558299137272
179.80722733877207,62.742789107918554,64.74481261893166,53.65417251989831
179.81917409977908,62.67601385563423,64.7209190969176,53.787723024466956
179.73890710601415,62.73317245351603,64.88145308444749,53.67340582870335
179.71571895809598,62.705273397354794,64.92782938028384,53.72920394102583
180.85763872216512,62.75535831301556,64.5105228689454,53.6290341097043
181.88383146099983,62.57965386805662,64.31662885142866,53.980442999622184
182.08339609163832,62.43803001617458,63.91749959015168,54.26369070338626
183.13185081218444,62.458845739189506,63.680158273569745,54.222059257356406
184.0559594623644,62.551053566487084,63.68717464937308,54.03764360276125
184.91857626226735,62.79628143985836,63.81431756939054,53.547187856018695
184.8281230489758,62.86801007706492,63.995223995973596,53.40373058160557
184.85648966467676,63.859875097213866,63.93849076457174,53.266921027875966
185.8270551707156,67.72344876687734,63.841200583995075,52.915137014553174
186.73865334042708,67.75266586968613,63.85467290404331,52.8567028089356
186.84615550542293,67.76604683136989,63.639668574051576,52.82994088556809
187.85985495302663,67.7252962107242,63.44446075586771,52.91144212685946
187.6020607502136,67.78800916549466,63.96004916149376,52.78601621731856
188.32713996592406,67.8518960468911,64.34630493821633,52.65824245452566
188.41526009384805,67.91061276808249,64.17006468236839,52.54080901214289
189.36376105536752,62.404667494356794,64.10874683852376,52.53859508442828
189.15592264500089,63.51149820575366,64.52442365925705,52.159639164006975
190.0044312345029,63.355184629953285,64.6623696877462,52.472266315607726
190.91784688229785,62.45443579750898,64.67767936518719,52.431623007465475
190.77583220094056,62.2969780779629,64.96170872790177,52.746538446557636
190.5609344438356,62.20058812689771,65.39150424211167,52.939318348688005
190.7545102547857,62.171667706130805,65.00435262021145,52.99715919022182
191.8937522833849,63.360563156817854,64.58175343697299,52.47525316280762
192.0925114855722,64.33147013277264,64.18423503259841,52.37439021934645
192.05846102742686,64.35773986658663,64.25233594888911,52.32185075171846
192.05025487846925,64.31558818824908,64.26874824680431,52.40615410839355
191.97119534397402,64.41461294467848,64.42686731579477,52.20810459553475
192.0150696059276,64.62056781471972,64.33911879188759,51.7961948554523
193.06428020652595,63.87886385074102,64.06693154907798,51.453368825022565
193.08427505669198,63.75842547289307,64.02694184874592,51.69424558071846
194.15974832687337,63.69092094918015,63.69578711714502,51.8292546281443
194.34444409036936,63.60318647208679,63.32639559015301,52.00472358233103
194.6364346631017,63.58388234446259,62.74241444468835,52.04333183757943
194.49725995312036,63.45460854048751,63.020763864651045,52.30187944552957
194.69725281572377,64.41079391518639,62.62077813944422,52.2036510596631
194.52391174280217,64.46267504273031,62.967460285287444,52.09988880457528
195.524821029105,65.40118208040586,62.77570436762755,52.032937384170005
196.4612983928239,65.40829742058114,62.70877989841894,52.01870670381946
197.2589526138237,65.38952927990775,62.918241677893306,52.05624298516622
197.17999524372024,65.52781362983846,63.07615641810023,51.77967428530479
197.10283933529215,65.48624187027347,63.23046823495644,51.86281780443477
196.88102097108538,65.6512346440051,63.67410496337,51.53283225697152
196.58858023770568,65.72305589803901,64.25898643012934,51.389189748903696
198.3832203355663,65.68556899165543,64.3065255106296,51.46416356167086
199.1163439406239,65.3922627910943,64.66063227883927,52.050775962793125
199.07636047249002,66.23177309085708,64.74059921510701,52.20704643251628
199.87701172777193,66.00874268170318,64.97834581742104,52.653107250824064
199.64238973860483,66.36478554614746,65.4475897957552,51.9410215219355
200.51881831180984,66.62130994625625,65.54031051521537,51.42797272171794
200.38620746003323,66.50750226250949,65.80553221876859,51.65558808921146
200.45176480010477,67.52547480838156,65.6744175386255,51.46606591435786
200.48129599626816,67.45514454614027,65.61535514629875,51.60672643884045
200.68085242933648,67.49769535239321,65.21624228016205,51.52162482633456
201.72441129751073,67.64923446008561,64.96435097210399,51.21854661094977
202.70896256081642,67.72449208763734,64.82169621113295,51.06803135584629
202.84991807838645,67.7873015273746,64.53978517599292,50.94241247637179
203.76843295044475,67.01434296416852,64.51821838103518,50.67286665362511
203.90566494588694,67.13040065275456,64.24375439015077,50.440751276453014
204.7033655904641,67.0736774638961,64.45113510913751,50.554197654169926
205.53173298288925,67.06205802300967,64.60219925729027,50.5774365359428
206.27162837588412,66.91331694370888,64.93289623927697,50.87491869454438
206.0597405740432,67.04345725878044,65.35667184295883,50.614638064401284
206.01799795222684,67.16468786162912,65.44015708659151,50.372176858703895
206.17655917738836,67.1991390233612,65.12303463626844,50.30327453523975
206.31867814744115,67.15807376250766,64.8387966961629,50.38540505694685
207.20209608663572,67.0982238212137,64.88294277807316,50.50510493953476
207.29321533194593,67.24539804278575,64.70070428745277,50.21075649639066
208.25766832331664,67.3749787650504,64.5778273073352,49.95159505186136
208.38750956796537,67.55416278405855,64.31814481803772,49.593227013845066
209.23433827736886,67.61347841681643,64.41461642456522,49.474595748329264
209.02146264636875,67.60318867864954,64.84036768656544,49.49517522466306
209.93588295115725,67.55216931126569,64.80802808436988,49.597213959430775
210.8499996380055,67.4827155984828,64.7774666291547,49.73612138499654
210.8408505991412,67.38540563275376,64.79576470688336,49.930741316454636
210.95391544381897,67.26527496492865,64.56963501752782,50.171002652104846
210.76993492736352,67.15805432800096,64.93759605043871,50.38544392596022
211.63594918039934,68.12843342986335,65.01806008569213,50.257178263560505
211.4858017356412,68.11922007474597,65.31835497520842,50.27560497379528
212.39030641729886,68.06431677206379,65.3258653442924,50.38541157915964
212.28746378016962,68.18356475224763,65.53155061855085,50.14691561879195
213.23709233634378,68.39307325017822,65.44996946382341,49.72789862293078
214.30096729037467,68.60623084861115,65.13181470750499,49.30158342606491
214.35442777926596,67.81874323030007,65.02489372972242,49.07877387435665
214.28946908915944,67.0888125057059,65.15481110993545,48.74611932900048
215.26319803245832,67.12713906376118,64.99640935603955,48.66946621288992
215.29713596385932,67.27453412601784,64.92853349323761,48.3746760883766
215.22892030809766,73.69754615403265,65.06496480476089,47.985398479814016
215.25820040864932,74.54061819648358,65.00640460365759,48.074488344284646
216.14285347503812,75.44186904923012,65.01290224688255,48.047790414794136
216.04105947027833,75.45727391784519,65.21649025640214,48.01698067756399
216.02781519856853,75.32927754154878,65.24297879982173,48.272973430156796
215.91441741917833,75.16394851750235,65.46977435860217,48.60363147824965
216.91648733982302,72.30776000402732,65.25715048847638,48.94146059170887
216.98167666781234,65.97571015950393,65.12677183249772,49.048898750068474
217.78619489518974,59.6571786764144,65.31131513019848,49.13090344905895
218.62353332112346,59.662959554335124,65.43436901858274,49.11934169321749
218.6239024441651,56.11498632159099,65.43363077249943,49.017625912951964
218.68594414177062,57.09516817353456,65.30954737728842,48.8550032191348
218.7272825536533,57.177899562515314,65.22687055352306,48.68954044117329
218.922166320369,58.91954131447941,64.83710302009167,48.78471119289715
219.0255774036499,61.69739275312412,64.6302808535299,48.58355837127849
219.8227539716072,67.04344067568042,64.81433995721864,48.56193596378626
219.85715728566439,66.98483570138518,64.74553332910426,48.67914591237673
220.69696466820005,68.83913660236257,64.8476484854218,48.534003953199715
220.73066848947454,69.69513260544137,64.78024084287284,48.60292321732688
220.55778227594632,69.59863585289098,65.12601326992929,48.795916722427684
220.54202671432014,69.64696504491815,65.15752439318163,48.69925833837333
220.69880802656726,69.59125133026008,64.84396176868741,48.81068576768948
221.56573222430595,69.57324683550506,64.89549239620759,48.84669475719951
221.41813525615464,69.68698230059243,65.19068633251021,48.61922382702478
221.2928919628203,68.86094347930435,65.44117291917885,48.483775558484226
221.97406960425556,68.08468801605093,65.86793579321146,48.247168328087916
222.68415188810275,68.10881306456396,66.2394954465043,48.198918231061874
222.36113769394498,68.09930778112356,66.88552383481982,48.217928797942676
222.22763629662262,68.16384328750077,67.15252662946453,48.088857785188246
222.31269987266506,68.24779330754276,66.98239947737966,47.920957745104275
223.2237668001486,67.29762113360886,66.96353191583944,48.018035799545196
223.4854437833052,67.15960811209811,66.44017794952632,48.29406184256668
223.48849868486965,67.20503662203726,66.43406814639737,48.2032048226884
223.80091841065425,67.0174204349003,65.80922869482815,48.57843719696231
224.00543732529138,67.84175565504654,65.40019086555388,48.72603068300835
224.30045073288997,68.68174184542266,64.81016405035673,48.838519664707235
224.41213037141335,69.38619206189027,64.58680477330995,49.21493835264044
224.43156020773264,73.82311510889008,64.54794510067137,49.28139938463866
224.29762818141774,73.03674267848807,64.81580915330119,49.065591228314446
224.1580470261639,73.09049868665758,65.09497146380883,48.9580792119754
224.85497981414406,73.97636967524677,65.49271691121287,48.977948258161355
224.83296005018332,74.85869497731161,65.53675643913434,49.0112890236077
223.868288013136,74.89615284105673,65.66689346618242,48.93637329611748
223.9072465495876,74.75737677693616,65.58897639327922,49.21392542435863
224.91302886134446,72.94526184891792,65.38072783622782,49.23152314747042
224.93845977792438,68.47482209058757,65.329866003068,49.170240196837725
224.87890432398427,68.27962450623531,65.44897691094823,49.56063536554224
224.67536325958494,67.33498149698747,65.85605903974687,49.64307230512888
224.67879663245634,68.19574728932247,65.84919229400404,49.735939089766475
223.55468011264514,71.99837484460039,66.28161424521183,49.393928332869265
223.4133200205838,71.91518335537326,66.56433442933448,49.56031131132352
223.41645775525606,72.8248430415561,66.55805895998998,49.564818586792704
223.47109295418588,72.84089121240969,66.44878856213035,49.532722245085516
223.35766661930643,72.90771766439582,66.67564123188927,49.39906934111326
223.31470671267667,71.98261126294943,66.76156104514877,49.426402877156605
223.2739221047588,71.22472169508329,66.84313026098448,49.117548725125225
223.15957410352604,70.29035330694515,67.07182626345003,49.165474563010505
222.34564848515538,67.58652862222564,66.87460696821796,49.097912336529276
222.236079659001,65.76026506965873,67.0937446205267,49.10850533145133
222.06664403412128,65.69706374959549,67.43261587028614,49.234907971577826
222.19159409553046,64.95047359110715,67.18271574746778,48.89640049849364
223.11431963191967,64.86346745800957,67.15960275756869,49.070412764688825
223.1435297696667,64.77796706244001,67.10118248207456,49.24141355582795
223.08087835827317,64.55529853027238,67.22648530486167,49.686750620163195
223.23967201530115,64.39088021931808,66.90889799080571,50.015587242071796
223.34312841217158,64.27425186876768,66.70198519706486,50.2488439431726
222.26239836995643,66.08384847623122,67.02626208333093,50.30401712457389
221.06300320669698,66.19470652855105,67.58202898790333,50.082301019934235
220.88204037669735,65.3990933090885,67.9439546479026,49.825676336785804
221.00645090241693,66.49781191210903,67.69513359646344,49.47738382430434
219.91203434180298,66.47465427356063,68.04431438004029,49.52369910140116
219.64294583436748,65.50297759717643,68.5824913949113,49.62133986321273
218.79052070423353,65.5321436424334,68.43186100084347,49.56300777269879
219.0326841832342,65.4896887038027,67.94753404284211,49.64791764996018
219.1571202997667,65.39263710615421,67.69866180977712,49.84202084525717
218.92069856081784,66.4706999488112,68.17150528767485,49.53158172918171
218.95180237155353,66.48867905330135,68.10929766620345,49.4956235202014
218.69227834240374,67.45242791873565,68.62834572450305,49.41436339169714
217.60476598616663,67.38828503167471,68.95059683618234,49.542649165819
217.31017438086997,67.36972498769813,69.53978004677568,49.57976925377214
216.0853435713203,67.45235908903967,70.12013861794112,49.41450105108909
216.3045151575072,67.36018009669053,69.68179544556727,49.598859035787385
216.27992662392512,67.27443869029149,69.73097251273148,49.770341848585446
215.28197610385587,67.2409653497208,69.8515377219112,49.83728852972683
215.35863488570038,67.0538292212083,69.6982201582222,50.21156078675183
214.5271207056662,67.06990960426032,69.47914968676417,50.179400020647776
214.70525756630394,67.05772948225433,69.12287596548866,50.203760264659756
213.93158151676244,67.18327873784091,68.79698248212426,49.95266175348661
213.95525023667884,67.20854405684025,68.7496450422915,49.90213111548792
213.07587867230382,67.16777718157155,68.64575904458694,49.98366486602532
212.06737439640574,67.08910012328786,68.80037581755498,50.14101898259268
211.14413617328412,67.0967872434765,68.77953063290744,50.12564474221543
211.15801864499792,67.07514573707678,68.75176568947983,50.16892775501485
210.3093359200725,66.99828959962784,68.58208920469471,50.32264002991276
210.20657021336623,66.94550104047629,68.78762061810728,50.42821714821585
209.54972606201267,66.886301589369,68.22946812307784,50.546616050430416
209.80909697083948,66.83505062894085,67.7107263054242,50.649117971286714
209.12885507742328,66.82325630434981,67.21212325040644,50.6727066204688
209.0253010957838,66.73392900134453,67.41923121368542,50.85136122647934
209.01209304121505,66.67297766238212,67.44564732282286,50.97326390440416
207.8832519961557,67.62999176756117,67.84298067277942,50.91958443420826
207.83504480044118,67.4835866443403,67.9393950642085,51.212394680649965
207.02030696399981,67.34892220176327,67.69709275309742,51.48172356580403
207.14038309709343,68.21891573304745,67.45694048691018,51.614220209011826
206.96660127307297,68.22957171967107,67.80450413495112,51.5929082357646
206.79673069678802,68.14180254361877,68.14424528752099,51.76844658786919
206.59008535357137,68.21428396712395,68.5575359739543,51.623483740858816
205.47320314546164,68.28130256599023,68.9033887670854,51.489446543126256
205.38172777248377,68.26456451158799,69.08633951304111,51.52292265193073
205.46468481177598,68.27968447608397,68.92042543445672,51.49268272293879
204.4279513855111,68.3538120059956,69.10259467703213,51.34442766311554
204.34869336336652,68.35814371262668,69.26111072132133,51.33576424985334
204.28236496587945,68.35033182415307,69.39376751629545,51.35138802680057
204.52362200984163,67.25649017160181,68.91125342837105,51.64288730859175
204.45902015379704,67.24007588760733,69.04045714046026,51.67571587658071
204.59845041382954,66.16687165782372,68.76159662039525,51.926005699084854
204.74695562708317,66.02010716334036,68.46458619388802,52.21953468805157
203.6398364817932,65.91473199869755,68.78259658934205,52.43028501733718
203.35991068034514,65.91230933753167,69.34244819223821,52.43513033966894
201.3949573969145,65.89957102100828,69.4460932612225,52.460606972715716
201.21120869246664,65.93575170101978,69.8135906701182,52.38824561269272
201.0746559517103,65.92423978064532,70.08669615163086,52.41126945344163
201.00716606588298,65.79872217142862,70.22167592328546,52.662304671875035
199.9542279376836,65.73852460803865,70.3973169287865,52.782699798654996
200.23393764149807,65.75600241834951,69.83789752115754,52.74774417803325
200.33126253917632,65.77066939697194,69.64324772580107,52.71841022078839
200.4062431174114,65.74199920880011,69.4932865693309,52.775750597132074
200.61303594143786,66.65715594500473,69.07970092127802,52.86642900272931
200.88401879930478,66.5901797802073,68.53773520554412,53.000381332324196
200.81131028506977,66.49682989335545,68.68315223401417,53.187081106027875
200.81361155030305,66.48582429043535,68.67854970354759,53.209092311868105
200.6001514999414,66.43126850811403,69.10546980427092,53.31820387651072
200.39663485261178,66.46241106535257,69.51250309893014,53.25591876203366
200.2837409784869,66.48353029013036,69.73829084717995,53.213680312478054
200.28331664579412,66.44110153469046,69.7391395125655,53.298537823357854
200.1215772125084,66.30376421498886,70.06261837913688,53.57321246276106
200.24650608008304,66.30246269364872,69.81276064398764,53.57581550544133
200.1658639272759,66.3155649032705,69.9740449496019,53.54961108619778
199.8292462972836,66.30572237269322,70.64728020958657,53.56929614735232
199.49442287084167,66.21177589522965,71.31692706247034,53.757189102279476
199.517913309734,66.21556030044256,71.2699461846857,53.74962029185366
198.73318041070547,65.10239676495186,70.87543914737361,54.011974527465924
198.82024516604002,65.01496741996769,70.70130963670454,54.18683321743427
197.9638927983184,64.94546974116241,70.45157544812398,54.32582857504483
198.03505759820686,64.85424747638342,70.30924584834702,54.5082731046028
198.0593347088061,64.7870089001212,70.26069162714859,54.64275025712727
198.26196139578056,64.67300179890461,69.85543825319962,54.87076445956042
197.4839498412373,64.75890040792632,69.4508162286786,54.698967241517025
197.36808447942366,65.8173655782559,69.6825469523059,54.53369804137522
197.17862068947443,65.64901100937522,70.06147453220433,54.87040717913659
197.08210337429412,65.51915220420133,70.25450916256493,55.130124789484384
196.85728839896436,65.61290916662367,70.70413911322446,54.94261086463969
196.82523773187233,65.62592413779676,70.76824044740853,54.91658092229351
196.78780057433238,65.54981489402695,70.84311476248844,55.06879940983312
196.79678093444022,65.59992825794853,70.82515404227277,54.96857268198997
196.72731660467838,65.56713442918911,70.96408270179641,55.03416033950881
196.7262447575336,65.44851669929837,70.966226396086,55.2713957992903
197.02359236972188,65.4600551844784,70.37153117170939,55.24831882893022
195.95957173458424,65.40537350135833,70.52489432451144,55.35768219517037
196.05189713605108,64.38324923356892,70.34024352157773,55.42312856658328
195.66620940190808,63.42660454958587,71.11161898986376,55.35937844434018
195.34545428497995,63.366817314883654,71.75312922371998,55.47895291374461
195.28172225348118,63.33177886042482,71.88059328671758,55.54902982266228
195.39828873015784,63.24871706196137,71.6474603333642,55.71515341958918
195.54834049923613,63.272308238456574,71.34735679520766,55.66797106659877
195.7348043526437,62.31130900506325,70.97442908839251,55.593541901864505
194.60921627848543,62.15483390663385,71.23609163054918,55.90649209872332
194.58536632557704,61.97111664961014,71.283791536366,56.27392661277074
194.30722083083194,61.94214561776871,71.84008252585619,56.331868676453595
194.1751502742012,61.72712678944164,72.10422363911768,56.76190633310773
193.7256678026817,61.707635399352945,73.00318858215664,56.80088911328512
193.42516221998048,61.70465944755035,73.60419974755912,56.80684101689032
193.4658880140248,61.730181070678526,73.52274815947042,56.75579777063396
193.53167868300946,61.53367718429391,73.39116682150114,57.1488055434032
193.8841443464134,61.43794132625186,72.6862354946933,57.340277259487294
194.04960319539896,61.29181997842683,72.35531779672213,57.63251995513735
194.07275250075193,61.153779045422425,72.3090191860162,57.90860182114616
193.6578226377699,61.09006399985648,73.13887891198026,58.03603191227805
193.5363554908387,61.016586265632384,73.38181320584268,58.182987380726246
193.59139593707403,61.113941416244465,73.27173231337201,57.98827707950208
193.65027615637396,61.1361013156299,73.15397187477215,57.94395728073121
193.8799976239614,62.2149287103244,72.69452893959726,57.847360122110906
193.90931857644466,62.18711023409939,72.63588703463077,57.902997074560915
194.05994043456923,62.17941374704325,72.33464331838161,57.9183900486732
194.18205499390638,62.20312216111759,72.09041419970731,57.870973220524526
194.14510723041423,62.265742346327755,72.16430972669161,57.74573285010419
194.09200316313945,62.096866972668664,72.27051786124116,58.08348359742237
195.034843893188,62.1056679065916,72.43461361720861,58.0658817295765
195.08431599980304,62.19181523186785,72.33566940397859,57.893587079024
194.98400732449875,62.266464786180656,72.53628675458712,57.74428797039839
195.07516621181782,63.24166113945541,72.35396897994899,57.84224913287055
195.13588377041927,63.216473093130595,72.2325338627461,57.89262522552018
196.39408082213825,63.08059629460671,71.76224172920229,58.16437882256796
196.5126452681929,62.980033144548685,71.52511283709302,58.36550512268399
196.69142373715982,62.777469850868705,71.16755589915914,58.77063171004396
196.43384142835905,62.80531547280647,71.68272051676071,58.71494046616843
197.40777333184744,63.75451301293912,71.78582299049044,58.867511666609644
197.24829968970468,63.639803442497126,72.10477027477596,59.096930807493635
197.0307200725333,63.46042594628891,72.53992950911868,59.45568579991007
198.08043234324379,63.408533155294364,72.5166213685592,59.55947138189916
197.7324663301102,63.40897513131183,73.21255339482632,59.55858742986423
197.75412853910063,63.354472180098895,73.1692289768455,59.667593332290096
197.5403495097206,63.34698042996381,73.5967870356055,59.68257683256027
197.34579423054367,63.1783801383647,73.98589759395941,60.01977741575848
198.2849860408971,63.130630034212174,74.21497235215327,60.11527762406354
199.40607478214667,63.17597719383562,74.08531659067349,60.024583304816645
199.3175593492009,62.12434170726199,74.26234745656501,60.01879130673365
200.46265444972028,61.99372433975427,74.08384464612013,60.28002604174908
200.36420146103336,61.812475003015805,74.2807506234939,60.642524715226024
200.38041767866767,61.64495383016111,74.24831818822531,60.977567060935414
201.1770584531746,61.56191997897347,74.78201289261162,61.143634763310686
201.09770484887932,61.44790446634724,74.94072010120215,61.37166578856314
201.0085860003457,61.3426869996139,75.11895779826936,61.58210072202982
200.85781302332384,60.42186070267237,75.42050375231308,61.27362112125387
201.91952594297302,60.229929894682904,75.4468572722568,61.6574827372328
201.45824133307636,60.0760344457741,76.36942649205012,61.96527363505041
201.24401828668266,60.1278792620096,76.79787258483756,61.8615840025794
202.21634164703065,59.251535733542,77.03366987757539,61.43382704608078
203.40187923818843,59.16165410462138,76.83972282526645,61.61359030392203
204.37484937116847,59.11883573601381,77.07085101059974,61.69922704113716
205.61606325777106,59.077252792206615,76.77042440849881,61.78239292875155
205.3268099101901,59.25106911290938,77.34893110366076,61.434760287346016
204.89144820451975,59.33762013996554,78.2196545150014,61.261658233233696
205.96100281660375,60.25022964679534,78.27303910537191,61.62893303411262
205.9138819652483,60.00243672276472,78.36728080808287,62.12451888217386
207.45283996139239,59.943779691214374,77.49813438668443,62.24183294527456
208.73282984329552,59.89812845792683,77.13550278913098,62.33313541184964
209.69376849261693,59.892249108272665,77.40688722912351,62.34489411115796
210.9321287999252,59.78195706317525,77.12778420857137,62.5654782013528
212.20090363429247,59.7524836934282,76.7871381247581,62.62442494084689
212.09849242173073,59.71448544194654,76.99196054988158,62.700421443810214
211.7891699366831,59.56669247403386,77.61060551997684,62.99600737963559
213.1075928913024,59.56710222957348,77.18504472950315,62.99518786855634
213.00847806073054,59.418936233595836,77.38327439064687,63.29151986051163
213.99607884522757,59.38035547693146,77.62064341307529,63.368681373840374
213.9230325104274,60.496223801029544,77.76673608267568,63.35441128429031
215.10253720354592,61.623249245127276,77.62720765325875,63.31984135291505
214.89858102351883,62.683605474969625,78.03512001331299,63.41590671194829
217.4351416050905,62.584839325217494,77.41119681183305,63.61343901145254
218.47570255087828,62.424657357564286,77.5482763265392,63.93380294675896
219.5513760468419,63.49818461164135,77.62241316875323,64.01223227274613
220.4923682172496,63.31741543886443,77.96831968775615,64.37377061829997
221.4731769960905,63.10283206593674,78.24575255919149,64.80293736415535
220.96733513656199,63.23791984453857,79.25743627824855,64.5327618069517
221.87502081113306,63.09713142736808,79.70350731353365,64.81433864129266
223.15145807758245,63.05218632136808,79.4234827208285,64.90422885329266
224.27665631062035,62.05926815179683,79.44308653443635,64.62006491275153
225.67917429079174,61.751255194885616,78.90375731211778,65.23609082657396
226.679114259196,61.5675415956138,79.17124362913194,65.6035180251176
227.7447160363808,61.35256652715234,79.31745322480081,66.0334681620405
227.48167782448735,61.265625701613686,79.84352964858775,66.20734981311782
229.8757639613056,61.17582026829719,79.65036991958699,66.38696067975081
229.5103197970199,61.16143825827085,80.3812582481584,66.41572469980349
230.72995190381917,61.111889560598215,80.25114068790943,66.51482209514876
231.82467174484387,61.13827104564765,80.3704438592387,66.46205912504989
231.62409637089397,60.983105592500195,80.77159460713852,66.7723900313448
232.6532117542244,60.75702288165062,81.03427498699281,67.22455545304395
233.26544113787256,60.63491355013649,82.14206744975792,67.46877411607221
234.23821020437697,60.71512287819546,82.54977097515645,67.30835545995427
233.78378148582513,60.71708740284026,83.45862841226013,67.30442641066468
235.10983331128568,60.71400883179908,83.17733633292326,67.31058355274703
236.38725663899265,60.5182137259366,82.9890827441404,67.702173764472
237.6734850931354,60.351319022285175,82.7866617991389,68.03596317177484
238.8213078385479,59.24084100292876,82.86333420972119,67.88460130908032
240.01323661472068,59.22205581284736,82.85052830341868,67.92217168924313
241.12591480200686,58.03962041518992,82.99663374337577,67.9155806700286
241.01703454811678,57.77069313197007,83.21439425115591,68.45343523646831
242.20169879288352,57.57373867621673,83.23070588964728,68.847344147975
242.12360347522616,57.413805067849495,83.386896524962,69.16721136470946
244.39903235607682,57.33438716610841,83.63567149896747,69.32604716819164
244.55196424740103,57.15281109582624,83.32980771631904,69.68919930875597
245.68711313643075,56.986242121238135,83.46686325282599,70.02233725793218
246.70076537334106,57.04307722403797,83.85439223797111,69.9086670523325
247.9053968801346,58.15880451926585,83.86410363208022,70.09618686957292
247.83497576669836,58.071661250014316,84.0049458589527,70.27047340807599
249.25475003189163,59.1802033396328,83.59252336648188,70.4805152667548
249.16923523231605,59.15433767782332,83.76355296563307,70.53224659037375
250.19673404289108,58.96566752768959,84.13617591950663,70.90958689064121
250.9173625686758,62.5167933524659,85.13436229241495,71.12566551452191
251.54445008572833,62.49465318673965,86.33850165323562,71.16994584597442
252.33010995632003,62.48844866643764,87.24475268556458,71.18235488657844
252.5672542616336,62.266305885941634,86.77046407493745,71.62664044757045
253.10866095497653,62.529243991833034,88.17924154881734,71.10076423578765
254.05429549131736,62.43017255100656,88.79271169522076,71.2989071174406
253.8428296935697,62.237347345901746,89.21564329071606,71.68455752765023
256.3521256396896,62.111412459515655,89.25724850664528,71.93642730042241
256.48144014422843,61.81541125986708,88.99861949756759,72.52842969971955
256.47580474684736,61.65794947309285,89.00989029232969,72.84335327326802
258.02890067601004,61.49389843378733,88.44938773168967,73.17145535187906
257.903601173273,61.43205654137799,88.6999867371637,73.29513913669774
260.26213599017757,61.38489081938137,89.07935514124483,73.38947058069098
260.1884616026708,61.24361392572297,89.22670391625829,73.67202436800778
259.8864003610362,61.321820890986736,89.83082639952755,73.51561043748025
260.984151268874,61.26898161587131,90.20449957642168,73.6212889877111
260.5542317315889,61.10043779989703,91.06433865099181,73.95837661965966
260.4400451468334,61.08913463721196,91.29271182050269,73.9809829450298
261.1932270596676,60.96108111132071,92.38551134464278,74.2370899968123
260.85485572669063,60.92370576297017,93.06225401059673,74.31184069351337
262.0076704136426,59.652095537426874,93.38829895825978,74.22338682303285
263.76244976316946,59.26861749042378,92.51397717796587,74.99034291703904
263.7059808309152,59.26174262152159,92.62691504247442,75.00409265484342
265.6304844665665,59.08890554084773,91.41411666184118,75.34976681619113
267.3123791701297,57.76661504692707,90.6734821600828,75.37119289866433
267.48155463906784,57.41338971073993,90.33513122220654,76.07764357103862
267.2162521232067,57.36869333553419,90.8657362539288,76.1670363214501
267.1908752836635,57.32480573160804,90.91648993301519,76.2548115293024
267.3073463723674,58.76288406021527,90.68354775560738,76.00874128442328
267.593547893473,58.71957799552315,90.1111447133963,76.09535341380752
267.6392406704656,58.54340131411154,90.019759159411,76.44770677663074
267.9706974144294,59.726410362511416,89.35684567148331,76.70104446968588
269.5755604303932,59.51912494404142,88.76030513515377,77.11561530662587
