73.5,126.5,29,23
73.25329459964522,125.84953404799309,28.49341080070956,23.300931904013815
73.98306254405443,125.49740282258858,27.848508491813515,24.005194354822834
75.7475043469535,124.95496102089207,27.58375610300435,24.274045153968622
75.88632591398517,124.55318069185167,27.306112968941022,24.261363447530393
76.42202960481445,123.9097491388234,27.04643786678309,24.736494274086283
78.05673189594592,123.76998895947376,27.03813881108635,25.016014632785545
78.41228271588197,123.80439788680832,27.146632973569666,24.947196778116457
78.82992867963358,123.78412975553887,27.13153349883012,24.987733040655343
79.6306882252122,123.71152427952647,27.17121890736851,25.132943992680133
79.6466803245581,123.5831818894459,27.139234708676703,25.389628772841284
79.91930595452718,123.5034106126345,27.42109492272304,25.549171326464094
80.13368049856635,123.19301826294497,27.826393024922893,25.33590883556498
80.76299201597209,122.89425605833996,28.241713799717083,25.096461339972144
81.05537491659541,123.16921927297057,28.496554083382964,24.546534910710925
82.0985963615588,120.65841549209628,28.91434619006244,24.55967247924695
81.9686908194345,120.84318751431184,29.174157274311042,24.190128434815854
82.55765008668651,120.749825224636,28.835704372839537,24.376853014167533
82.92663645521395,120.7200505746903,28.934988867076896,24.436402314058917
84.87491338051731,121.00923018010765,29.23717303309748,23.858043103224215
84.6761728605093,121.19276181566266,29.634654073113513,23.490979832114185
84.49228929402537,121.20420347960433,30.00242120608138,23.468096504230857
86.11291451030239,121.29523832416068,30.123098905029757,23.28602681511817
86.18917848324662,121.13063639256387,29.97057095914129,23.615230678311786
86.01552315291102,121.1070937508155,30.31788161981251,23.66231596180854
86.26596622226882,120.82500367459797,29.816995481096917,24.226496114243588
87.08861831674722,121.0041939633946,29.021630739644355,24.718054984154566
88.06153288320982,120.41630716337079,27.92141717571349,25.893828584202208
89.0386369387073,119.92883122244466,26.814542856376782,26.868780466054467
90.01974323299198,119.88903918465998,26.54314338505869,26.94836454162382
90.53374574381789,119.9669368936031,26.35751827222198,26.79256912373757
90.75628043064101,120.04039493167187,26.749451138967938,26.645653047600042
91.60039493589149,119.54908495209776,25.902089513728555,27.628273006748252
91.23773221022917,119.77524985629407,26.62741496505319,27.17594319835565
91.95197656988253,119.83156882340548,26.89349818667185,27.063305264132833
92.20698778021946,119.54206394726982,26.38347576599797,27.642315016404122
92.61496627102272,119.5776117904622,26.418260897415678,27.57121933001938
93.19002138269589,119.690670116004,26.118330239838908,27.345102678935785
92.89164843447774,120.45943499158369,26.715076136275194,26.649461338980693
93.12269090634368,120.34422890239966,27.0933774506631,26.879873517348745
93.36073129819547,120.91331786052422,26.617296666959504,27.441637188414866
92.90224554154474,121.30564705504281,27.534268180260955,26.65697879937766
93.02986214331156,121.66036323237327,27.27903497672734,26.800923951355617
93.126628326843,123.14672856611696,27.937147185475244,26.383127011300637
93.44441397008856,123.21786109058415,28.15692576739643,26.240861962366278
93.23808967301522,124.68392412537321,28.569574361543076,25.87831152301112
92.96583575993826,124.78783286916061,29.114082187697015,25.670494035436306
93.12749109841359,125.04293545235366,29.653094548270435,25.160288869050213
94.42102933172573,125.0386374048088,29.653451098809928,25.16888496413996
94.29028601904324,125.41207603811782,29.914937724174926,25.28462913323203
94.49309996293636,125.50448344817642,30.37782944159478,25.09981431311484
94.00346461230305,125.49091036409621,30.484425482496263,25.126960481275265
94.02745618849809,125.6132490802087,30.436442330106168,24.882283049050262
96.0748242507559,125.49470020570494,29.82195658087455,25.1193807980578
96.06416755829791,125.33872915172034,29.843269965790505,25.431322906026995
96.09046694192119,125.09266201605338,29.79067119854395,25.923457177360916
96.55899561290596,124.6841517695867,29.73047314026195,25.863618386606714
96.5942904963907,124.70965361856679,29.659883373292487,25.81261468864653
98.1294241740828,124.20075457307286,29.208787742778057,25.957355538011143
98.13526917924324,124.29759016301924,29.197097732457152,25.76368435811838
98.06831436535391,124.38000518852763,29.331007360235823,25.598854307101604
98.07617589117089,124.55219885832817,29.315284308601846,25.254466967500512
98.03663394901012,124.66853793388003,29.3943681929234,25.021788816396793
98.12832420734267,124.83878513681142,29.21098767625829,24.681294410534
98.63937786947055,124.64208482298386,29.036827918492747,25.074695038189123
98.58176820109017,124.73574916890645,29.1520472552535,24.887366346343946
98.58078628886169,124.53318818660304,29.15401107971048,24.44213670123263
98.6841114983751,124.55489063049423,28.947360660683632,24.39873181345026
99.47939579729211,124.65933732061501,29.035456307831147,24.18983843320872
99.40995760505609,124.8117701349848,29.17433269230318,23.88497280446913
100.24043434042858,124.70634344404945,29.182461237194733,24.095826186339814
100.2080097164027,124.72917350288829,29.247310485246487,24.05016606866214
100.18581237872361,124.81752978540175,29.291705160604668,23.873453503635226
100.2148400414023,124.8575354752892,29.233649835247284,23.79344212386033
100.44445818110786,125.09752841548146,29.608386470955008,23.313456243475787
100.64038813893468,125.13086540211013,29.216526555301357,23.246782270218457
100.8623615477162,125.26447128423887,29.597435306886418,22.979570505960993
100.80743336237092,125.28212064825915,29.70729167757699,22.94427177792042
100.752896110054,125.28080457456623,29.816366182210814,22.94690392530625
101.71088630420223,125.15395422700125,29.558696220868516,23.200604620436224
101.74978983961982,125.20919317086044,29.48088915003334,23.090126732717827
102.13204184648185,125.13640592996548,29.542744426030485,23.235701214507777
102.12857176519736,125.15676004473625,29.54968458859947,23.194992984966234
102.05704907493566,125.13979424782391,29.692729969122873,23.22892457879088
102.26233590186948,125.15080765177815,30.11401264454787,23.206897770882414
102.30535809424674,125.11998743546786,30.027968259793337,23.268538203503002
102.81853665746604,125.06069274076634,29.839236941731695,23.38712759290603
102.4118820928627,124.83481812681256,29.815876640201928,23.838876820813603
101.99520963824774,124.90224374767007,29.805576493787896,23.704025579098573
101.81872197511154,124.88953426372109,30.1585518200603,23.72944454699656
102.74255913200608,124.87603280844512,30.005114761166354,23.756447457548486
102.82383104204007,124.90506569758143,29.84257094109835,23.69838167927585
102.78528963334605,124.95750786077669,29.919653758486387,23.593497352885354
102.83556088147508,124.8055071027224,29.819111262228336,23.89749886899392
102.69955209227129,125.00814199426648,30.091128840635932,23.49222908590575
102.64382061740983,124.87742209159626,30.202591790358838,23.753668891246207
102.6532820671918,124.75136160279494,30.18366889079491,24.00578986884883
102.5692324341029,124.38306452426345,30.351768156972703,23.890394288105973
102.4890013020726,124.59211348017631,30.512230421033316,23.47229637628024
103.03169614021971,124.56579669575102,30.275181656670142,23.524929945130815
102.56747106772845,124.51894854347564,30.358054813798113,23.618626249681576
103.11087984441517,124.41015732914587,30.1196056746651,23.836208678341123
103.20771338100396,124.24654607390268,29.925938601487537,24.16343118882751
103.12025751404703,124.27947164882157,30.100850335401397,24.097580038989726
103.69812236914616,124.15610137598244,29.797329251542514,24.34432058466796
103.75563914459663,124.29591819963326,29.68229570064159,24.064686937366332
103.97842879920066,124.10223495590827,29.23671639143352,24.452053424816302
104.12955553074285,124.10961078418372,29.779115575288312,24.437301768265424
104.07536928572935,124.18281328742394,29.887488065315285,24.29089676178497
104.1703050296438,124.18853095799413,29.6976165774864,24.2794614206446
104.17988527782433,124.2177847924216,29.678456081125347,24.220953751789658
104.24945429935644,124.24314750366105,29.539318038061115,24.170228329310753
103.81442837337013,124.32933202316507,29.564607463344604,23.99785929030273
103.7517082680682,124.27883810467453,29.690047673948474,24.098847127283793
104.12578818874931,124.22217349778796,29.787812195217093,24.212176341056946
104.12450803927489,124.16172128432886,29.790372494165954,24.33308076797514
104.49733347643863,124.22951804502033,29.895975586108417,24.197487246592207
104.59991522047719,123.76634585777215,29.6908120980313,24.273148595227077
104.51379683159027,123.93901778324809,29.863048875805134,23.927804744275203
104.34674903851341,124.04057276983838,30.197144461958857,23.724694771094626
104.21418206087125,124.14160301635246,30.462278417243155,23.52263427806644
104.24856793546832,123.66085756917678,30.393506668049035,23.63572694005672
104.31298424650261,122.91251055702978,30.26467404598046,24.283232377075247
104.47323215153126,122.27581195409773,29.944178235923154,24.69889953622252
104.65007849086372,121.96518976758293,29.590485557258233,25.32014390925211
104.71271974897586,121.91122291640346,29.465203041033966,25.42807761161106
104.8673696527851,121.72964693970691,29.15590323341548,25.79122956500415
104.93882130125337,121.54580030335887,29.01299993647894,26.158922837700246
105.42000655412204,121.13868700271532,28.919187923553213,26.104590946175698
105.23900851851153,121.29216617965238,29.281183994774235,25.797632592301554
104.9126883002023,121.2407125873654,29.066875308200697,25.900539776875554
104.84897764946994,121.54182266450997,29.19429660966543,25.298319622586412
105.37859140272873,121.82784052875746,28.99267204799028,25.583886838933847
105.83826807517744,121.80085706120639,28.93237285781386,25.637853774035975
105.97468855554406,121.85682411079671,28.659531897080594,25.52591967485533
105.88725634953418,122.0349255878245,28.834396309100363,25.16971672079975
105.49735591218742,121.99600432092983,28.764228384284117,25.24755925458911
106.0258482555526,122.17545023838866,28.55737218689292,24.88866741967142
106.1858202808794,121.92865320779642,28.23742813623933,25.382261480855924
106.28226966818802,121.87376005220811,28.04452936162208,25.492047792032544
106.26841382313805,121.94722930295433,28.07224105172201,25.345109290540112
106.20168527143933,121.66395605952981,28.20569815511945,25.07071177938358
106.45757841265997,121.57150212535865,27.693911872678182,25.255619647725894
106.13887340858744,121.50568373942971,27.49769204721473,25.38725641958375
106.53650427569892,121.48090039331527,27.53509834439327,25.436823111812664
106.05893310541978,121.44582341195384,27.65620082561925,25.506977074535513
106.19236976178617,121.36435898271931,27.389327512886474,25.66990593300457
106.33889203626072,121.18326142838256,27.096282963937384,26.03210104167806
106.27959729388931,121.25641139926374,27.214872448680175,25.885801099915714
106.16714911773377,121.33466884276595,27.439768800991253,25.72928621291129
105.91720794340397,121.7126627109593,27.93965114965086,24.973298476524608
105.92761295528011,121.70214138896587,27.918841125898588,24.99434112051146
105.93788317188992,121.72569783888463,27.898300692678973,24.947228220673924
105.84646586782078,121.85273303265218,28.081135300817238,24.693157833138834
105.87919637251454,121.9172228498279,28.01567429142973,24.564178198787403
105.88070448843028,122.03055491481754,28.012658059598234,24.337514068808094
105.59528400894565,121.89065909808401,27.75959490236658,24.617305702275168
105.94735819588183,121.65408343695047,27.87990842720771,25.090457024542246
105.85849046097839,121.73254086032104,28.0576438970146,24.933542177801105
105.751908557462,121.68015640757821,28.270807704047357,25.038311083286764
105.76842735921369,121.5834980130562,28.237770100543997,25.231627872330794
105.84774443953718,121.57065345218737,28.07913593989701,25.257316994068457
105.80759658269987,121.57872391478385,28.15943165357162,25.241176068875497
105.86154148893917,122.00608891868355,28.051541841093055,25.22708652194708
105.86105115857654,121.91130066494264,28.05252250181828,25.416663029428875
106.32909370100904,121.7185536951877,27.958216009638804,25.802156968938775
106.35401947679321,121.7971928853872,27.90836445807044,25.64487858853978
106.2722366140256,121.83882150126566,28.071930183605673,25.561621356782865
106.44201687427818,121.79055820836531,27.732369663100517,25.658147942583547
107.02309795819315,121.64030232167713,27.410844404176473,25.958659715959925
106.3339945371561,121.93385603583576,27.948664401419865,25.371552287642665
106.33100690832936,121.96216569254292,27.954639659073358,25.314932974228327
106.6444003401991,122.01843361638862,28.16648616863999,25.20239712653695
106.17144980923332,122.01534991635243,28.272256501937107,25.20856452660932
106.42841290480217,122.10228602391108,28.600202409520538,25.034692311492027
106.47654009598222,121.97494353043787,28.50394802716045,25.289377298438446
106.3401364153964,121.78769465938348,28.776755388332077,24.81711428456203
106.26909524070429,121.86453283438459,28.91883773771629,24.66343793455981
106.342869057283,121.74569590225452,28.771290104558872,24.901111798819915
106.35668388302287,121.7111287921521,28.74366045307916,24.970246019024792
106.85589743709129,121.49984319858007,28.5905996573847,25.39281720616883
106.86477804513719,121.44363422539857,28.57283844129291,25.505235152531846
106.46999433959805,121.77753543191844,29.36240585237119,24.83743273949211
106.54105128016856,121.70913052850669,29.220291971230157,24.974242546315587
106.67705328332512,121.61367638344501,28.948287964917036,25.16515083643895
106.82795171969559,122.08765100995026,28.646491092176085,25.068860925543273
107.05123361879386,121.85467475088736,28.199927293979567,25.5348134436691
107.37964993843181,122.31522063567282,28.389050801038174,25.459677820432688
107.78242160350602,122.24700775369317,28.43120519033698,25.59610358439198
107.91574847726162,122.10339743707301,28.164551442825783,25.8833242176323
107.9691364783931,122.23715020983504,28.90873353032411,25.615818672108237
108.03629051147274,122.51382131505393,29.63268826423884,25.06247646167045
107.60959476064495,122.80376684035926,30.486079765894427,24.482585411059787
107.64149455557292,122.60678330508577,30.42228017603849,24.87655248160678
107.42776181892842,122.78634288467654,30.84974564932751,24.517433322425248
107.42048930434657,122.69536680970668,30.86429067849118,24.699385472364966
107.53976990373563,122.42112748030351,30.625729479713065,25.247864131171287
107.78845109435751,121.72484019487146,30.12836709846932,25.761559122873738
107.88236533628753,121.94856643121307,30.820023045283826,25.31410665019051
107.97493688538518,121.50280698472812,30.63487994708854,25.32268722700111
108.11226147556042,120.6654887264504,30.36023076673805,26.117095489242097
109.12611326549637,120.44445311813884,30.11008510506422,26.55916670586524
109.24484102394064,120.24581633438088,29.8726295881757,26.956440273381173
109.58698844684348,120.05616283826168,29.18833474237001,27.33574726561953
109.44147566955922,119.78156609400409,29.479360296938516,26.994917263815964
109.88875118895503,119.68362849139137,29.47395278270144,27.190792469041398
109.92082473010487,119.63899552031693,29.409805700401773,27.28005841119031
110.09244119080108,119.58828613632076,29.06657277900935,27.381477179182653
110.03810188362631,119.74072204519766,29.175251393358884,27.07660536142886
110.04721051399336,120.16629505712541,29.15703413262478,27.111161209372664
109.96631884401002,119.9210552249153,29.318817472591462,26.715674003606004
110.44305456318855,119.90524039821887,29.24754088388354,26.747303656998888
110.59251140811662,119.89628327037805,28.94862719402742,26.765217912680516
110.66971549282307,120.4532279370979,28.7942190246145,26.528543511264246
111.10039576010713,120.5389638819178,28.803900424321803,26.357071621624456
111.00912021514382,121.08329616828838,28.986451514248422,26.136870093480844
111.57302076592616,121.94070890348277,28.72644419241731,26.15763218255921
111.93977522590458,121.91047169998782,28.85701472724011,26.218106589549123
112.30522145807265,121.98653533604897,28.99319806976154,26.065979317426816
112.0803699963261,122.14680655411877,29.442900993254646,25.74543688128722
112.01608633680704,122.09066609829375,29.571468312292794,25.85771779293725
112.25967101943854,122.17906416517823,29.956709573092407,25.680921659168302
112.25585238374978,122.1030358357685,29.964346844469915,25.832978317987767
111.8396957728258,122.39269840676319,30.796660066317877,25.25365317599838
112.2578227806336,122.18783969426883,30.84200841996115,25.6633706009871
111.88926569195397,122.42107450286883,31.579122597320428,25.19690098378708
112.40204723839715,122.30329212120766,32.33895396265448,24.539768517999256
112.64820644379355,122.47220386393029,32.74025582609842,24.201945032553986
112.75195145273838,122.47872452787036,32.53276580820874,24.188903704673876
113.0001463898825,121.86358447248745,32.036375933920496,24.52834859076875
113.61504335467691,121.63465404773034,31.69540115893632,24.986209440282988
114.61007543551594,121.36750785900115,31.487455288870635,24.62944267193515
115.70728144820572,120.94139020933503,31.0572018708083,24.599598667608817
115.7970705981149,121.22122823956373,31.752632481976583,24.039922607151404
116.50416490787696,121.13438487493256,31.214965450100323,24.21360933641373
116.53619608086991,121.68314309203474,31.150903104114406,23.987241231995107
115.91631685196067,121.7371003758845,31.524178386860193,23.879326664295604
116.72572874149093,121.89803423419423,31.646188888837536,23.557458947676125
116.69142963280257,121.98920252719378,31.714787106214246,23.375122361677033
118.02206341022737,121.95656856773014,31.64872612909685,23.440390280604305
118.29434547639012,122.58743225967001,31.96929620712391,23.043797107077133
118.04787062366053,122.50415632309608,32.46224591258309,23.210348980224985
118.45865475933137,122.71624165096055,32.51437956729287,22.786178324496035
118.76482762648504,123.0166822352817,31.90203383298551,23.05279676837619
119.5625236688391,123.01422721895136,32.03188331424048,23.057706801036872
119.08014420348951,123.28232089997431,32.13197220274775,22.521519438991
119.50765809461711,123.30566429918971,32.13429623230682,22.474832640560194
119.96449533752099,123.53595792369829,32.07723803635543,22.01424539154302
120.35287011532701,123.48133371798244,32.148629653830504,22.123493802974725
120.58158357346235,123.14733283826045,32.54222868324048,21.940469616738056
121.11453701257716,123.05005661187751,32.33024639228369,22.13502206950394
121.54011972046834,122.84990238882511,32.33303674441903,22.53533051560875
122.35639639010313,122.45111171171959,32.42171917561741,22.4722939845858
122.7350157833908,122.59185263034175,32.525395890921494,22.190812147341482
123.39705882357103,122.03110990168994,32.05913133971586,22.454476075490273
124.34769766115429,121.87440352347063,31.868142390047534,22.767888831928904
125.18597873673139,122.09898252030248,31.906422213338043,22.318730838265182
125.42494797942089,121.64790497262297,31.42848372795902,22.370290118186055
125.90565090831316,122.29034068408725,31.311295065022207,21.929635890105196
127.02148148204886,122.304110331883,30.749992467135733,21.902096594513722
127.54895398668975,122.39630397932905,30.521282179223363,21.71770929962161
127.66697696233534,122.50519773827241,30.285236227932195,21.499921781734894
129.26317155520832,122.63107711182444,30.343147445294928,21.248163034630846
129.47431860038057,122.91417173962566,30.73015258921838,20.681973779028404
129.58452624495146,122.88204967250856,30.5097373000766,20.746217913262598
130.62319077055375,123.00817266451881,30.842941292156844,20.493971929242107
131.00101818865056,123.14112761404346,30.891624524831315,20.228062030192802
131.2028530470742,122.85834596642663,31.288598491959494,19.992981641450996
131.78335396359034,123.18703800152116,30.930267926235985,20.138268838570767
132.48922904906482,123.06405876335829,30.31824469675474,20.384227314896503
132.67292465556733,123.1842595473415,30.745476977648927,20.14382574693008
133.0219938418568,123.37577263502399,30.844385417186697,19.76079957156509
135.44326479007003,123.5356676650152,30.75467764508003,19.441009511582685
135.4625226093747,123.40044847216421,30.71616200647071,18.92600036323261
135.68616156875737,122.73408731769825,30.26888408770536,18.706253545671974
137.3989569822283,120.88819054717897,29.906771067697235,18.568699828043336
137.5894741547822,121.05402758065956,29.525736722589443,18.995180765943843
138.03899342347293,120.40111734876739,29.386294862297724,18.781807875548765
139.20491128128288,119.5307065342878,28.562345237886046,19.768686458903836
140.05839847188093,119.02681787838254,28.37129587466529,20.018501261726634
141.3680110408221,118.10850047031333,27.27047178464343,21.095935553934883
141.87208140992104,117.16435039237456,26.26233104644553,22.22411326381461
142.77504669751673,116.55333594465793,25.219304179048297,23.44614215924786
142.7542820790254,116.1425632234582,25.260833416031005,23.50142980862089
142.76425569372412,116.69682152048375,26.00867086998508,23.160697897921338
142.73871830992664,117.08026359536268,26.83374161421368,23.167809724797124
143.03393641339403,117.26517792943952,27.03020215444908,23.58487780381358
144.1207080011241,117.20854417434283,27.246537235811903,23.698145314006943
145.14319657266887,117.35153790631927,27.606935486312693,23.412157850054076
145.095627814565,118.13945171678624,27.702073002520443,23.441872383590606
145.07023492941548,117.59455566863588,27.752858772819472,23.72694687782307
145.4397364563238,117.53043693628992,27.82394131647158,23.855184342514992
145.5066395771662,117.38723605567844,27.69013507478678,24.141586103737936
145.92436559738144,117.61839993439565,28.48622143722963,23.679258346303534
145.43928673339633,118.07766750657831,29.456379165199845,22.76072320193823
146.35433633746476,117.91036855924357,30.08815418465128,22.274696354078248
146.47724045954982,117.864298553798,29.84234594048118,22.366836364969405
148.52970456125803,117.5345217160507,29.837828282957176,22.20630793128549
148.23997224377072,117.63060179691172,29.599906048568627,22.01414776956345
148.3877659694506,117.14291760181627,29.304318597208873,22.17889404074872
148.99589133794686,117.06379361259748,28.89688348693412,22.33714201918629
149.683271349045,117.2450565286891,28.327303516265182,22.779796238530363
149.94608035259535,117.34473888451605,27.801685509164503,23.384081507812684
150.14788565242108,116.75935418650708,27.398074909513007,23.74952669959608
150.41224982310587,116.03968048129617,26.869346568143456,24.383912563628297
150.3292377508872,116.31113608515929,27.035370712580793,24.647902002974142
151.28268596502352,116.40826720725548,26.755859637637712,25.267332435446576
151.40762573499563,116.1331704454393,26.505980097693488,25.817525959078914
150.89760021213937,118.0717267987716,26.702056753798256,26.060285200453052
150.94326208119796,117.88866010190893,26.610733015681102,26.426418594178415
150.68663222539985,118.17874110156191,27.123992727277333,25.84625659487244
150.12758205695542,120.18268802007526,27.407976583457344,26.008945161389924
150.05710045759682,120.11252970653396,27.54893978217455,26.149261788472515
149.20753399052484,120.68697914308012,28.402503567670795,25.00036291538022
149.09481732618815,122.05878303591341,28.62793689634416,24.77844491168137
148.9599992669685,122.75733220582055,28.897573014783458,25.06234458686675
148.73519737794317,122.03445122575954,29.347176792834155,24.80965511433857
148.83821749808448,122.75003302855387,29.993251341465147,24.23060629766355
148.38378728132787,122.80294385100825,30.049399171429982,24.124784652754776
147.93087615801474,120.98708052210284,30.103361071723512,24.349069925234673
148.05539440478478,121.25042693403272,29.854324578183416,24.67869783960797
148.25206992265984,121.12400984930596,29.460973542433294,24.931532009061474
148.08110893442776,119.12838547347643,29.802895518897472,24.643620333423918
147.8479411767341,119.15163111830344,29.41276850181395,25.453591576240687
147.10594187185774,117.65104644853217,30.033292521196792,25.00086255430366
146.70472926178314,117.07229314547673,29.969944464378845,25.29259588344737
146.92687138347335,114.79285959512458,30.39515679728646,25.503980102711445
147.2963578458731,115.38848721112291,30.53564236078359,26.071641847308
146.75071739214496,116.18575181430109,30.736163209989677,26.258632757451934
144.37891124999874,115.93879859628053,30.995459789127892,25.855676052462208
144.78553917903838,115.15102758234623,31.07658222393505,26.536839787444343
144.38776393626708,115.38077279469425,30.965539164502207,26.98394290772375
143.83998026549162,115.4035605823086,31.14905491535309,26.93836733249507
143.22232031964978,115.96239004008385,31.470213291323752,26.734869932657556
141.9065195657458,116.9540485098205,31.354244384758886,27.499123407557075
142.07882907117272,116.75492324403555,31.009625373905095,27.897373939126975
141.60626003126438,117.2789857720985,31.02741791183233,28.703939966779927
140.30761099030047,116.88778494028838,30.80329587180824,29.486341630400133
139.84111596156623,116.67199754494806,30.78689944918516,29.91791642108081
140.11367485319218,116.99683249436647,30.241781665933285,31.18016025217523
139.93412481723908,116.3900426620502,29.633635283149502,32.393739916807746
138.74974683487264,115.98930188372498,29.07268947548014,33.19522147345823
137.32858100565448,116.81158091666148,28.974842345004774,33.510782600193004
135.59576771671038,119.1661986202806,29.490337313158037,32.73505600593472
135.69144220130124,117.99331926538156,29.298988343976294,33.12162604168516
134.16349003360548,118.35354751743563,29.407270069723445,33.38371040745845
133.68992641326474,117.97872857101574,29.366058806820355,34.133348300298245
130.94086743877705,118.74353229745881,29.86774741467532,34.60231258386027
129.279148900632,119.20152843243234,30.147408911643776,34.7009121736871
128.5270992149776,119.37625748180578,30.630904477176653,34.35145407494022
128.52924065847213,119.21709253339074,30.626621590187575,34.6697839717703
124.87257790307285,118.97032773522614,30.745368716853925,35.1633135680995
124.92767093104182,118.57570865941888,30.635182660915994,35.95255171971403
123.84482335050183,118.99721913754793,30.70529874038402,36.1573203042619
123.0828585677938,119.06835294073902,31.177149159993448,34.96297355207312
121.51858710615717,120.87286243539663,31.182241854190664,34.47740479183396
120.69374297410369,120.46993275467374,30.76456091478524,34.249579551523574
120.57084586658176,120.50840958119524,29.986878202278465,35.19610282603119
118.66477370051322,119.7715295604854,29.696287285547257,35.64417905523381
118.87728610639627,119.48841233531802,29.271262473781178,36.2104135055686
115.63894408902217,119.71040803846697,29.56939285067535,35.766422099270684
115.46509673662284,119.4980565608404,29.917087555474012,36.191125054523845
115.35760045636135,119.05153946804285,30.132080115996988,36.04425781451279
112.66770731655251,118.84217951059188,30.306332466521663,36.46297772941471
112.54325418188434,118.57002606053928,30.555238735858016,35.956917524375754
110.94376239023049,118.6135700393778,30.6145074745316,35.869829566698684
110.18251753630203,119.02154105371943,31.090817808975988,35.05388753801544
108.50100622219311,118.67941883447645,31.330296294047635,34.69695059545269
108.14051358292856,118.92078920295282,31.011820380971297,35.25367105010538
104.84198175105966,119.48864122342616,31.35078567744509,35.1609834037027
104.76076949849278,118.93172813717462,31.513210182578874,35.227809897827676
103.56022182465267,118.84888534907324,31.813040264840467,35.393495474030445
103.51781680069674,118.42860487996646,31.897850312752354,35.17606132982114
102.00965412989248,119.21435937043857,31.74627576494742,35.716485608485904
100.44039344862483,121.02174263748799,31.698960166907824,36.34950168848697
98.28262811731933,120.24292435279169,32.8014803383077,35.76513126373882
94.02127432390009,121.63784691392704,33.76742914378787,35.13436007899907
94.08663774939937,119.93483172591614,33.63670229278929,36.37036212902202
93.20548216543551,119.71963462014031,33.19448684530717,36.800756340573685
90.72423532504806,120.54199461043629,33.749294591086134,36.25795784373069
89.10945412093244,119.82534720870402,33.671958676563996,36.5889532062775
88.41572760493298,120.43054390599873,33.95317907410632,36.48479244614467
88.92988354696058,118.46137902575978,32.92486719005112,38.20496167111777
85.31176833755234,120.1070361960052,33.44479983389679,37.152413255617205
85.09953948787245,119.3419610950983,32.757873763028826,38.682563457431016
84.16547151879556,118.72975627998247,33.50193107770772,38.7828944641878
79.76461766450062,121.15782826987848,34.34055094495974,37.33950241639769
79.3093822878673,122.42665341007569,35.2510216982264,35.93042485838724
77.6019967017605,123.528856483507,35.302928179065105,35.96792850577455
77.1848526907607,122.69858634248129,35.01485271959126,36.506105306352524
75.88674878010292,123.35506905669766,35.358554360200436,36.319392968273014
75.3116738117952,123.3465161584281,35.37994307929834,36.33649876481211
74.86902731395753,121.77126473503456,35.13586840558887,37.22826627282959
