205.5,151.5,17,50
203.77834976200748,150.62143521032053,18.420678311394365,49.73450741476823
201.6956329973131,150.9257575529572,19.45229657131187,49.12586272949488
199.32032600067686,150.30252641486817,19.985337791292512,49.31793181234999
198.68825208785242,150.50474800496247,20.18281447868294,48.91348863216136
198.5581452209515,150.58002437471885,20.443028212484773,48.7629358926486
194.57810976565608,150.32737003937075,20.9354912243879,48.20144343496083
191.37660963657203,149.04806698349176,20.934131315690223,48.625262824430195
191.33357190193186,149.05251406382786,21.02020678497057,48.61636866375804
191.05461313885266,148.6762949242708,21.57812431112898,48.29391114315436
187.18994589130324,146.69334900124994,21.74709584393198,47.9395955821699
187.19777519841188,146.22888110697096,21.731437229714704,47.79065675949264
184.56249254559535,145.73047975856372,21.624821775445444,47.712023304326706
184.63377473163456,145.20238729688307,21.482257403367015,47.69578433004528
182.0143272441021,143.92607468535448,21.372722205863266,48.10903748407505
180.95718149721196,143.85322089200065,21.339497819313976,48.25474507078272
180.40518001205388,143.81639776765,21.368214519416462,48.32839131948401
180.51755051633026,143.35489651868767,21.143473510863732,48.17453424827425
179.49478175551334,142.94144441502254,21.04766863200792,47.93076725535968
177.02948698335626,142.04307802849132,20.651005333573178,47.59659889132256
177.1553704552323,141.13017779986848,20.39923838982113,47.315169328756774
177.2172282573534,138.60027086625067,20.275522785578854,47.149504795360365
177.24159782752793,138.52387153268302,20.2267836452298,47.3023034624957
176.82416180347883,138.55063017145034,20.019794367051677,47.24878618496104
173.83979290385656,138.69494623141668,19.763985160239116,46.96015406502838
173.8553446641404,138.8049699181309,19.732881639671383,46.7401066915999
172.81699714955917,138.9117585125725,19.75959409664371,46.526529502716684
172.42354237963355,136.46068389305933,19.52412607997215,47.33916851565197
171.91349068300573,136.0131707825779,19.514293643217407,48.234194736614825
168.00332163435382,135.44298867449388,20.035986986820898,48.33189541653997
167.45475341534325,133.89468275279987,20.079769306987274,48.268444906363705
166.89721409682008,133.5952039335543,20.141632121181324,47.81418672200253
166.46949393530076,132.31265683352586,19.949319238373395,48.2837745103663
166.48572116494555,130.78441940875626,19.91686477908383,49.238009310693286
164.7030916402465,129.43597042962256,20.28922537202165,49.80630829798721
163.04843064089542,128.86865677015265,20.361182450592903,50.940935616926964
163.16693638034292,127.98119285349932,20.12417097169787,51.61911602670064
162.64336993651264,127.74070036950202,20.06904105862872,52.10010099469522
161.41176582656433,126.52175588068485,20.315882299389322,52.32162299319356
161.26020283349413,125.68967917932045,20.619008285529755,52.8699847091375
160.99824473220312,122.39923383695734,21.142924488111767,52.67626285656484
160.9856792899922,121.90681084491865,21.16805537253363,52.5254273927069
156.57266380033516,121.23022364519449,22.05638324915161,52.74464420605578
156.77210532020328,119.77275568558697,21.65750020941538,53.35374318588479
156.89672610223593,118.60112080317,21.4082586453501,54.542399362043355
157.79606571921317,117.9604381737056,20.776851150819674,54.65649288154809
157.76549357266865,119.79072811710137,20.83799544390869,53.31108398759936
157.61350934471764,122.88758165559159,21.141963899810694,51.67483028326199
155.41121077381823,121.80189699116053,21.06161831386083,50.48249256631253
154.8642701161579,122.30035518859917,21.052894162075166,49.48557617143528
152.2825350285873,122.45602901992063,20.776125173900923,48.08618067612924
151.94730324023269,121.52562190037611,20.383677422785638,46.75826093174482
147.93211821956842,120.46930568956063,20.119981402790764,45.76061858037952
148.0598789957067,120.40590116201437,19.86445985051419,44.86977174725037
148.13189770232262,120.70074737083777,19.720422437282387,44.280079329603566
148.16801438942042,120.6099852087919,19.648189063086782,43.47244799015448
144.67234317511742,120.9478968268593,19.8063830710391,42.796624754019646
144.63862793128774,120.72078486450593,19.873813558698416,42.281736932238985
142.19787658078926,120.9446350434196,19.94134645457634,41.834036574411655
141.7124384694782,121.58633652408582,19.95477662023161,41.50807967004602
138.4215526851255,121.79223579090501,19.86607580091189,41.09628113640764
135.88905203339485,119.79567480905868,19.258850652578882,41.307918798904055
136.2106325286394,119.17285551979377,18.615689662089796,41.61568399826311
134.14446068422106,118.66332994992483,18.092652844281833,41.703659036672065
133.7651758858603,118.0165866083234,17.92808296121,42.074006240081594
133.28803397261888,117.4821928550279,17.95677708309138,42.217204042071096
129.97034798659072,117.49392176084378,18.09497367257126,42.19374623043936
129.89692047031335,117.15420188316496,18.24182870512601,41.94291282365496
126.72377455293406,116.82992258632075,18.083466320719204,41.66223510031971
126.92137422792214,115.93050752072577,17.688266970743015,41.616310075340564
123.40013279569563,113.71449306012386,17.41292438731127,41.474698091616396
123.4094489808927,113.73605475538392,17.394292016917106,41.43157470109627
122.85855821065111,112.88887970526248,17.589222804023702,41.312223294586
122.2330069331196,112.53694018364884,17.931746484243227,41.10752346296979
118.8090525178528,111.95839873780128,18.397981362393214,40.44127093969814
118.57235872498764,111.72847288370812,18.87136894812354,39.99092171708854
115.21202280466088,111.60503008056467,19.20855414767558,39.32588066036099
115.1744698458341,111.03106234364213,19.28366006532916,38.65763631877047
113.58973342194123,110.99893829574164,18.854657839691335,38.72188441457147
113.2329547765061,108.63910830741018,18.67509463561617,38.082821421561896
113.05011768058394,109.05678171298615,18.160103751167494,38.12813968670298
110.71090955698764,108.51892017724983,17.604278789499197,38.33148922336548
110.92979645698288,108.06996544009036,17.16650498950872,38.363771673796975
108.00111346326123,107.66065203838787,17.01495476552375,38.32398187556936
106.62924155871968,107.30856163902483,17.193174914874497,38.172988121051304
105.01753917293196,107.48348754043201,16.992116667930123,37.82313631823696
103.88563203699718,106.78413878860258,16.71341322825541,37.526822014199624
101.47875824006996,105.94561274599783,16.497314249561462,37.52725857522632
101.55692291110631,105.86449391906761,16.34098490748876,37.689496229086764
98.69093674058942,105.37296665298251,16.23423138094675,37.838447065888964
98.33262364143286,103.62508025497192,16.11648397621317,37.99672544972345
95.8773231476358,103.92552836519734,16.019609247089278,38.23040851539227
92.89652976734367,103.53834408092311,16.127523443095747,38.16853814614389
92.79892882023964,102.35844877574378,16.322725337303797,38.016554931272225
89.67951626088811,102.93947530181966,16.69194857726404,37.69301643322661
89.54809645540092,103.18205823927472,16.9547881882384,37.20785055831646
86.1343086571321,102.58058997906659,17.07904871172731,36.73495831047054
86.16355038411675,102.70734542053239,17.02056525775798,36.48144742753894
83.05383211751091,100.23149076670386,16.61200408675284,36.46215845703339
83.23491424295128,100.51857924076248,16.249839835872123,36.7090506426145
80.47132764986114,100.62759172579587,16.048971772588,36.49102567254772
80.59134590848856,100.10125301279369,15.808935255333164,36.73210908773379
79.86126758857557,100.15620785685462,15.64739128550215,36.62219939961194
77.07378563677605,100.31464216564076,15.577523903265003,36.305330782039654
77.11378687380997,100.51630621204427,15.497521429197183,35.90200268923263
74.40219949181828,100.51756019299714,15.367344455377443,35.8994947273269
73.3198821266793,98.98345844358217,15.158981871569141,35.803701807375205
72.94064165424945,98.87239604954746,15.131536006572965,36.0258265954446
69.71275703281005,96.60937994106777,15.278106357533574,35.81995964346535
67.61055802478509,96.36571095621665,15.541152113111673,35.519027161073254
67.39383027045868,96.41433424181776,15.974607621764516,35.421780589871005
65.20256072223214,97.01881110411821,16.38327162917495,35.80237690088717
63.36151654649419,96.63615653046102,16.835475038927882,35.760214812770826
62.83943987193573,96.68394912679398,17.06486441967037,35.66462962010489
59.478626501240825,96.4258297424887,17.24754228376571,35.36349977905365
58.74861956737169,95.29815084908647,17.0752592733027,35.1704122485562
58.47419093662688,95.30892621561063,16.81378098805869,35.148861515507896
55.95164436184425,94.83226694110428,16.220560946002575,35.29670675143183
56.136008667422594,94.43971675623044,15.8518323348459,35.28453761073612
56.25955217595087,94.11863481426285,15.60474531778933,35.1360748987411
