160.5,83.5,56,65
166.11776136222846,82.4150188219885,55.189638852896564,64.26576875979742
174.30509330401117,79.6162906412186,53.85361141894121,64.22373645273345
175.60535449927698,75.97057754883508,53.110781132446704,65.94208632538917
181.9377719780784,73.83319356579189,53.550814271949115,66.4726062637312
185.67155296320217,65.71330429610713,55.5202128066809,67.61324799513372
184.75211994386916,54.84681332298951,57.359078845346886,68.04175684551554
168.51070280652397,37.213360155708244,58.27352780588822,65.82120561952604
159.10112121559098,35.505208280844386,59.512595960581606,63.377477693529556
151.03502069047605,41.5600329870673,60.164497301583495,64.81309052665821
143.98435692556785,55.31066914082099,60.49115067936739,66.82897711636335
141.58419719378185,61.89561452397835,61.28262965108998,67.69002807152162
140.1216639494045,66.53851548612872,62.17725737748037,68.55641995904233
136.5188555787457,72.43513257781865,63.20831840721068,69.11229719883703
135.99925262500864,80.79925836652396,64.24752431468485,69.05021040857179
142.90597359016814,84.94411850080559,65.12593625964543,69.15583521159685
152.2438040272745,84.91238956696358,65.48019471895103,69.21929307928087
180.21596583372883,83.38632285963962,66.80415224762405,70.15037904424058
179.50726351917066,82.68846566411669,68.22155687674042,71.54609343528645
173.03267515970083,76.54003564440887,70.16618515354796,72.83840503257001
172.46279256701024,75.55590610215303,71.30595033892914,74.80666411708168
166.219374338155,74.94325389191741,72.28868208209416,76.03196853755293
158.19333754556962,74.20578118530258,71.99174956047521,77.50691395078256
149.8500223675089,73.49728883343288,69.84710699514493,78.92389865452199
129.70721631804992,75.70764126775234,67.98103751357253,79.18671396149314
131.67006135967003,77.67170307890355,68.68719183011552,77.57451253908232
157.64910448250052,78.3036144022557,69.68133046883298,76.310689892378
185.19634521472275,76.5305835196841,67.45221730446276,75.25976310968866
186.94899346992028,74.73404877955556,66.19351257546481,74.3596490271515
203.07654362474455,85.60182674899761,69.3384355818159,74.74910766076717
200.78291504669096,85.06436465204118,71.65699756006074,75.82403185468002
198.17828716474577,76.91689188111414,72.22164509134946,78.18515269872897
195.11225360242454,67.7072881258691,73.61742122842594,80.02734175273818
207.99735527828005,61.898755921374224,74.45705497384716,81.96810176277076
214.85940037275577,60.16723023412128,75.50903421322278,82.96847489922214
219.57303533490563,64.64203591321461,76.06183446921804,83.99893372133043
211.47980587025506,74.79384032720557,74.60922351872284,83.85426189883003
219.94175428194603,77.65676313810965,72.65188256249996,83.11726823274157
213.32912491070095,85.66281210856974,73.61877625988544,81.81520834594698
204.81397901864406,78.1343334750284,73.52056985515684,79.74366742418724
182.11464333388702,51.04626546307945,73.07010217975237,78.41821407792057
164.04875048563852,35.63007836831487,73.42282173278824,75.85679320021936
104.96022336141769,32.99438319758864,76.41156015803637,71.7250557193703
42.17544145266419,34.71285815147884,78.35500852354454,70.62067402766536
5.972659017709091,39.97921168875914,80.40207824566684,71.8143828110694
-10.107597883908397,38.97089374343591,76.6202565839288,73.83101870171586
63.372785506659305,85.23353989162678,76.55048674698354,73.70490190248597
92.38572203362577,48.770999708291114,75.31150585307954,73.28024656245324
112.40535906275127,39.26991353984239,72.71179877272658,71.22266247428303
145.85396862329526,34.381393941687975,71.54754858409657,67.39977706387643
164.19793020280716,33.39820903414418,67.67817212351542,64.990340652505
181.35292504884518,39.218993915037025,62.61643251821758,65.88373521362423
200.4867596351965,53.842316593479026,62.79452513563738,64.96554591261997
194.0842861212705,62.475876733321876,63.52809016741073,63.793601627705826
195.44448693748745,74.69014543486384,60.80768853497683,63.4258432956617
196.9992563830281,76.84957282571044,57.69814964389552,64.97596337762323
219.60511453806708,62.60486984726404,56.900023847466045,64.49998421691919
233.11336230764294,55.45744253469433,58.546643575322975,65.41871838412125
240.11789268286074,62.474651477491676,60.14926575344856,66.99598342708774
239.42882970947227,62.481251729177345,61.527391700225536,68.9843444074969
233.01135847952511,62.05089989579282,62.03554983539239,69.84504807426596
193.30924638119825,84.86101130468711,62.55370161398892,71.97165856214356
183.63353637652747,99.97940826603957,62.85021993761895,73.4930341156245
174.2379946904182,131.7276899694334,64.47728837000382,76.50702860069234
172.75133994886284,145.19720305601078,65.23239389828608,78.40465384030725
161.88035667159835,117.05069499674178,66.637765890292,80.46675112545056
155.85782321185508,102.9164304767616,67.11260265676245,83.28077382877534
133.70224845741905,74.50329129212128,68.85419220338076,85.71261446850959
114.02692225666986,54.09670666602272,71.74733410233333,85.20727181782148
113.80973228276164,47.557576156438294,72.18171405014975,85.93826872262245
129.25365380585092,60.712021070811005,71.14652765981144,84.5065927737439
147.1287995667622,68.49910903897334,69.68184231564173,86.07521992624567
147.75963074157863,69.44135935417843,68.42017996600889,86.64018761141776
148.7230443559818,58.9011926931288,66.49335273720256,85.78142307245524
156.56508995356467,47.8086995652847,65.16854427429365,84.03427144104876
166.65911444721723,33.23828112936304,63.74009668229258,80.34580587110999
193.13344770482627,51.64543806905859,62.89330495352786,77.51097554810148
195.86836494678533,61.40235700922513,61.839656875537756,75.66188329148068
195.81308963560883,67.67478291343511,61.95020749789073,76.09288158174901
143.20279358667955,143.56110399391653,65.13131751888966,78.46498894114865
142.51324062690716,201.34788096610902,68.7693440729467,82.61422862591316
123.81349160549722,212.95297291033378,72.82784966886797,85.60053880288395
103.4665617377613,195.8701376625058,76.12809898904041,89.85132096630029
95.0051438100885,152.40621280691767,79.99286166664142,95.8191169754601
93.56839279432558,127.64939743328556,82.86636369816728,101.07856007230444
109.71946300655131,124.99233354237604,85.28284799861846,106.39268785412347
150.00783278296737,121.58674681568807,86.08228156082681,110.18992896990531
160.41553062281687,111.06545266206717,86.86235165806698,112.72211803977063
185.58300614494186,88.45532488603827,86.71075921642144,114.0319348145496
172.91952274007002,53.00603557337622,86.80593370367424,112.38911051271255
149.2743338245255,40.36233797232839,87.1394835704755,109.5024089362355
112.78263562480946,28.462910802472784,89.01349577153431,102.38413971143659
100.07452126784769,27.53120281145864,90.33135041935114,95.21066541867486
101.7153875107474,30.01776431197716,89.97128684446614,90.23754241763783
107.57327575962462,37.305426517850336,86.76931098081738,87.01395218469904
109.53835327849384,49.42124199540095,82.83915594307894,84.67627022067671
120.73184843459106,71.23654607923956,78.91815545920679,83.25363880345043
122.39331284616041,81.10768638887123,75.59522663606808,81.38696667245318
133.82607986384255,68.9445327824537,72.50361144150115,80.99587533429151
153.9253387023814,47.527329163558804,68.55093948474995,80.33526770768952
164.26094348118505,39.81532396121898,66.62235297695915,77.0166550625527
175.21646343281776,48.41841489938418,62.7957169171421,77.8948770296707
175.1175584494835,49.60634827389984,60.781119176835276,77.73141798761469
167.16580113160666,59.82162877177823,59.26693175612783,76.89577180537673
160.89893283937172,67.92327575717813,58.9618867040342,75.67105641056759
160.17336093178136,70.80933574690627,58.296912831975355,76.24728949283003
153.0209146879008,79.74090828620544,57.803197955725,75.29683854453047
153.4279141023683,85.296882317929,56.98919912679001,74.6425536235975
154.55517865548222,83.16831071309865,56.802945283806054,74.76314630677055
170.04484091580747,78.86251492708942,56.829745996371685,73.0393628010503
193.08715830782623,79.74424885373259,57.692624861477796,71.27589494776396
225.365024488376,72.35121227044937,58.03872198421145,71.86469291474187
236.76992562749422,72.83875139214685,59.742811213498925,70.88961467134692
