123.5,87.5,132,176
122.25560301377008,85.53950554890689,133.48879397245983,174.08298447757338
121.78243613499365,83.70865959329922,134.4351277300127,172.91158456577182
121.36386416075796,84.1113562843892,135.2722716784841,172.10619118359185
121.10109419198581,84.45783390897238,135.79781161602838,171.4132359344255
120.98012855775023,84.76369547406364,136.03974288449953,170.80151280424298
121.13295133858162,84.88920991841246,135.73409732283676,170.55048391554533
121.08168642200988,84.67811230787362,135.83662715598024,170.97267913662301
123.09558298735627,84.57155074415411,136.63254925623903,171.18580226406203
125.06995411112773,84.97091319880886,137.52369889437065,170.38707735475253
125.02059348253684,84.92278898850712,137.62242015155243,170.483325775356
127.0685022462442,85.26243682108944,138.37175755382353,169.80403011019138
127.0213884592926,85.24817055573804,138.46598512772673,169.83256264089417
129.41207646245368,85.15043012715569,138.53341827586556,170.02804349805888
129.4713155581797,85.21903583235002,138.41494008441356,169.89083208767022
131.82877809987477,85.12949274735388,138.5488941543336,170.0699182576625
134.19055666390335,85.08045441052212,138.67913421734661,170.167994931326
134.1331746115053,84.82237060043337,138.79389832214272,170.6841625515035
134.14921407340967,84.52857818525088,138.76181939833396,171.2717473818685
136.6017022374424,82.03532142284459,138.73254625408015,171.38255772286942
136.53310460489223,82.23396710865723,138.86974151918045,170.98526635124415
136.37938403352945,81.94807423382564,139.17718266190607,171.55705210090733
136.34847852353568,81.67419605141309,139.23899368189362,172.10480846573242
136.1828349548864,81.37619580692561,139.5702808191921,172.70080895470738
133.5911217504592,81.34343954092625,139.8429764307802,172.7663214867061
130.9392425511075,81.3203986329388,140.23058412139676,172.812403302681
128.26903361025668,81.31515982867663,140.64787119049765,172.82288091120535
125.61083099721375,78.78134436686923,141.0342343727413,172.96046979097792
125.56729055884225,78.87720938935296,141.12131524948433,172.76873974601048
125.31818284880255,78.85398007962681,141.61953066956372,172.81519836546278
125.08792789402285,78.88742573834772,142.0800405791231,172.74830704802096
124.8644583550094,78.82485381541618,142.52697965715,172.87345089388404
124.79005462417973,78.94251415776853,142.67578711880935,172.63813020917934
124.73044198743801,78.9849788289855,142.7950123922928,172.55320086674539
124.66798224746057,79.20569031822765,142.91993187224767,172.1117778882611
124.69763960244973,79.40296895389929,142.86061716226936,171.7172206169178
127.13442533118067,79.28479636388832,142.93581392863098,171.95356579693976
127.07147002129776,79.17183201649885,143.0617245483968,172.17949449171869
129.4898049042268,79.12500344755748,143.18418629102283,172.27315162960144
129.35348064067486,78.89067437213112,143.4568348181267,172.74180978045416
129.0689583610942,78.61005777988625,144.02587937728805,173.3030429649439
128.85937768580368,78.43648181940502,144.44504072786907,173.65019488590636
128.78897787154517,78.36196619619403,144.58584035638606,173.79922613232833
128.74132118428207,78.31873311258941,144.68115373091229,173.88569229953757
128.72729493259254,78.30185087979811,144.70920623429132,173.91945676512017
131.34620917839214,78.14070412523749,144.48387783946092,174.2417502742414
131.365917731563,78.02166332509422,144.44446073311917,174.47983187452795
131.36732902287457,77.86011079760398,144.44163815049606,174.80293692950843
134.04088878273325,77.66025846180705,144.11630504539303,175.2026416011023
134.0018521141617,77.67831388792032,144.1943783825361,175.16653074887574
134.1045632277934,77.49059141749777,143.9889561552727,175.54197568972086
136.68974998907765,77.12096501903625,143.844428613063,176.2812284866439
137.01094752971838,76.96144058677568,143.20203353178152,176.60027735116503
139.57858322692996,76.49830444239595,143.09614834425116,177.5265496399245
139.6099832654361,76.40619021050732,143.03334826723886,177.71077810370176
139.7474801747938,76.49133348602072,142.75835444852353,177.54049155267495
139.75836960624488,76.5197000813433,142.73657558562132,177.4837583620298
139.8495750570812,76.55689282753258,142.55416468394867,177.40937286965124
142.46017251264624,76.32694894445073,142.36428577712326,177.86926063581492
142.52370370166557,76.42859850450618,142.2372233990846,177.66596151570403
142.65197667060963,76.58838029797232,141.98067746119648,177.34639792877175
142.71453724131158,76.49664056607462,141.8555563197926,177.52987739256716
142.69639143661044,76.64851170017988,141.89184792919488,177.22613512435663
142.64004500365195,76.85697236888544,142.0045407951118,176.80921378694552
140.19597219680634,76.77326425862303,141.87948247063787,176.97663000747033
140.27909633706057,76.90851061042017,141.7132341901294,176.70613730387606
140.35793239496985,76.96438526022936,141.55556207431087,176.59438800425767
137.9086840763901,76.95025550601045,141.45142536922333,176.6226475126955
138.08918174006368,76.77820433383735,141.09043004187615,176.9667498570417
138.22926310081652,76.70811591982935,140.8102673203705,177.1069266850577
138.34284272405637,76.68390144023567,140.58310807389083,177.15535564424505
138.49274427427395,76.8463393296098,140.2833049734556,176.83047986549678
138.4574431695143,76.72687730559312,140.35390718297495,177.06940391353015
138.4144632076879,76.72576145598961,140.43986710662773,177.07163561273717
138.26117390770463,76.85564790496386,140.74644570659427,176.81186271478867
138.32534665569372,76.6500011365344,140.6181002106161,177.2231562516476
138.20286261294663,74.58173247206936,140.86306829611027,176.36262501768746
137.77251979129034,74.6537438235096,141.7237539394229,176.218602314807
137.13706222614303,74.71154568502274,142.99466906971747,176.1029985917807
136.2464340247084,74.78654282719506,144.77592547258672,175.95300430743606
135.3438000645031,74.90586887399984,146.5811933929973,175.71435221382652
134.53654496930835,75.00627948037467,148.19570358338686,175.51353100107684
133.84457188599714,75.05197750572279,149.57964975000928,175.4221349503806
133.52635868834057,75.14930445747447,150.2160761453224,175.22748104687724
133.51022743241273,75.0351287295629,150.24833865717807,175.4558325027004
136.12927829882108,75.00217152420745,150.13559466815332,175.52174691341128
136.1798886053242,74.95889773680034,150.03437405514705,175.6082944882255
136.3640487393872,77.31897449293407,149.6660537870211,176.01241687993468
136.27904963489237,77.55793231072765,149.8360519960107,175.53450124434752
138.81872367816294,77.63369265142786,149.87665256396676,175.3829805629471
138.6290802328832,77.66395410223875,150.25593945452619,175.32245766132533
138.5543834494627,77.55971652274786,150.40533302136723,175.5309328203071
141.0080293686337,77.79901333327437,150.62708161234409,175.05233919925408
141.23360818591925,78.00726465563041,150.17592397777298,174.635836554542
141.40117043509701,78.18862908399515,149.84079947941746,174.27310769781252
141.65913559442268,78.02107658249491,149.32486916076613,174.608212700813
141.63928219325945,80.53123571190783,149.3645759630926,174.68531670455368
141.3810655613026,80.64386698964853,149.88100922700627,174.46005414907228
141.23109721053282,80.81776123051849,150.18094592854587,174.11226566733237
141.17038529825578,80.87613450368987,150.30236975309995,173.9955191209896
141.18050951755433,80.99035078590305,150.28212131450283,173.76708655656324
141.41507675533097,80.91553530495295,149.81298683894957,173.91671751846343
141.7579882205062,80.78795184239651,149.1271639085991,174.17188444357632
142.16878195921478,80.98455325340096,148.30557643118192,173.77868162156742
142.57701406049966,80.90092413743506,147.48911222861213,173.94593985349923
145.6799378911815,80.93875616310426,146.340945419228,173.87027580216082
146.0565951686823,81.16954572994321,145.5876308642264,173.40869666848292
146.44381117010045,80.90471925549448,144.81319886139008,173.93834961738037
147.0450677109353,80.73919684686783,143.61068577972037,174.26939443463368
149.74486002856213,80.4638084146343,143.21126249825207,174.82017129910074
150.02630103434024,80.27680783989632,142.6483804866958,175.1941724485767
150.12755804104037,80.16624110253099,142.44586647329555,175.41530592330736
152.80590379947984,79.7590495475798,142.08812652193515,176.22968903320972
155.37582519904083,79.69614065983195,141.95394906369418,176.35550680870543
155.26318577552613,79.9953583074407,142.17922791072357,175.75707151348794
157.6951040126889,80.18732143152359,142.31527667523997,175.37314526532217
160.22755913296652,80.5050921810175,142.24655762496755,174.73760376633433
162.89094400030274,80.7056123253235,141.90510433079618,174.33656347772234
165.44428128355662,78.70053761170064,141.77206208202864,173.37308058722783
168.02607659355743,78.85366481821985,141.5651454215858,173.0668261741894
170.43903536649134,79.22673845191328,141.6878494762223,172.32067890680256
172.95022396533582,76.90610384722058,141.6046023737751,172.0228180209462
177.894052026549,76.90065829673202,141.58335338970141,172.03370912192332
180.41341184339302,74.85474621788376,141.47766172290713,171.19250531272604
185.52759663785304,74.70031299867615,141.08604712596605,171.50137175114125
188.17061039396316,74.60787229363083,140.7168269588534,171.6862531612319
193.45414724160764,72.02238715184698,139.9771259550913,171.94353709903615
196.1710464137901,69.72383984392029,139.44901098330985,171.6349483423061
201.3942024825621,69.5159187044155,138.7874994888326,172.05079062131568
204.09279059743977,67.5067220221695,138.2784024181946,171.1811048266904
209.32110637897404,65.51716982437617,137.55474433767515,170.29372248100248
214.38396973169256,65.84614677830427,137.11131509188633,169.63576857314627
219.14263848738796,63.479721801604924,137.24171643318127,169.5447491002021
221.57040745012847,63.58052347207369,137.2107612268519,169.34314575926456
228.72608812996705,63.72340471061486,137.3623578545849,169.05738328218223
231.30087110925612,63.963547888082175,137.03184171345646,168.5770969272476
236.41370471791566,64.0181818341941,136.41882491216742,168.46782903502375
238.88799294835763,64.15901953485037,136.26497676234146,168.1861536337112
246.1312158996866,63.981111823031654,136.14227019047826,168.54196905734864
248.3884242482929,64.216419587231,136.41924352590524,168.07135352894994
250.5255018452832,64.49742451863271,136.93373455631695,167.50934366614652
255.1432151942081,64.81643227959279,137.27496903901758,166.87132814422637
259.8964332138769,64.76535612631058,137.3365985929014,166.9734804507908
264.77324688092534,64.87141217214777,137.15617035859182,166.7613683591164
267.3987105244031,65.23414082976879,136.68566570450474,166.03591104387436
272.12951140071254,65.68132464045128,136.74739190175592,165.1415434225094
279.0548240277195,68.32318289115004,137.14345598016678,164.6067233652535
283.748554777491,68.7312810518397,137.2500914015063,163.79052704387416
290.75430163517626,71.5822560244453,137.44716428294512,162.8247659642661
295.8543439280902,74.41643226430126,136.69601546687267,161.88088136943193
300.9866854230645,74.93971947125306,135.82696198009302,160.83430695552835
310.3904659409578,75.10026104279814,135.69011902641384,160.51322381243818
315.23879226369195,75.67533746201369,135.31451184003848,159.3630709740071
324.74967557053253,75.75766197609506,134.83965269383557,159.19842194584433
329.7172309473284,76.13174158672108,134.15763562570942,158.4502627245923
339.1947209602231,75.95197026184644,133.61876203170127,158.80980537434158
344.18766142638106,76.53812543580808,132.83468215441326,157.6374950264183
353.7357810714905,76.76656661740626,132.0192191717034,157.18061266322195
358.63409907759353,76.4760197487834,131.3226165810588,157.76170640046766
365.7911352316223,74.07582502771581,130.65178394233777,158.0143492861573
372.8067409397652,74.15705021827624,130.24301693151241,157.85189890503645
377.3854291927499,73.96794767225177,130.14907340030626,158.2301039970854
384.2985832375838,71.66121535743191,129.9308207982213,158.30755013086414
386.6270069297334,71.90291666091146,129.8076577001297,157.82414752390505
395.73630834157063,72.04588058253898,129.6860934857661,157.53821968065
397.90418813629435,72.43277468670006,129.86823172509372,156.76443147232786
400.2178721462066,72.43310914781546,129.7497930517776,156.76376255009706
402.78445747400497,72.2653485174832,129.1236302944522,157.09928381076156
405.22252117411415,72.23604122714649,128.7495645395205,157.157898391435
407.3676041463761,72.09143872306808,128.95631838046768,157.4471033995918
409.65996951716977,72.1450856796978,128.8762951551431,157.33980948633237
411.75655195479663,72.16630627905249,129.18489495738103,157.297368287623
413.89819394524454,74.42420807647323,129.4077089483792,157.28766266467545
416.08275718905867,76.63878038228131,129.54813001379046,157.3680656060988
415.9127142591127,79.1017279668171,129.88821587368236,156.95522261147585
416.1256826806251,79.14733947234508,129.46227903065758,156.86399960041987
418.4247471224108,81.73801488444055,129.36806029133115,156.1865589204739
418.18643347307193,81.85353735428099,129.8446875900089,155.95551398079303
418.0112331198708,82.1161341452061,130.19508829641114,155.4303203989428
417.90046149817636,84.1499512407889,130.4166315398001,155.8563331131763
417.81992738380916,83.62791568032709,130.57769976853447,156.9004042340999
415.5058304656966,83.6312443204943,130.68342637996608,156.8937469537655
413.2922720114767,83.78899335935017,130.58647382466702,156.57824887605375
411.1883453109851,83.73955723429005,130.27668152614004,156.677121126174
409.1748550543111,83.65980566450388,129.78948835642225,156.83662426574634
409.137646908626,83.62381323074382,129.86390464779242,156.90860913326645
407.0808028391067,83.52138660686064,129.4665136896634,157.1134623810328
404.9671284678252,83.67403351665874,129.18604530940846,156.80816856143662
402.76613688967984,83.45271586526204,129.08943726168334,157.25080386423002
402.7433785907864,83.35943989091805,129.13495385947027,157.43735581291799
400.6122237154439,83.19315808267565,128.8898195655539,157.7699194294028
398.20488441322016,83.22402461194821,129.195902734316,157.70818637085767
395.9408123102249,83.10182149505766,129.21145356388783,157.95259260463877
395.82512665130616,83.03157478197352,129.4428248817253,158.09308603080706
393.6716028352092,83.05939980452176,129.22737097171654,158.03743598571057
393.61439859464485,82.98902791433215,129.3417794528453,158.17817976608978
393.43932003561207,85.3390087731247,129.69193657091094,158.00039471783464
393.2973600750822,85.31788815283349,129.97585649197066,158.04263595841707
391.0145424729792,87.37425591070135,130.01115455557948,158.46023758327857
390.8970380251927,87.11571352845252,130.2461634511523,158.97732234777624
388.52750453763224,89.3129237871469,130.4361516849561,159.13198057170473
388.2443448902959,91.37857042706567,131.00247097962887,159.5552140454084
385.6945209110811,93.1597022429797,131.53193401271506,160.56313533892364
383.0971356411603,96.88713144209287,132.13246562978165,162.2967547862473
377.98155533080336,99.20088348890414,133.10243963479294,162.29984400047607
375.6062083517936,109.2504735432546,133.20681341762906,165.43226476769223
370.39077075630127,108.23020135518931,134.2454338161332,167.47280914382281
367.4250140315791,110.13480633509577,135.4326875627124,168.4078588868749
364.6535525831391,114.60148572453487,136.1977698932272,169.03018124072693
362.4380837942573,115.35180168862345,135.82892524246148,167.52954931254976
359.64966284420643,116.17340226490715,136.6349938110838,165.88634815998236
359.7592107490976,121.55329595783537,136.41589800130154,164.643650195258
360.16550647402744,128.44366740611213,135.6033065514418,165.07055448789438
360.50865935874776,128.290444893481,134.91700078200122,165.3769995131566
360.12533432266264,131.9332572625926,135.6836508541715,162.81432819183908
357.32273415422463,134.9130485960241,136.5929523076485,161.55064440837512
351.8772669622232,135.3921811339799,138.10176605444565,160.5923793324635
348.71671494174467,136.07408089490585,139.72236005816129,159.22857981061162
348.3436582708763,138.5783154358586,140.46847339989802,158.92549344669
348.25111978208065,141.35721267994165,140.65355037748932,158.08032420889347
348.09934884765113,141.79604940553006,140.95709224634837,157.2026507577167
345.5499525156147,144.2958475459348,141.36219864511514,156.89674074221344
345.55713464916937,146.99989093000636,141.34783437800576,156.18405215430022
345.79595441225274,149.50097479587714,140.87019485183893,155.8659694219983
346.06969692214125,152.1472873560619,140.322709832062,155.24486274844818
346.1899741282076,152.29957758262458,140.08215541992928,154.94028229532276
346.3905245354333,157.41892145641916,139.68105460547775,153.9906933180356
346.43460027412254,159.5601916130273,139.5929031280994,154.33153217650755
346.6476267273997,159.42767243186472,139.16685022154502,154.59657053883274
346.95892748299093,162.01894721095059,138.54424871036258,154.03862096278095
347.0010006286582,164.89596157630405,138.4601024190281,152.89058096199102
347.224893190202,165.295538096406,138.01231729594048,152.09142792178707
347.30549232193874,165.6572109276763,137.85111903246695,151.36808225924653
347.43130562040255,168.10264831647737,137.59949243553928,151.0305968410765
347.3883238239175,167.8306285045436,137.68545602850935,151.57463646494404
347.48140246755304,167.86790787514676,137.49929874123833,151.50007772373772
347.60151305906345,170.20949416755633,137.25907755821754,151.36674103373431
347.67954808463384,170.01609297710166,137.1030075070768,151.75354341464367
347.7424488776759,170.0881010209449,136.97720592099273,151.60952732695722
347.84514291077977,169.9698967897487,136.77181785478487,151.8459357893496
347.986531175172,169.6676220848307,136.4890413260004,152.4504851991856
348.03407295236997,169.58000681650805,136.39395777160453,152.6257157358309
348.1086726647737,171.8332972633712,136.2447583467971,152.6688309239079
345.90979229206033,171.65731322706276,136.09453709461764,153.02079899652483
345.82711592366854,171.14210515033113,136.2598898314012,154.05121514998805
343.53516811003976,170.93384693547608,136.27410383193688,154.46773157969818
343.47038208202565,170.68623623426348,136.40367588796516,154.9629529821234
343.5091062239132,168.02296112252697,136.32622760419008,155.70338006666034
343.41213403341226,167.65197310807372,136.520171985192,156.44535609556686
341.1135964109004,164.96801407485083,136.5062852613929,157.20231219319
340.9759787054736,162.5413013942543,136.78152067224656,157.433276940638
338.6722646185997,162.7562245751841,136.7584993776207,157.00343057877845
338.32099702263815,160.32129695215633,137.46103456954384,157.24986097595632
338.1622824200266,160.1399782475903,137.77846377476692,157.61249838508834
335.624793934908,157.479001236888,138.20423687692306,158.28524853841196
332.8914451971531,155.04169709090158,139.00448667286048,158.49340915081234
332.580744455073,154.760860689109,139.62588815702068,159.05508195439754
329.8701668377625,154.37825927433084,140.34589465617066,159.82028478395384
327.18095317512757,153.84901521498165,140.9997833398483,160.87877290265217
324.68111680182574,153.4858918429037,141.24804064426957,161.60501964680813
321.9957639125602,153.2856522157013,141.85210123853938,162.0054989012129
319.16880038896795,153.06944469865886,142.7235012059927,162.43791393529776
314.00844511650905,152.6744536940814,143.4378441366597,163.2278959444527
311.22148663063695,152.02006420877018,144.18489402730944,164.53667491507517
306.13574173804056,153.62875595227518,144.6381533354629,166.17840666658483
303.45606409312296,155.34363632459355,145.10569908600755,167.64045546123856
298.3344935999479,154.61375557287536,145.5049622008201,169.10021696467493
295.4240829526127,156.6463299043267,146.3748559823518,169.98599581491078
292.8176406260983,156.14563904743878,146.60915005110874,170.98737752868664
290.0501971835564,158.20163763138527,147.14620170918755,171.87321558779863
284.98933932198366,157.43269003869545,147.22761018276435,173.4111107731782
282.1808038535945,159.83951316632317,147.79946316784176,173.64268246962368
279.41438156994786,159.8530650206549,148.2743183870311,173.61557876096026
274.1046818602765,159.39214356875746,148.76331081658472,174.53742166475513
271.43480921114167,159.55049872633896,149.01575240435778,174.2207113495921
263.6678102301611,156.33383939438892,149.29034745624477,175.5675623768009
258.2740201671154,156.185055325538,149.8545540050265,175.8651305145027
252.91375283560282,155.83254294525267,150.32438176013505,176.57015527507338
247.5557274169795,153.12781508789266,150.75284117712226,176.8358152796637
242.18276238039897,150.17688810684788,151.18919773584398,177.58288248453357
236.854785257211,149.9902625421915,151.4984712198345,177.95613361384636
233.7689639486955,147.1736637786011,152.48603660482215,178.40525390898375
228.29601176628194,144.35576769115542,153.01816438199816,178.83415779004957
225.4771699350323,144.1784098218867,153.433782104349,179.18887352858698
219.97338019575406,140.79109153494502,153.97291169599424,180.72928515901475
217.1660778172767,137.50155938928214,154.32082788408002,182.04166088147164
214.32616946594112,134.13365046718536,154.70809662074439,183.4849307596585
211.37730926879502,130.81795837858414,155.2847648692213,184.79526279104567
205.65934431050573,127.30246679603633,156.01959936497198,186.47569824572736
202.81531166450597,124.00318647500669,156.31937182477242,187.68596605558747
199.91432774596927,120.66819642549021,156.7095656614209,188.94417215419554
196.8766751843122,117.49787691712069,157.3474255754378,189.8473659616373
193.94251010622952,116.83414813428999,157.7541131425646,191.1748235272987
193.74841698893425,113.50897930729789,158.14229937715515,192.33652222109504
190.77657329391798,110.1034215679755,158.5732063536725,193.63485728622462
187.7463304055375,109.85222118808015,159.0939834233712,194.13725804601532
187.33255222422122,109.62701804169716,159.92153978600382,194.5876643387813
187.06338205687956,106.34998982711622,160.45988012068713,195.5655756213751
183.9050465890694,106.16873293426252,161.17666924147795,195.9280894070825
180.78466030068245,105.79055052801223,161.80040588703068,196.68445421958307
180.40819419590503,105.71427339106823,162.55333809658558,196.83700849347107
177.41072794141346,105.5339546440177,162.8950216779105,197.19764598757214
177.27102372001903,102.68700552856819,163.17443012069936,197.22722965316177
174.49449211217774,102.39714614795663,163.05821385085724,197.8069484143849
171.65930947456775,102.47806637628969,163.05225372820635,197.64510795771878
168.86413374721974,102.66882983422008,162.96886632514594,197.263581041858
166.0566498662924,102.84547859256217,162.91731279803548,196.9102835251738
166.1948982488354,103.03236757651139,162.64081603294952,196.53650555727538
163.58493430382902,100.44594289987077,162.21070840682086,196.05931939441524
161.0551456904507,100.50765066492475,161.6345366382808,195.93590386430728
161.15436927605998,98.06201217646174,161.4360894670622,195.20263136448648
158.600524403559,98.13503019228916,160.93371827028648,195.05659533283162
156.2513837043419,98.21330025130176,160.03229526887847,194.90005521480643
156.5643186351091,95.61413991172094,159.4064254073441,194.51563690851555
156.77180098669166,96.06114871824879,158.99146070417896,193.62161929545985
154.32546840855082,96.51622130598572,158.33786295363888,192.71147411998598
154.61762204863766,94.3084525392564,157.75355567346523,191.6053051083303
152.16711834847496,94.62691638026573,157.15930946437172,190.96837742631163
152.33727413282963,94.66647395824093,156.81899789566233,190.88926227036123
149.92851078935786,92.0321822819487,156.16737951587578,190.68870055621557
147.3199325585055,92.24557039875998,155.9290030452023,190.26192432259302
147.37897520024362,92.34498481572805,155.8109177617261,190.06309548865687
147.5514830111761,89.77130026799004,155.46590213986116,189.77031103291407
145.06697625205982,89.76993185964302,155.00483900356542,189.7730478496081
145.22211787927696,89.65302044364012,154.6945557491311,190.00687068161392
145.36540868543915,86.9260005748925,154.40797413680673,190.0396672513006
145.558136824048,87.24561684650146,154.02251785958902,189.40043470808268
145.89692612831504,84.57644361650851,153.34493925105497,189.33772462627385
146.1801535298219,84.63040593594869,152.7784844480412,189.2297999873935
143.8358200312871,82.08965852291864,152.0888472631588,188.9329906315016
144.27666235729322,79.73049833050395,151.20716261114663,188.2887300359507
144.4273075690541,80.08225765538525,150.90587218762482,187.5852113861881
142.07241966953495,80.57766162144827,150.29290954980345,186.59440345406205
142.4087818341822,81.12804995433731,149.62018522050892,185.49362678828396
142.61833764991172,81.65829033842601,149.2010735890499,184.43314602010656
142.91688544024902,82.155253405711,148.6039780083753,183.4392198855366
140.61805933566453,82.52522760958107,147.97980258264624,182.69927147779646
138.30669833491186,82.76298758063032,147.40216095084418,182.22375153569794
138.54403099245724,83.0291719577065,146.92749563575342,181.6913827815456
138.68183162247797,83.34520061016647,146.65189437571195,181.05932547662565
138.95026730644685,86.31544273789788,146.1150230077742,180.27253161898108
139.00630587429285,86.59872869998486,146.0029458720822,179.70595969480712
139.02392322746044,86.7198638168282,145.967711165747,179.46368946112045
138.7853136173719,86.9718659909727,146.44493038592404,178.95968511283144
138.4818479630964,89.80294487837315,147.0518616944751,178.4156099901465
140.4443368360115,89.95266144542674,148.24640292976517,178.11617685603932
139.79854761234373,89.79025424765686,149.5379813771007,178.44099125157908
141.584312512688,89.60511592085012,151.1264584226539,178.81126790519255
143.49665304739037,89.34028874337794,152.49307219059517,179.34092226013692
145.91143225036512,89.33400891068595,152.88496826193466,179.3534819255209
148.38052263965912,92.16769383949804,153.1747364823052,178.91406106685525
150.78564012998655,92.18540920746959,153.5903177296039,178.87863033091216
153.27039980778224,92.04303498072375,153.8527420832831,179.16337878440385
155.6417523042083,91.7859417549329,154.3505972404906,179.67756523598553
158.15417077372447,93.83375400953747,154.58226472339004,180.83844514870822
158.15132085751014,92.92261317880173,154.5879645558187,182.6607268101797
160.9258522102129,92.27246762987113,154.34530288636506,183.9610179080409
161.1434900699024,94.04881869465046,153.91002716698603,185.73086839751647
160.8843986133373,93.13702240930533,154.42821008011623,187.55446096820674
160.2599709211195,92.43111009810683,155.67706546455184,188.96628559060375
159.5538469919135,91.81043263615058,157.08931332296385,190.20764051451624
158.97726963945183,91.37537002026224,158.24246802788718,191.07776574629293
158.20643435609003,91.01467058938807,159.7841385946108,191.79916460804125
154.68330051489562,91.02856650000521,161.29940305142523,191.77137278680698
154.18296984052472,91.88976034036241,162.30006440016706,190.04898510609257
154.10515576310195,93.42421972975542,162.45569255501258,186.98006632730656
157.4643971968275,94.56510498181478,161.23674581369852,184.69829582318783
158.4926136304891,94.6847051313859,159.1803129463753,184.4590955240456
159.59841692007475,94.42222271260802,156.968706367204,184.98406036160137
160.44286970599228,93.93728734712441,155.2798007953689,185.95393109256858
161.1119384126037,94.1380209892155,153.94166338214606,185.5524638083864
161.6861963651307,91.9807125987308,152.79314747709208,184.52651347807318
161.88933181738156,90.14854506944064,152.38687657259038,182.884607756433
162.03196518559267,90.78743364003056,152.10160983616817,181.6068306152532
162.32637884520278,88.73287810863934,151.51278251694794,180.46582847080373
162.62172234699295,89.10656802334053,150.92209551336757,179.71844864140135
162.9715155045405,89.57496202128306,150.22250919827255,178.7816606455163
163.42738589222,89.9395152765227,149.3107684229135,178.052554135037
164.0046512681592,88.06299549433945,148.1562376710351,176.65523563357334
167.06589343331837,88.4656071350116,147.14397002701926,175.85001235222904
170.2637501983769,88.89237451975545,145.8297512863793,174.99647758274133
173.57937394875566,89.23068599093169,144.2456629886537,174.31985464038885
177.033289144629,89.46086520224424,142.34902039695095,173.85949621776376
180.26660970838282,89.2871632860669,140.8558559094347,174.20690005011843
183.2024673320044,89.08105318582676,139.9388044199253,174.6191202505987
183.5925353096461,89.05618364105747,139.1586684646419,174.6688593401373
186.42494402508194,91.55745247455512,138.4281009458207,174.60057158519245
186.52915563587862,91.29504480660182,138.2196777242273,175.12538692109905
186.6917268428678,91.27350037977295,137.89453531024898,175.16847577475679
186.79563033788565,91.13181215254208,137.68672832021326,175.45185222921853
189.5441023263336,91.10368113190258,137.112126762388,175.50811427049754
189.38576814345703,90.93489477698765,137.42879512814116,175.8456869803274
189.44519501983365,93.39076868700558,137.30994137538787,175.85811308165594
189.45124380897727,93.47705547996196,137.29784379710063,175.68553949574317
191.96618363382947,93.36592322392433,137.187559315856,175.90780400781844
192.10627843424808,93.18692692983758,136.90736971501877,176.26579659599193
192.2629094672234,93.1402249675997,136.59410764906812,176.35920052046768
192.41268010445708,95.5749248908189,136.2945663746008,176.4082428895724
192.65585893056266,95.48450607561256,135.80820872238965,176.5890805199851
192.76592973263323,95.34922718528155,135.5880671182485,176.8596383006471
192.80059197176996,95.36991405237644,135.51874263997502,176.81826456645732
192.90415503202513,95.46527459023461,135.31161651946465,176.62754349074098
192.964561498538,95.44671864522218,135.190803586439,176.66465538076585
192.95278929222002,95.51221005818911,135.2143479990749,176.53367255483198
192.82177712606926,95.5312230546585,135.4763723313764,176.4956465618932
192.66094574966758,95.45461859142668,135.7980350841798,176.64885548835684
192.533259076094,95.55630928301679,136.05340843132691,176.44547410517663
192.51708473398125,95.74101408407947,136.08575711555244,176.07606450305127
192.51194801437032,95.89725373558706,136.09603055477433,175.7635852000361
192.5344492916766,95.92460675286766,136.05102800016178,175.70887916547488
192.55595866857982,95.93403001011006,136.0080092463553,175.69003265099008
192.6101674498292,96.07588399670621,135.89959168385658,175.40632467779778
192.57194235765712,96.29027819151837,135.9760418682007,174.97753628817347
192.41402227168757,96.39994608071024,136.2918820401398,174.75820050978973
192.34820701655832,96.50818206733709,136.42351255039833,174.54172853653603
192.2516467805998,96.75034986147334,136.61663302231534,174.05739294826353
192.28724496977657,96.97509831325236,136.5454366439618,173.60789604470548
192.32732487720244,97.00809330012564,136.46527682911005,173.54190607095893
192.29498883874373,97.03170286217099,136.52994890602744,173.49468694686823
192.21427030601058,97.09264436005685,136.6913859714938,173.3728039510965
192.21915872137131,97.20521157444371,136.6816091407723,173.1476695223228
192.14224192653774,97.31572064786248,136.8354427304395,172.92665137548525
192.10822215469778,97.41635764353568,136.90348227411937,172.72537738413885
192.1260099708075,97.5744402552865,136.86790664189994,172.4092121606372
192.1708996139411,97.68226153555827,136.77812735563276,172.19356960009367
192.09522238598933,97.71131724784328,136.92948181153628,172.13545817552364
192.0533813694638,97.6231968525128,137.0131638445873,172.3116989661846
192.05834637849625,97.61536414526489,137.00323382652246,172.32736438068042
192.07538448069064,97.48577026443346,136.96915762213365,172.5865521423433
192.0470164193963,97.46871428446764,137.02589374472234,172.62066410227493
192.0485341231528,97.45593577609125,137.02285833720936,172.6462211190277
192.17421685686526,97.40772668263361,136.77149286978442,172.742639305943
192.32713312987448,97.33813567655245,136.46566032376597,172.8818213181053
192.47941047760037,97.23972567382484,136.16110562831423,173.07864132356053
192.56415991348246,97.20029700719815,135.99160675655006,173.1574986568139
192.5669960392781,97.18116085038324,135.98593450495872,173.19577097044373
192.64962657146373,97.19303881491473,135.82067344058748,173.17201504138075
192.80003416941267,97.08487529598338,135.5198582446896,173.38834207924344
192.84302979170755,96.8481419919006,135.43386700009984,173.861808687409
192.8411543515718,99.53520657468029,135.43761788037133,173.349070019479
192.85131598661746,99.67741285194406,135.41729461027998,173.06465746495147
192.7288187930847,99.70329483514011,135.6622889973455,173.01289349855935
192.74671023597364,99.75355545591862,135.62650611156766,172.91237225700235
192.70579576439286,99.65522625957476,135.70833505472922,173.10903064969006
192.75055952327426,99.68421639129717,135.6188075369664,173.05105038624524
192.772390451947,99.67127017285124,135.57514567962096,173.0769428231371
192.81761013644746,99.64169058045539,135.48470631062003,173.1361020079288
192.7776673988385,99.42093656368208,135.56459178583793,173.57761004147542
192.6461722394789,99.4217025568708,135.82758210455717,173.57607805509798
192.60901326851283,99.39579969979862,135.9019000464893,173.62788376924235
192.50789874002254,99.16882381314542,136.10412910346983,174.08183554254873
192.3406048893437,101.36553144415149,136.43871680482752,174.56407685796466
192.3770835300485,101.12170753082809,136.36575952341792,175.05172468461146
192.49873441551472,100.94926067035809,136.1224577524855,175.39661840555146
192.62870217505372,100.85689883539519,135.86252223340753,175.58134207547727
192.65664963548386,100.57767407610899,135.80662731254725,176.13979159404965
192.70953236202615,100.42824899915041,135.70086185946263,176.4386417479668
192.71153912745075,100.31772906386661,135.6968483286134,176.65968161853442
192.6384372263902,100.32993502343743,135.84305213073452,176.63526969939278
192.5402710091176,100.25794839703103,136.03938456527976,176.77924295220558
192.58783425329216,100.35512606271837,135.94425807693062,176.5848876208309
192.51293282087607,100.47496358642462,136.0940609417628,176.3452125734184
192.45525806424158,102.94200538516498,136.2094104550318,176.32121419967893
194.96396220218685,102.6557924805499,136.10359967690852,176.89364000890907
194.94587274657607,102.81110873384235,136.1397785881301,176.5830075023242
194.95702468392795,102.94590762283237,136.1174747134263,176.31340972434415
194.86625938486787,103.04349598205916,136.29900531154647,176.11823300589057
194.809670069407,103.2281118097131,136.41218394246823,175.7490013505827
194.73795503704798,103.27583781416939,136.55561400718628,175.6535493416701
194.7017103112246,103.32659645741744,136.62810345883307,175.552032055174
194.59197158793046,103.12423589602241,136.84758090542132,175.95675317796406
194.5553223839907,103.25453896060716,136.9208793133008,175.69614704879456
194.47056582822165,103.02744233600876,137.0903924248389,176.15034029799136
196.8823478374895,105.4593688382732,137.1901561420421,176.2098150292013
196.8937549420986,105.24722796554873,137.16734193282386,176.63409677465026
199.42572802076512,104.78639738128601,137.03536992007514,177.5557579431757
199.4299859156302,104.85357680981201,137.02685413034501,177.4213990861237
201.95596275601943,107.36301229932563,136.91661602481673,177.34424368234667
201.83884205414458,107.17402629627162,137.15085742856644,177.7222156884547
201.8149359850502,107.11901348562779,137.1986695667552,177.83224130974236
201.7351551197789,106.96377114739009,137.35823129729778,178.14272598621776
201.73687248106026,106.82147151699358,137.35479657473508,178.42732524701077
204.29156123848546,106.57131894227716,137.20783869227552,178.92763039644362
204.31602023458703,106.71262132522476,137.15892070007237,178.64502563054842
204.35687854150066,106.64615666614344,137.0772040862451,178.77795494871106
207.00795698326743,106.46339995825875,136.73829468942108,179.14346836448044
209.63805516908855,106.2976424209191,136.44139565190235,179.47498343915973
209.56647263518747,106.47410720186079,136.58456071970448,179.12205387727636
212.00133146776415,106.30524931146525,136.67530566688416,179.45976965806744
214.46698898033327,106.26188487179586,136.71108449960286,179.54649853740622
216.880864739132,106.30207439456991,136.85233331046538,179.4661194918581
219.428251193426,106.25946272789412,136.7276396382794,179.5513428252097
221.95610966561193,106.32328800435806,136.6412670544765,179.4236922722818
224.4856741449181,106.4895299048788,136.5481263164845,179.09120847124035
226.95938883826364,106.5012792843144,136.5600946321559,179.06770971236912
229.4546321191885,106.53319525138231,136.5288426332235,179.00387777823332
231.91613926284745,106.72891425144408,136.56357942900758,178.61243977810977
234.30199698623701,106.8634370880507,136.7442104324884,178.34339410489653
236.53588669418286,107.05857538155806,137.22761751637722,177.95311751788182
236.4422595587832,107.28342568828482,137.41487178717654,177.5034169044283
238.8418872734664,109.67893286545254,137.56490361983288,177.66168981211553
238.81567435425183,109.68213635830875,137.617329458262,177.6552828264031
241.42155270842116,109.42260523977127,137.3604765974481,178.17434506347806
243.88941885604942,109.6292881307066,137.38339359347287,177.7609792816074
243.9721396851159,109.82228438259857,137.21795193533987,177.37498677782347
246.44638630163416,109.70074198415864,137.21357746147123,177.61807157470332
248.87326028479254,109.43820898308574,137.30759024118402,178.1431375768491
251.3551774794068,109.32423341719733,137.3010669827312,178.37108870862593
251.29795582567604,109.40178240143769,137.41551029019269,178.21599074014523
253.69491015455964,109.25686042263094,137.58178345549223,178.50583469775873
256.15075572250873,108.97866590252004,137.6374090939779,179.06222373798053
255.9720402127318,109.07536814525436,137.99484011353178,178.86881925251188
258.2944254557422,108.81463871269865,138.32965864644507,179.3902781176233
258.163507578096,108.98436602874588,138.5914944017375,179.05082348552884
260.50271189284314,109.0816003105308,138.90517208285635,178.856354921959
262.95271626751065,106.55892828415439,138.99938440440633,178.9074779038268
265.3626446037438,106.2574298878495,139.1760634310761,179.51047469643657
265.30299581506154,106.33052045923048,139.29536100844052,179.3642935536746
267.6876418518349,104.01758197393548,139.5344033763342,178.98183608282415
270.2024408231527,103.62854685502371,139.51118291058856,179.75990632064767
272.63255444934043,103.39743320668533,139.6688488319216,180.22213361732443
272.6380008736249,103.34632067363296,139.65795598335265,180.32435868342918
274.9715692949396,100.92919487961586,140.01972665132314,180.12970276086332
277.5565955792332,100.82705926753971,139.88149556019405,180.33397398501563
280.1052171028755,100.48945568145797,139.8169460769453,181.0091811571791
282.63227425317086,100.22685527947881,139.8047898681624,181.53438196113743
285.08476844556543,97.88212101824422,139.94958215809208,181.1740698088878
287.5104281965794,97.50376609055591,140.14489952439988,181.9307796642644
289.8992747345459,97.30030878171263,140.4285813430672,182.33769428195097
292.40950676986415,94.55811692687294,140.48032757122053,182.7498676928405
294.7273861159475,91.85284634122539,140.92391525378537,183.08106248940396
297.1386899036016,91.18776538493753,141.1929392288647,184.41122440197967
299.39778463825706,90.74178665680562,141.79106964824337,185.3031818582435
301.65378904613146,90.33846470063054,142.41874458091246,186.10982577059366
303.7293743297539,89.70170290371186,143.4298016512997,187.383349364431
305.8302143264706,89.17456156458296,144.42626900964802,188.43763204268882
305.319962462368,85.96327815608305,145.4467727378532,189.6297153147475
307.4400720674598,84.91241327273259,146.47186775790095,191.7314450814484
309.76465855086167,83.94629070694464,147.13679500679893,193.66369021302432
309.1735206786884,80.33844855737655,148.3190707511454,195.52495620042498
308.47523411693993,79.47610405256646,149.71564387464244,197.24964521004517
308.0825435466436,78.6536176935962,150.50102501523514,198.89461792798568
307.5630571117895,77.768622305733,151.53999788494338,200.66460870371208
306.8712821752872,77.28266539217552,152.9235477579479,201.63652253082705
306.2065984018361,76.77021866469391,154.2529153048501,202.66141598579026
305.41466107952994,76.33705332360631,155.83678994946243,203.52774666796546
301.7947718902013,75.69340420041527,157.4297567426937,204.81504491434754
298.15191128376097,78.25736333801026,159.02305021044458,205.37955438428725
294.834813301502,80.96641324596831,159.93024274735666,205.6884579959771
291.52943251488864,83.4293581411029,160.79451373287122,206.50905879341994
285.24090025713264,86.3577003738702,161.82538361827196,206.42547164294095
281.9017672462253,89.0786138572731,162.71506653850392,206.7722277777179
278.85140435424466,88.7631990940047,163.00744515279192,207.40305730425467
275.51746874498394,88.91619046262782,163.8525640283578,207.09707456700843
271.82165462494856,92.06377814035459,165.41239804130424,206.63369343867927
265.4528552533257,95.22412346021765,166.45000442542764,206.16299897851425
261.8563867572808,98.59145900381468,167.78335791822366,205.28791139061414
255.44920900850536,101.73720861551936,168.86229031524587,204.86412371746906
254.9141941222378,105.14856623515021,169.93232008778105,203.92003282436855
251.61595603643676,108.3405880011373,170.64744324708232,203.4173423046952
248.1059038460524,108.41173179456769,171.7824175035645,203.27505471783445
244.4722131892603,111.5310953505996,173.1485896565989,202.93753676632048
243.8653083236338,111.08181767178309,174.3623993878519,203.8360921239535
240.32847682393782,110.44097972702592,175.48470388066016,205.11776801346784
237.42883269018014,109.46923420369687,175.29479584864356,207.06125906012593
237.72065529098776,108.06566893688364,174.71115064702832,209.8683895937524
235.0641529652973,97.31085124426856,173.97411462883758,213.2279029702676
229.1195163364166,83.7086586251902,173.68372604208582,216.07296451939794
226.12528188053474,67.86027516435473,173.54337618665426,217.12563760509227
226.18001092706146,53.16025439723191,173.43391809360082,215.81223059671566
223.14013049548157,41.06206060808995,173.39290745786195,215.525532179405
223.36890245046084,25.332370834488387,172.93536354790345,216.40637020204366
220.56553527985972,12.645958378835317,172.42029388787103,217.2919791084111
221.0646648753025,6.973667849519217,171.42203469698546,216.38251549991423
218.7101960241404,-2.0092805571305377,170.0340836587763,216.05774609161358
216.49678606634802,-4.187018370138446,168.39152649615562,214.34384463942393
214.28170430389832,-6.13029417331731,166.80523171214716,212.21393793687375
214.5167472991006,-7.473230444314353,166.33514572174258,208.941723391658
212.08722512706925,-8.46279542396789,165.29384800577074,205.02051129093053
212.77204718186672,-9.615763640888105,163.9242038961758,201.50312095512285
210.86893577739787,-8.610406062495883,161.98327790014224,199.4924057983384
211.7785557188288,-7.5537103517362425,160.16403801728035,197.37901437681913
212.77181280753823,-3.730435441049991,158.17752383986152,195.35543357269148
210.59987223792072,0.07087888604577586,156.9616583572119,193.31255154038456
208.15208398126006,6.938390867805367,156.34853664353471,190.59492403086242
208.65202833533772,10.81737798195563,155.34864793537943,188.2939679188432
209.25230899644595,14.692113957953154,154.14808661316295,185.9499696155181
207.34419485518129,18.364042520542682,152.61429699599896,183.9561303900324
205.17354972163596,21.91656449141172,151.66101394172887,182.14565976965505
205.80373932612068,25.468635868900435,150.40063473275944,180.29283187575896
206.26919139090222,26.571789443602313,149.46973060319633,178.0865247263552
204.29041051840542,27.1904001563351,148.27384991421042,176.84930330088963
202.27978030165582,30.280841455245763,147.18000703663802,175.78352401413989
202.70662355482875,30.970129610840488,146.32632053029215,174.40494770295044
200.45365230706912,31.659294408034654,145.78621813291983,173.0266181085621
198.20611181771943,34.74529489796768,145.2652083260491,171.8707079142662
195.89959231427719,35.06296335635351,144.88837660318924,171.23537099749456
191.01876203106596,35.63718733454331,144.7020325841615,170.08692304111494
188.7322673425158,35.82731511275327,144.32174686315986,169.70666748469503
186.44529840697692,38.366547342629815,143.9543964450368,169.5694913141428
184.03354146424655,41.27796490357976,143.84464761547827,168.67991890726213
181.61397957964712,41.52845029431046,143.7660111926773,168.17894812580073
176.6161223449731,43.91197035508513,143.94421236889752,168.3206646508153
174.3356037214096,46.6936304259316,143.59143980785686,167.67115431729
172.13881733765245,49.33057014544242,143.08690782160335,167.29537963203617
172.45513339594197,51.95977467738028,142.4542757050243,166.92116235048317
169.96405533374835,54.70018995122956,142.56818814974156,166.30857548245461
170.12130557691106,54.984842758091816,142.25368766341614,165.7392698687301
167.6766663184379,55.51984692517816,142.2962099835616,164.66926153455742
167.9185136038257,58.05339462258112,141.812515412786,164.43305704482032
168.0760692066604,60.304904656400964,141.49740420711655,164.74951171036622
168.17814270221058,62.872552451162136,141.29325721601623,164.43352566999158
166.30791407281328,65.47610466181456,140.2225684844396,164.03756723905798
166.57480342240814,67.79679953363055,139.68878978524987,164.18400491248582
164.44671898846173,72.2495139327483,139.163448823671,164.84159577319377
164.61934906432103,74.20616726674176,138.81818867195238,165.71149865954217
162.34445107473167,78.61220910878355,138.57691897044236,166.48154633683603
162.50707362015208,83.02412355807516,138.25167387960153,167.2558035205633
160.21517324223606,85.53482942535473,138.02975675066742,167.04010967077028
158.0188347427372,88.05488549214826,137.62361749726182,166.79881378958657
158.18027880589455,90.8142469681932,137.30072937094712,166.06863759886267
158.44162023488764,93.30477327287599,136.77804651296094,165.859682229327
158.50037255956417,93.61748797367963,136.66054186360788,165.23425282771973
158.52882705935139,94.04388629051795,136.60363286403344,164.3814561940431
158.45202293986165,96.4187100853344,136.75724110301292,164.36668210706398
161.0030073204676,98.35878255250155,136.3923955713944,165.22366040232302
163.5343702592406,98.12015942954433,136.07410062289813,165.70090664823746
166.10528738757387,100.15597090054901,135.6788996100176,166.3759169500141
168.6116512838338,100.17393772662474,135.4167955594978,166.33998329786263
171.1474390072337,102.81348571438409,135.09105323616646,165.80672044581235
176.13101718187252,105.28528096561618,134.58863974970456,165.59550137475605
178.8581934753238,107.61550463335337,133.8552875658073,165.65605444228697
181.37917044352076,110.37250427343102,133.523396407688,164.85211794040634
181.2164339444529,110.79690323591798,133.84886940582376,164.00332001543242
181.11578293072267,110.63887040811598,134.05017143328425,164.31938567103643
180.83727463662436,108.43257900231042,134.60718802148085,164.03928402292482
180.7961129861033,108.2761038897906,134.68951132252292,164.35223424796445
181.0177503319877,105.41429890760409,134.24623663075417,165.37232092320704
181.32845785117865,100.44702149948813,133.62482159237223,165.8828099076493
181.71577911750165,97.73905414408709,132.85017905972623,166.5889331328976
179.49935180734087,85.71404171107393,132.5749462310519,167.09852075394443
177.07676767125812,85.99615385317641,132.70868304993496,166.53429646973947
174.33347138425077,83.95226454698246,133.49032046178974,165.91711991996743
171.75686158408467,83.976955005127,133.93538058014,165.86773900367837
169.19580036254015,84.109911163795,134.34289398533406,165.60182668634235
166.65567028389694,84.05286468533336,134.70603232925828,165.71591964326564
164.13345965004794,83.95683540806415,135.02570437166338,165.90797819780406
161.77343726821366,83.83974437265113,135.01287869089265,166.1421602686301
161.80034226330662,84.20396552501441,134.9590687007067,165.41371796390354
159.54623190737092,83.97423995452388,134.74309152877902,165.8731691048846
159.45446379847897,86.62887183029306,134.92662774656293,165.29166966677008
159.29983842677512,86.76882611211518,135.23587848997064,165.01176110312585
161.58597004525166,88.8240793885867,135.38610815259167,165.62374744975696
163.97762411554632,88.57210665647322,135.3371296091443,166.1276929139839
168.67470303334096,88.36021594630908,135.42553746874927,166.5514743343122
173.3221741278342,87.84888294972559,135.62904288106648,167.57414032747917
178.01917408077065,87.49669487581575,135.77148956177632,168.27851647529886
180.25463951205595,87.55728987661809,136.08190146368082,168.15732647369418
182.57376424356346,87.42540570568907,136.22815950742356,168.4210948155522
184.84666932708896,87.16254092136748,136.4732740668,168.9468243841954
184.7690700004996,87.07368018231762,136.6284727199787,169.12454586229512
187.4153273042749,86.4841109453726,136.14416275015336,170.30368433618514
187.14219745439533,83.63373490383232,136.69042244991255,171.1859874474318
186.8949760862149,83.28978830997207,137.18486518627338,171.87388063515232
187.00305274505044,80.000552852554,136.96871186860233,173.59295514922496
186.85949676873804,79.22936213530934,137.2558238212271,175.13533658371426
186.5436855235258,75.92176294536937,137.88744631165162,176.8400390759749
186.24504781940203,73.75814161426305,138.48472171989914,176.22044266672265
185.81538655188433,73.8529128125369,139.34404425493454,176.03090027017495
184.89593250263036,73.85813978637363,141.1829523534425,176.0204463225015
184.03227904582843,76.16111087887079,142.91025926704637,176.40229587690723
180.7853397271786,76.40078796722024,144.3825136689212,175.92294170020833
180.18284225611603,76.47186051815258,145.58750861104636,175.78079659834364
177.11481362790238,78.81687759474056,146.6682348705757,176.14609344206565
176.58872887278227,78.77090818072307,147.72040438081595,176.23803227010063
175.87196423962175,78.4471580916851,149.15393364713697,176.88553244817658
175.23238287458236,78.43514152651747,150.43309637721575,176.90956557851183
179.26756433408983,75.8127723160076,152.66430401738182,177.0035187199411
183.11488103572785,73.07907455990964,155.34583209813712,177.28283349012136
192.5286301011574,70.10985784936035,157.45992590956706,177.98586892564768
194.06737526104962,69.24858866364892,159.66257354503057,179.70840729707055
198.4311125821011,66.0082425962702,161.61928602448884,180.8470058710474
205.7626355424477,64.9107505363619,163.1293734790581,183.04198999086398
210.49734897505652,63.842289918120244,164.5584712153503,185.1789112273473
212.79939361019768,62.630530402576014,165.4596634777865,187.60243025843576
218.7396991275644,64.62803614127111,164.69364966651327,189.16471739277563
218.18873355162378,63.827567649379745,165.79558081839448,190.76565437655836
217.13850339422245,63.396835533464,167.89604113319712,191.62711860838985
216.47808725742254,62.35565613565173,169.21687340679694,193.7094774040144
212.90571592741412,61.55522071228533,170.64949516663123,195.31034825074718
209.17456572809886,57.65260630300615,172.35192064378927,197.355702147833
202.8900477620415,54.114093859606214,173.28328152818963,198.61388951077566
193.84016140882184,51.054235537777956,173.8233009692147,198.88035506596074
190.36085731428582,51.30686768479762,174.91587732013653,198.3750907719214
187.09846810940678,51.50595783271092,175.56496064611898,197.97691047609482
180.77464850071232,51.6276134036908,176.45279678060027,197.73359933413505
177.49218828604313,54.89458267634441,177.12740099309974,197.0899770056667
174.48016965379156,55.69935322154352,177.26034783717796,195.4804359152685
168.2814886179916,59.15927641936557,177.92134961852852,194.42876966474904
164.53476107645486,62.67057619822923,179.5524640718575,193.26851073676633
163.70259535164763,66.46811633674375,181.2167955214719,191.54363349867276
163.1118475175971,66.75559920709354,182.39829118957294,190.96866775797318
166.5226102238125,69.16032042694248,181.4561731356476,192.0386326767808
170.04222875106302,67.79991167753974,180.29815378208443,194.75945017558627
173.28400698441837,69.9032575961375,179.71991855141943,196.45807957443648
176.69108968057196,68.89231125982687,178.82834985786812,198.47997224705773
182.9244014217504,74.25047062526401,178.24142272817375,199.6433498688459
185.61825745352766,73.78380090006479,178.8022654196812,200.57668931924434
200.53828126327102,76.4831339261798,178.82227330445207,201.1500343678658
203.5855584880536,79.75717054360044,178.70895146178938,200.58319373992703
218.55256484892647,79.39696592312649,178.62804292255203,201.30360298087493
221.52319625052255,79.4114277009734,178.66729097447404,201.2746794251811
237.0659181197001,79.24253534357973,177.48529483190893,201.61246413996844
240.21626068239698,78.78423294808492,177.15162967001345,202.52906893095806
246.0444570476974,78.38393784519221,177.44700432082837,203.3296591367435
248.8879395729789,74.653646792534,177.7530579105908,204.79722260173452
255.27054321063866,71.4084966727939,177.02914896358936,205.26687367705566
256.0343091106746,67.85616290887344,175.50161716351744,206.35523858271728
259.9053346290778,64.12882852030768,173.7681505532231,207.8013229333368
260.4050827231898,61.442652714817896,172.76865436499904,207.1706848394443
260.7090554025989,59.249024264059045,172.16070900618095,205.58078003683323
261.61588012587254,60.148680733930846,170.3470595596337,203.78146709708963
263.1813401648178,61.059729781192985,167.21613948174308,201.95936900256535
264.6923057814366,64.77194700449118,164.19420824850556,200.34228211322403
262.5282846320612,71.40020632680735,162.78857887157193,198.5531068199608
263.0603848155841,77.27449891157426,161.72437850452607,198.17141711746422
260.9035383084379,85.61554781730766,160.3776916668723,198.47045886183565
258.9599383396587,88.3064065028064,158.6217051966714,198.73192789859746
256.9756962229055,91.92938938078063,156.97144248657762,197.10470908624916
249.2373926352389,95.25256120362499,155.7469280574431,196.02540597538302
247.14517379324207,98.87933931990185,154.4007300352059,194.30248544906027
244.73024925789184,102.68439005550523,153.74818527973,192.1747778040298
242.80025858023978,106.2799118859303,152.1689701422336,190.42293063598024
241.14899368499846,107.25176688693779,150.08476682516923,188.47922063396527
242.0052185109168,111.1248015305195,148.37231717333256,186.0562897643419
242.68414896782758,111.61381608886984,147.014456259511,185.07826064764123
242.85652259481398,114.87164664924165,146.6697090055382,183.78381084553473
248.18167447890147,115.19697043721496,146.4109662026393,183.13316326958812
256.1034356324011,117.97159992978959,146.11227329697368,182.76551408488336
263.8127717246866,117.93923368265608,146.20699170437268,182.83024657915038
278.87101985601987,120.92515254838841,147.13244528277568,182.03206715453064
280.65991169099965,121.71196901079514,148.73106568477795,180.45843422971717
293.4718843662756,124.40982087245578,148.99743854284904,180.24079414812053
301.1768488701464,127.75785446704556,149.12455279213663,178.7237413779507
316.4173022982325,130.88078702735416,149.58985870998978,177.63557838633773
321.60198843215755,134.2677654275925,149.51733155927155,176.01004414442696
329.48416832030415,138.02358363932626,149.11947983437827,173.62057707142606
334.87535250774846,140.7167937910584,148.4948270590405,173.31301456773724
340.3977289371712,143.9353018355336,147.5782159879364,171.94006937265755
350.87329638431214,147.3246589601981,146.7395860081081,170.18948135194194
353.8042301124085,149.9720023377485,145.86531080353578,169.88238684846155
359.0703292348542,152.6618689300816,145.27072705462706,169.47146091178672
364.4135281140411,155.34720543568972,144.49014034069654,169.05369342279212
367.4623508537027,157.6615513802635,143.32640348574236,169.35891015801354
373.0201814052299,160.55767797725747,142.05056223376005,168.48656688956166
378.78452487598713,161.56812600377683,140.29370803806228,166.46567083652292
384.5560677927208,162.25003617222498,138.4035398664749,165.1018504996266
387.61191369363985,165.1071223160407,137.06683512905266,164.16266527641108
392.6460410302188,168.1404244928742,136.47652328370222,162.83503233664783
397.13067445852255,171.12151845227388,136.92524890206198,161.5818406553321
401.5171669179002,176.5524156936428,137.54604044210004,160.11382263138768
408.4899210087,177.2180673033518,137.65309481941227,158.7825194119697
411.073615035855,177.48575580789492,137.15101850918728,158.24714240288347
413.30552675826556,180.28415034095437,137.33616791511804,157.29932618751644
415.8269013947495,183.0948117081652,136.9306842954531,156.31526910639764
416.7229315672973,183.61312837858145,135.1386239503574,155.27863576556513
417.75394647776335,184.39174144833723,133.07659412942533,153.72140962605357
418.8068805229847,184.85420930438931,130.97072603898252,152.79647391394937
419.96339243661987,185.77109496426914,128.6577022117123,150.96270259418978
418.97905096715357,186.4608143053613,126.22641805244977,149.5832639120054
417.86176076441404,187.3583497273463,124.12143428059147,147.78819306803544
414.34951373681537,186.22451345761993,122.58995939863232,145.77788113890992
413.2026021969689,186.97069726639364,120.66146304741036,144.28551352136253
409.74332333636823,187.693718145866,119.24353131349774,142.83947176241782
408.24683448034824,188.3168314346123,118.11340164357479,141.59324518492517
406.72155970491895,188.8101889036334,117.07826360073153,140.60653024688304
405.1581619238084,189.55631533661892,116.15126201865573,139.114277380912
403.55832795481973,190.13559115504955,115.335068584562,137.95572574405074
401.86809282221344,190.65876415175046,114.73068616843958,136.90937975064892
400.4075659354994,191.02059876397016,113.69275406923705,136.1857105262095
398.5977884245964,191.07541375544918,113.38120284360981,136.07608054325144
396.60234307763506,190.73262492081096,113.44769888044337,136.76165821252786
394.73934341586386,190.60190637277827,113.23767195779695,137.0230953085933
392.48983669958125,190.45648558849317,113.80002351448667,137.31393687716348
392.21914352726185,190.57961448536938,114.3414098591254,137.06767908341106
390.46510372622197,190.5201168394706,113.89433728185938,137.1866743752086
390.3798850419539,190.44068208475073,114.06477465039552,137.34554388464835
390.2818719645715,190.38113135038515,114.2608008051603,137.46464535337955
390.2044442412831,190.4037078611016,114.41565625173718,137.41949233194663
388.4385214761612,192.34876032714809,113.98573247001484,137.49115671181977
388.629439860709,191.98779243699337,113.60389570091917,138.2130924921292
386.9889603283604,191.99692409527427,112.92396992853126,138.1948291755674
385.43029703512883,191.85012128170803,112.09167900186458,138.4884348026999
383.97276813802523,191.77330873678858,111.0660708968916,138.64205989253878
382.6262271240281,193.5039708881211,109.83274066973914,139.10714784502048
379.0764905193078,193.19407502286617,109.1051525961864,139.7269395755303
375.4309964999987,193.102464858806,108.57375959567648,139.91015990365062
373.68804735070023,192.51766013230122,108.15431227443871,141.07976935666022
371.7133559476861,192.52137799384252,108.18732061320557,141.0723336335776
369.7883406861281,192.347813356777,108.12055200336584,141.4194629077086
367.5602525887213,192.3560568869233,108.65572088015652,141.40297584741603
365.6094046201519,192.60489107210242,108.6279356298597,140.90530747705782
363.499862008364,191.0873582052182,108.92559081468802,140.0189431720787
362.12150150132,191.33935455665562,107.76957778201634,139.51495046920385
360.495637674098,191.57835622864542,107.13509150140696,139.03694712522432
358.5804564813825,191.5906807262119,107.09687564972414,139.01229813009132
358.5533107489001,189.97425616222426,107.15116711468889,138.37756804359196
356.63343691063955,189.7351485004923,107.1321461346834,138.8557833670559
356.65759255715653,189.736600832105,107.08383484164938,138.8528787038305
354.58597664974957,189.8074810633214,107.36213431093876,138.7111182413977
354.3374975385747,189.8865281317906,107.8590925332884,138.55302410445924
352.37730704409523,188.32159586073186,107.90650132213273,137.80991644646213
352.3356346159926,188.2532671371855,107.98984617833804,137.94657389355487
352.2426715940318,187.9850263058023,108.17577222225961,138.48305555632123
350.5491611028976,187.85359963124395,107.68573964667111,138.74590890543794
350.79930641185183,187.87114445646574,107.1854490287626,138.71081925499436
350.8412428769613,187.89285946929445,107.10157609854363,138.66738922933695
351.050602540126,187.7878333694568,106.68285677221424,138.8774414290123
351.27284238699065,187.81076627071877,106.23837707848503,138.8315756264883
351.29165955950015,187.7153915758891,106.20074273346594,139.02232501614765
351.30364208790775,189.62289336962263,106.1767776766508,139.0604447511294
349.48665038931983,189.45772514136962,105.95744716021736,139.39078120763546
349.4337648442122,189.4156334872058,106.06321825043263,139.47496451596302
349.5154444007351,189.84520021750984,105.89985913738688,138.61583105535502
347.93159599062005,190.24770594231023,105.22554169352249,137.8108196057542
346.08940865536584,190.5023252403915,105.09118196279726,137.30158100959164
344.0840729095035,190.2079087260152,105.29307966394819,137.89041403834426
342.077831730596,189.87930703956067,105.48451172962763,138.54761741125333
339.8367452434636,189.4122613528429,106.13248731983171,139.48170878468886
337.8907700940851,188.08669646227182,106.16542143905674,138.27382238629906
335.9395632042708,187.98525484067898,106.22670966259915,138.4767056294847
326.29335828658355,185.84999955897726,106.29301318808032,138.9019949309095
325.9553438967067,185.7240807433592,106.96904196783399,139.15383256214562
318.1465619544758,183.75134452481575,107.11597770509702,139.23164796243287
312.39420079471006,181.73238773823104,107.00698123008019,139.3983219374195
306.7649016112304,181.67268355967937,106.649557182204,139.51773029452283
301.07103513542916,181.355712993661,106.43328510403495,140.15167142655957
291.42737886547445,181.2521082484713,106.34989341085387,140.358880916939
289.6137829703564,181.32921113003954,106.10114730899535,140.2046751538025
285.76215662080847,181.46055799204373,106.06534910065949,139.94198142979408
280.15057986174764,183.3736203794192,105.69369103999033,139.98079384797342
278.04570743870994,183.42121554747212,106.04397757160596,139.88560351186763
272.08420414859444,183.16845185986043,106.37579745598842,140.39113088709098
270.0361736733306,182.83279413725103,106.59500597228941,141.0624463323098
267.92553817627174,180.98531594908115,106.9256139133959,140.86673965563827
265.5628972183657,181.03463352274707,107.75781647836658,140.7681045083064
263.4640036967768,179.2880257938088,108.05045007013823,140.35616651477673
263.41468822714205,179.08036073087345,108.14908100940778,140.77149664064743
261.23069401114867,179.301278429104,108.60548543701303,140.3296612441863
260.96236964810566,179.28248887457426,109.142134163099,140.3672403532458
260.6612263177127,176.91859538136163,109.74442082388501,141.1734457142758
260.20286917870914,174.2698153728075,110.66113510189209,142.5273002520663
259.793399786789,172.00317183046926,111.4800738857324,143.08127071227966
259.6295403783918,171.33547358087287,111.80779270252674,144.41666721147243
259.29299501749307,165.05749426293417,112.48088342432422,144.89206615259178
259.0138033355328,161.9083565380531,113.03926678824473,147.14526684495948
258.81603648680687,158.66502234127023,113.43480048569661,149.54335116300885
256.6298310733396,153.56440276893085,113.67559433082054,151.48135634406643
254.2941349678246,151.18795928108068,114.18191087485927,152.0691676527755
251.96228318592665,150.55349630597337,114.66331036410952,153.3380936029901
249.30084144330493,148.22199347353597,115.77670002497541,153.79160544348744
242.68864273567783,145.83795739230703,116.29728534654498,154.32507357471704
240.26837733787397,143.61108963553266,116.88657873114357,154.52757167725676
235.8306317475295,141.05361717334983,117.23416958613954,155.37856643877592
231.37600861818143,136.86512289005964,117.57822640300805,155.19036556352864
226.98002074334343,134.78488901576873,117.79950841577757,155.06548644365725
222.60926550280882,132.32995721960236,117.96690674259291,155.688293958863
220.28384441425283,129.88928445600627,118.31846585640844,156.2703564227587
215.7957037224531,129.10472090117116,118.66695654828123,157.83948353242894
213.00877937883013,128.80312218923572,119.89731116109411,158.4426809562998
210.15639646594016,128.03213359921915,121.2292902872902,159.9846581363329
209.49970957258904,129.74279407519094,122.54266407399243,160.98137690764605
206.40492423563768,131.48348823159566,124.27755953747568,161.95466380525608
203.41425112352505,131.30480569878756,125.76108505275522,162.31202887087224
201.00744238592802,131.22337088343278,126.04725641933672,162.47489850158183
198.64133732672119,131.19880612684122,126.24487314972856,162.52402801476495
196.08559140485585,131.26619767123213,126.81780433708096,162.3892449259831
193.74084332483284,128.9458173117108,126.96147945662742,162.48418460452632
189.16466124422368,128.9621328104348,127.01462465269665,162.45155360707832
186.51551176647604,127.37640711450874,127.7629489874918,161.07303037823038
183.55435667411666,125.30388750061955,129.14422936327844,160.67703979707662
180.57459078350905,121.30439728752609,130.54640521226705,159.5613083588102
177.62161327114347,118.719242801516,131.8894508107426,160.16870790457477
174.5896610506791,116.06627385631548,133.35940750763433,160.88069805093883
171.58285606213187,113.02732837211558,134.74438505495414,162.32995658956398
171.0306076145098,109.8804365269865,135.84888195019826,163.95044928595883
170.61989170758773,106.90221205441922,136.67031376404245,165.19083698515064
170.33943712474826,105.31097787509867,137.23122292972135,168.37330534379174
169.90215093519257,104.12592546714353,138.10579530883274,170.74341015970202
176.44878736117377,102.97509855971626,139.58344129067024,173.04506397455657
182.93667145083967,101.68342634563409,141.35635797485327,175.6284084027209
194.68015679613129,101.04633549786676,142.79231998867073,176.90259009825556
201.57024082365226,99.59079806542658,144.09434040168577,179.81366496313592
214.19422532978706,95.84790761505477,144.31213965010386,182.20629221174204
226.40683185295455,90.61696426901797,145.55371729471892,182.40146262743562
228.65800420622884,88.42197836731107,146.20786491293484,181.63494210608494
243.76426809885905,82.97305677899385,146.92736114358485,182.22211061074927
243.39552222715662,78.84815431572622,147.66485288698968,185.29591477198147
245.68534308235758,76.90024469132081,148.32030900415114,189.1917340207923
244.90209760748334,73.12437296302703,149.88679995389958,191.43807900194835
244.28356586628945,72.22925824546203,151.12386343628737,193.22830843707834
243.69864455580617,69.01837282962273,152.29370605725393,194.23735410473756
243.10082353205672,66.0849962717085,153.48934810475285,194.65692804318056
239.95370681073337,63.10306663716605,154.31055405521283,195.14775982007876
233.82098741914314,59.92906733686347,155.58823593790854,196.00187997044154
225.1450819058215,59.2729708703485,156.35694622640875,197.31407290347147
221.86842278939235,58.7126926129942,157.3499867008331,198.43462941818007
215.3720995885005,58.24446458304138,159.1555123490587,199.37108547808572
205.99165027781987,58.07759072523221,161.00480690276655,199.70483319370405
202.19544116170982,57.67351161089243,162.92493761853964,200.5129914223836
195.19417088985097,57.48034575250318,165.49592958490243,200.8993231391621
191.21210239164583,56.57466554402106,167.69680058401093,202.71068355612636
186.9699363974277,58.69811237788639,170.35446282856657,204.29045963227634
185.23274155922462,57.7929729121596,173.82885250497267,206.10073856372992
183.95572040211704,57.180007403613644,176.38289481918784,207.32666958082183
183.42177846212542,58.52042240771469,177.45077869917108,210.68359563229959
182.39407515298194,56.91954255166925,179.50618531745806,213.88535534439046
181.21244025876507,59.085474382612404,181.86945510589183,215.742716947107
179.617353159257,61.32137754629062,185.05962930490793,217.52683649589892
178.06682769188512,60.65340430627455,188.16068023965173,218.86278297593105
179.78550969929415,59.98348165423437,191.12857409415255,220.20262828001142
177.92275304200524,56.514736258832926,194.85408740873035,220.66650895188184
176.82520986207265,52.62349074972097,197.04917376859555,221.9085257598509
175.68579593357657,52.15091864899527,199.32800162558772,222.8536699613023
174.52848431949383,51.44974473485564,201.6426248537532,224.25601778958156
173.56182963790314,50.803197715325766,203.5759342169346,225.54911182864132
172.70534246054135,50.82149165245059,205.28890857165817,225.51252395439167
171.84909222900419,50.88337405940055,207.0014090347325,225.38875914049174
171.3943639146225,54.2454832004579,207.91086566349588,225.47229545822148
170.6925281936077,53.93029849748744,209.31453710552546,226.1026648641624
170.42380512477268,53.003692051870416,209.85198324319552,227.95587775539644
170.48499836542277,52.34858031162952,209.72959676189535,229.26610123587824
174.28489027869966,51.85273952300466,209.04141933035456,230.25778281312796
178.07973459109397,54.56494363665482,208.3678110278566,231.7494549081183
182.44443035559698,57.445904291113294,206.56695441314585,232.91606851349655
186.5938287510271,57.89668877813526,205.1860396550343,232.01449953945263
201.26767951475898,62.127348270341855,203.3655634742573,230.43498689171116
201.07921666241202,69.56158451080915,203.74248917895125,229.22287205973896
212.12229911260883,73.10088218180415,202.10252323200604,228.95967636889847
233.22867510432258,76.99283808114527,200.6002893597887,227.9608509220846
237.19991077765349,84.47518866982497,199.40337293638038,226.4872595912322
260.88673441130743,92.65816560270922,198.9545600269958,223.52840125629896
281.99145764585217,99.78556799301505,196.6478778507538,222.57451790663637
296.57426856589353,109.03001054815275,193.8773375853187,223.8819439773468
313.9503769340254,112.5974007396829,191.9983348739405,223.32180639926358
317.95999395085795,116.49992354353519,190.51492342197216,222.05258337325571
341.6785236150091,123.38306730367356,188.52451469745193,221.2710531683453
352.70406500804717,127.25026406616813,185.81839297363524,219.9849799974426
366.876914903795,134.3185004136108,183.01244951835278,218.6183854706639
371.1443926956341,138.53298170582127,180.79617216463714,216.5081011162055
384.8553128174557,142.95315338429373,178.37608448699422,213.91819590076062
388.9146472533308,147.10682501347029,176.42893618900268,211.7823732161662
396.09058695067756,153.62548070526262,174.29150268117053,210.9595077194428
400.0810948932999,157.36125326941465,172.37055778393983,209.54803357915273
407.26676747868737,160.61167777658704,170.01388813117129,209.05452232381114
414.40601045944453,167.02555914263635,167.65872414049787,208.15008156255345
418.1721551989489,174.13015098739106,166.03608929103672,205.76020713213893
418.2845488789332,187.94920680261484,165.81130193106796,201.50889128421267
421.79030402053786,188.78853283265886,164.57752839271086,199.8302392241246
421.7560077352814,191.94128288271807,164.64612096322378,199.2567269310013
419.04164573454614,203.74722019835957,164.35057503616332,198.54193201384246
416.7980864215575,210.0213369905349,163.12919603864088,197.4106936764912
414.04117510609876,216.58991289456327,162.97164532469992,195.61628855815135
407.92768860768984,222.29653966586693,163.9162164662633,195.4854368707985
399.6301948177241,228.06585239057807,163.54798218150634,195.25562599783532
394.50173991009956,236.03552256670685,162.51502791383155,196.2510817699634
389.21199271645446,250.23062720328903,161.80729867442628,196.0789315635377
378.6465831007863,253.00426902551447,160.4199599187754,196.16118741583367
376.2807820896027,263.7807178414884,159.54316730931941,197.04186831117832
370.90296254615953,269.1822303308256,159.0833175409319,197.4543321877778
365.44832485295547,274.59939504998454,158.77933045108176,197.8332652257182
356.76569215246445,278.14375836315077,159.32203315266182,196.35205949918648
350.9087169912701,287.30534960422375,159.8488384085211,194.80959461683446
345.35462101265136,291.13172232632235,159.80026232477553,192.73523319312898
342.88063719800175,298.42948098433476,159.2025500412988,189.23107570265597
343.1223250053298,303.4094503948337,158.7191744266426,184.7531839303381
340.9867066852809,310.95382210744515,157.58528336895424,180.47469590068746
339.02468894341024,315.8751528022554,156.1885913127545,175.95276205100814
340.0990006383422,320.7382675393893,154.03996792289064,171.45478945395098
341.12492160771495,325.36386787369906,151.98812598414506,167.32765601706905
342.4221619621384,327.3853792250373,149.39364527529824,163.2846333143926
343.71318706698685,329.1373771310714,146.81159506560124,159.78063750232445
347.31684758310087,330.34864808460935,144.43141812904895,157.3580955952485
353.4457189403408,331.51356101897255,141.6766768022187,155.02826972652215
357.61220567841013,332.22786081256805,138.01503931097147,153.59967013933115
363.92635377279527,329.8922871872745,134.56817873092186,153.6800995855578
367.72268246976626,327.2048156583809,131.51236914708016,154.51819483324488
371.4450392087019,319.7677078581945,128.56843002621048,155.8900873626131
374.60979982109865,310.56088066504117,126.71340178400295,156.4057698185759
379.6047161499618,302.0187733848499,125.62844005702651,155.68024251745848
382.387961983196,298.21888799685615,124.48568220267607,154.43254566920987
385.1645566427898,288.1848077142171,123.31857196079065,152.57031084797745
387.89276114047345,287.2548786836031,122.2007602073638,150.091571667265
388.4931176850085,282.2173577298829,121.00004711829376,147.31929113688778
389.35334220577147,281.26674972570356,119.27959807676785,145.00009077382808
390.26608192812284,280.51279612470694,117.454118632065,142.35104358285048
391.2384042571573,273.9788431402244,115.50947397399615,139.07206707948626
392.11140242649833,275.1913579509782,113.76347763531405,136.64703745797866
392.9855727435294,274.24187529951917,112.01513700125186,134.6066487594171
393.737738803697,273.4580974069624,110.51080488091671,132.29447279347622
394.636237177514,274.4100278871907,108.71380813328281,130.39061183301948
395.358379207849,275.26035538240853,107.26952407261278,128.68995684258397
396.1075675251283,273.99175921634037,105.77114743805414,127.51508166485705
396.86762171994496,274.71109704308293,104.25103904842084,126.07640601137186
397.4706603275821,275.41258180686566,103.04496183314657,124.67343648380638
398.0582641515142,274.5807531783477,101.86975418528236,122.75502331707507
398.67085759547547,274.97039723169866,100.64456729735981,121.97573521037316
400.9030751089475,275.55208414756424,99.68193802435863,120.81236137864202
401.36847796225715,276.00858147909554,98.75113231773939,119.89936671557936
401.87163903199956,274.60418341089775,97.7448101782545,119.26887682242229
402.237947463346,272.8212264323337,97.01219331556155,119.42145739269512
402.49497444359594,271.6913923252191,96.49813935506181,118.2772920983119
402.6014334176898,269.01672055756717,96.28522140687402,116.87075559163756
402.8508946778378,267.4885753469529,95.78629888657801,116.57417473685759
403.113020730694,265.60615248239446,95.26204678086562,116.9987691814261
401.89713744958306,262.28297294213877,94.35550802413019,116.96851762402278
400.40578599637513,261.9382916736203,94.0150401909159,117.65788016105968
397.10854567896115,260.069483110655,93.95306212589186,118.06726793706429
395.5847435982916,258.27302064040185,93.66716671642521,118.3266933067648
392.30378114727205,256.3422397432381,93.56342229738972,118.85542044055495
387.49233170367415,254.75309973961305,93.16858514756325,118.69445510213109
385.78747230994736,253.5844409978221,93.24793760370999,117.7014062544061
381.0131901521426,252.05337351659426,92.84714545590306,117.44708906238964
379.4908128866145,250.48182697806845,92.5858493143697,117.2841314668517
376.33251437018725,250.27975765601846,92.3038213865897,117.68827011095169
374.5773369541977,248.93558726779878,92.51326011795481,117.07569478677706
372.9029522846187,247.07115608776405,92.56708731201208,117.5096150017458
369.5573294920654,245.7075662721028,92.65341335365764,116.93433486133775
367.8523816256458,244.56582791345386,92.76825661323606,115.92275910537488
366.16434258110564,243.03543802514815,92.86292303284436,115.70212721251426
364.4866431519125,243.10669359961258,92.93875991082844,115.55961606358538
364.3750783515422,241.58889826182264,93.16188951156919,115.31660246986647
362.6598364730468,239.79726447083783,93.31388523328276,115.62138201655898
362.4276540257493,238.29363449842361,93.77825012787788,115.34301455395145
362.3117945683209,238.2481495606532,94.00996904273467,115.43398442949226
362.2345565183648,236.68290039845118,94.16444514264685,115.27046950403147
362.1190565859367,235.21968900246293,94.39544500750313,114.90289429695335
362.0461536693564,233.54972154254625,94.54125084066372,114.95075018443289
363.7494667236923,231.75498720444494,94.42979492297533,115.24504866965194
363.6769653403366,229.93092628364096,94.57479768968676,115.59527472088524
363.7106028413266,228.5996461319637,94.50752268770681,114.95221126741217
365.4613137700073,227.11745528552797,94.30074874752866,114.62194504310037
365.3960626080009,225.52067272306508,94.43125107154154,114.52928220170377
365.3986131358944,224.18505105294858,94.42615001575454,113.91361589881473
367.1200118520631,220.84346167484824,94.26070362946416,114.04209256292134
367.0011128583029,219.2365821241178,94.49850161698451,113.97919265237131
366.89494270625335,217.52019486582734,94.71084192108368,114.13243914947753
366.8343180345587,214.4386130339193,94.832091264473,113.7249762789859
365.30825904308057,212.5974838842887,94.60321676250919,114.12624209332706
363.8030918459508,211.13796032730818,94.33006960071323,113.76180765123263
362.2271188381339,209.2504741559004,94.20855207058649,114.2633164482876
360.6349554682945,207.58083373354742,94.11365718677055,114.32337566949876
359.057593418059,206.03184564020256,93.9897678847419,114.1427384536889
357.4362902613565,204.5532917213644,93.95854045367341,113.82601254689173
357.3911829958804,204.82916012627373,94.04875498462563,113.27427573707305
355.804208862278,201.6333950423747,93.96128502009718,113.14296944140477
354.2996078657139,201.2383844141215,93.71250177024955,113.93299069791118
352.5943886851546,198.10823564093505,93.8568107948276,113.66102957120324
352.55891546077953,196.33744625204463,93.92775724357787,113.9383334400122
350.8794812429527,194.75123806315176,94.01693816564276,113.84106230420923
350.8067108561268,193.30011785691093,94.16247893929446,113.47367233568286
349.1628889190231,191.84362118799874,94.18379958265523,113.1203424426605
347.5747737784318,190.2672740850479,94.09880458226768,113.01181136699216
345.8772449982256,188.57432515947386,94.23567922676449,113.13952630222454
345.83480577571856,187.22094444940777,94.32055767177852,112.5839304052717
344.24085156653985,185.74238169942515,94.25330266784388,112.28589248294483
342.7317049490534,185.5259793427527,94.0221108332856,112.7186971962898
341.2104831312538,183.8420752577929,93.81212380948561,112.83407470681003
339.532183315191,181.90092572468865,93.9179012491361,113.46555158054356
336.3463436666074,181.8039881026142,93.7650763477678,113.65942682469246
333.0234895845714,180.30935241827714,93.8852457937983,113.38592883434575
329.68647424120354,180.14349188221615,94.03827766490429,113.71764990646773
323.0837395159899,178.4016492720666,94.1714457399083,113.93325978291102
321.24222329372395,178.28856808251072,94.58093490624921,114.15942216202279
318.0140201491107,177.81320335148985,94.47007540390626,115.11015162406457
314.7359054576167,177.42259257900383,94.43336034898651,115.89137316903656
313.11457326819925,177.16680233527296,94.36813648786102,116.40295365649833
309.85697292541516,177.17094251233524,94.2539531527979,116.39467330237375
306.5165637034905,177.05287015419236,94.30933754140408,116.63081801865951
303.26330031872885,177.0429634865775,94.18138576014422,116.65063135388925
301.8467007643635,176.38913568905156,93.69911283429609,117.95828694894112
298.72947650616413,174.44436764835663,93.27814229807183,118.52011350401943
295.59893106470406,172.894251130363,92.88027629033972,118.2908680946806
292.5146673839357,171.0706211338661,92.40979309243114,118.6186228079518
289.3461644955185,171.13577932006612,92.11306202578439,118.48830643555175
286.1012981460886,169.17197557219595,91.9826981629936,119.10586565046682
283.0108410398698,167.46623629980593,91.52888875371565,119.19998238438896
279.85166010941816,167.61381339570616,91.22444149609076,118.90482819258852
276.7214867189122,167.62377379478104,90.8809148547811,118.88490739443876
270.1568534424946,167.32464424404634,90.82605670543781,119.4831664959082
268.4785686927903,166.9781902511092,90.87836562461638,120.17607448178245
266.62393210925626,166.58941285281486,91.27196236747565,120.95362927837114
262.58090313745265,166.43757261978595,92.69011323896109,121.25730974442894
258.9317931696202,166.71604985778745,93.26486582486986,120.70035526842595
254.99500995950984,166.30880901876844,94.4132343848573,121.51483694646397
252.93016935864387,166.45312345544068,95.14917615010243,121.2262080731195
247.50965299123166,166.68693805736498,95.78632615506301,120.75857886927086
245.5082297217374,165.11546666225206,96.38469039404379,120.49703935948894
242.18212463669943,165.38822086501307,96.21654223589087,119.95153095396697
240.60190394428162,165.5533649464017,95.97789593110016,119.62124279118967
239.0321540302944,165.34107635240355,95.7272415329726,120.045819979186
235.73953631927054,163.70581369003685,95.5272741937322,119.92374392327531
234.04947261376515,163.48210963785695,95.5199145818824,120.3711520276351
232.2460505586742,161.73095913989414,95.73253520376669,120.47922953526316
230.39104136870245,161.6417534598996,96.04322407206094,120.6576408952522
226.83332132588492,161.72975406646532,96.3444563544688,120.48163968212076
224.7346937168117,160.4623082909802,97.13242078259421,119.60724044307005
222.89032033904073,160.6685821674374,97.4125352644901,119.19469269015563
221.07039520993555,159.32148885594745,97.64556266799596,118.48205645843095
219.1195764593134,159.57047079571942,98.14757226763098,117.98409257888704
217.13000205353677,159.98272292817123,98.7266585447999,117.1595883139834
216.8847986019223,158.69450133639728,99.21706544802879,116.33934762827626
216.54647412815945,159.21328037534684,99.89371439555453,115.30178955037714
216.4940649699609,159.43767910132567,99.99853271195161,114.85299209841949
216.0458949758644,157.7677477580477,100.89487270014462,114.81138848560317
217.5132943459226,157.631174446716,101.35525509620416,115.08453510826662
219.18191066689315,157.35898634528402,101.42480832495008,115.62891131113054
220.69890574300246,156.84621161036003,101.80715672514472,116.65446078097852
223.72199287342337,156.45347942808777,102.6376894778703,117.43992514552303
226.8056286569668,156.19420447990794,103.39807558554693,117.95847504188269
229.55481578410536,157.6717423496746,104.86778948631753,118.48744337987324
232.3660843181889,157.22764501656997,106.2767924841908,119.37563804608247
233.52678709833816,157.0230444343415,107.50747139671125,119.7848392105394
236.5794346025563,156.76808818903407,108.55837793346262,120.2947517011543
237.88687899085454,156.3415132023964,109.54629044936974,121.14790167442962
239.2297107827972,155.89951756940042,110.49245757354265,122.03189294042159
240.7991694101031,155.55083539773517,111.01421364744942,122.72925728375208
240.63419473443798,155.19098477359745,111.34416299877968,123.44895853202755
240.39524013680062,154.76873853631457,111.82207219405441,124.29345100659329
240.1286971542227,154.3309669643105,112.35515815921025,125.1689941506014
241.45743364169374,154.09970029140467,113.43686199170784,125.63152749641307
240.90745794830596,153.74368341601692,114.53681337848337,126.34356124718859
240.52899339989986,153.88938927321357,115.29374247529557,126.05214953279526
240.13589640559775,153.7106046613406,116.07993646389977,126.40971875654125
239.84110251518777,151.4299016168984,116.66952424471974,127.15325643022905
237.49378982534955,147.40918554767416,117.52530824515722,127.51700581019972
232.95299511426944,141.43035494303018,118.89063367257069,127.90027102736742
230.82570938098877,137.26037531884845,119.25938172606129,128.46858344958937
226.49992380372032,133.0241281416775,120.10984523126491,129.13997015459802
221.8873766484113,124.95076459142882,121.48583977056249,129.58849771245463
217.30347083295467,122.67253572606388,122.7468278019249,130.19154364340906
210.63470882856643,122.98440450015035,124.13580157482025,129.56780609523614
202.20005674976244,121.82220535109127,125.02469191897208,127.89710093999025
194.01857300767438,124.68046995406418,125.45583482889981,126.16352787760653
189.1657556895721,127.67878247622085,127.23645800358412,128.09191429481342
