118.5,69.5,114,162
118.50279118615072,59.46784480728368,112.99441762769858,163.74433925489086
118.67323072679649,58.93824645576261,112.65353854640702,164.803535957933
118.80128196203297,58.873089337487116,112.39743607593405,164.933850194484
119.0279895433307,58.423435152557786,111.94402091333859,165.83315856434265
119.18553393629101,58.340172087975944,111.62893212741798,165.99968469350634
119.34132773809566,58.207130574334315,111.31734452380869,166.2657677207896
119.44204132125509,58.18129346603749,111.1159173574898,166.31744193738325
119.62609616452744,58.019072690930855,110.74780767094512,166.64188348759652
119.60821062670708,58.06858513322442,110.78357874658585,166.5428586030094
119.4748688993105,58.402759870160736,111.05026220137901,165.87450912913675
119.4412204434434,58.887257942275156,111.1175591131132,164.90551298490792
119.45643539011695,59.17203985056409,111.08712921976608,164.33594916833005
117.41503309229199,59.25436496039542,110.85287550288943,164.17129894866738
117.34544266341224,59.65161244167818,110.99205636064895,163.37680398610186
115.22346779974704,59.58454791435226,110.93497013065885,163.5109330407537
113.05404927486278,61.682313880387184,110.97169700350784,163.6175112856034
111.03003322028253,61.42250451801094,110.71540467719629,164.1371300103559
109.0907230704828,63.016778742195186,110.28612669171048,165.25647984707268
105.05782146963242,63.24986350035023,109.71670575757213,164.7903103307626
103.37319290053841,62.72218568454505,108.78482328547216,165.84566596237295
99.42417105518106,62.7186774743883,108.07989043665651,165.85268238268645
96.99308874335745,61.81777260029001,108.65220830439382,163.3646453749731
94.31879550781983,60.914476416834404,109.73878254932772,160.90922551574297
93.64146601445776,59.65042626924907,111.09344153605186,159.1942397047937
92.90347235023282,58.75299551311517,112.56942886450175,156.74948635667522
92.59670445112732,57.08170423765553,113.18296466271273,155.86511687353115
89.98515191511403,55.448579333160325,114.18244214900082,154.90773909678308
89.39423709976494,51.93534468037832,115.36427177969901,153.48322787209847
88.85447262237655,50.717264913093956,116.44380073447579,151.6962211971815
88.59817810644957,47.199529525564685,116.95638976632975,150.30460332897536
88.42867286000119,43.5216157655027,117.29540025922651,149.25916008478706
86.2711237540516,41.734742450547685,117.4203407679843,148.64274901155574
85.7751481226224,42.38555697338384,118.4122920308427,147.34111996588342
85.50077993685855,42.67717608452095,118.9610284023704,146.7578817436092
85.12661720292826,43.211842377598686,119.709353870231,145.68854915745374
84.78431550904031,41.690139401849876,120.39395725800686,144.55746956708785
84.81158021645068,41.64861771992038,120.33942784318614,144.64051293094684
84.87628919062094,43.38813808556853,120.21000989484563,145.32999527367213
84.68852294738888,44.18959582166852,120.58554238130975,143.72707980147214
86.93187061733748,42.69468563903618,120.25726019005899,142.55848701809037
88.9365548704397,42.98508448710818,120.38299553222797,141.97768932194637
91.11271100862929,44.68626887247777,120.15884720066211,142.7034844960205
93.23910437941777,44.950042803153565,120.04181676147726,142.17593663466891
95.21511852560684,43.71765370222505,120.21552237929258,140.5149809263325
97.32007759712738,43.61755441884384,120.10848413919372,140.71517949309492
99.35786656481913,43.439668178056834,120.13715938496486,141.07095197466893
101.45245771441333,43.50405758212531,120.05818680367514,140.94217316653197
103.87037192812575,43.467564966488624,119.32930950810876,141.01515839780535
106.03346743883273,43.470686346553805,119.09947399543836,141.008915637675
108.19217542915011,43.51030437928357,118.87461868918862,140.92967957221546
110.18962841879802,43.58924816800939,118.96743173482886,140.77179199476382
112.3433981067003,43.706680359416396,118.74666907091841,140.5369276119498
114.48044846215262,44.325492838410995,118.55216817417215,139.2993026539606
116.67283804576545,44.172198264751586,118.22475464390203,139.60589180127943
118.64943762427922,45.9054189549682,118.32838882154141,140.19628375551315
120.66537739155572,47.23182219175331,118.36412111232892,141.61108910728342
122.83755908175732,48.73063606727777,118.10976147083443,142.7034650951432
124.95799580048522,50.25317503824391,117.9716152554083,143.7611143752406
125.31126047581279,53.207419421195596,117.26508590475316,146.086165601255
125.83399416381995,57.722416668548775,116.21961852873883,149.47932156325757
125.7970348936109,57.18654351054849,116.29353706915694,150.55106787925814
125.80756150052204,60.80978726336386,116.27248385533466,151.69180208812048
127.29413912397592,62.5312289662549,117.5100125950828,152.4596026689943
127.56074942674111,63.97660667161642,116.97679198955242,153.81142144448478
127.76770653856597,65.52892970408172,116.5628777659027,154.9612820309539
127.69791483171059,65.43921116978463,116.70246117961346,155.14071909954808
127.72001185831476,64.85952768458313,116.65826712640514,156.30008606995108
127.78259537795302,66.57040807884653,116.5331000871286,157.16553398918586
128.0378030300378,67.84997966970175,116.02268478295905,158.90471477966963
127.93124587593705,67.45500490635618,116.23579909116054,159.69466430636078
127.89972306374514,66.9750871656078,116.29884471554436,160.65449978785753
130.11225909425448,66.59361755478672,116.22123627740217,161.4174390094997
130.18190114757607,66.15290441657649,116.08195217075902,162.29886528592016
130.2471261021968,65.74698853092221,115.95150226151755,163.11069705722872
130.16551603274954,65.46618989801495,116.11472240041206,163.67229432304325
130.31723201970757,65.01171117336321,115.81129042649597,164.58125177234672
130.27857646787163,64.83602723419253,115.8886015301679,164.93261965068808
130.31471806816484,64.62032229799952,115.81631832958149,165.3640295230741
130.44040423077683,64.49430328367522,115.56494600435745,165.6160675517227
130.443524102664,64.59501735917176,115.5587062605831,165.4146394007296
130.39455399982893,64.24673352481504,115.65664646625329,166.11120706944305
130.14073847838003,63.63125361894444,116.16427750915108,167.34216688118426
130.23696591554136,65.17705481984208,115.97182263482844,168.69700966651146
130.7744468880253,64.20555610052058,114.89686068986056,170.64000710515447
131.37352595899375,63.96299833002311,113.69870254792362,171.1251226461494
131.68370619336235,62.448129203724676,113.07834207918644,169.69229658607338
132.0435621791015,63.09630580227143,112.35863010770814,168.39594338897987
135.3102941664274,63.14142028625642,110.22442560380469,168.3057144210099
136.95623214632482,62.75749061337166,106.93254964400988,169.07357376677942
136.49231812692324,64.50796615363878,103.54145302967737,169.89154733938088
135.6451721401466,66.32046731834265,100.96152437505475,170.54076563814903
134.82494631465852,65.67253702622708,98.36159590689401,171.83662622238018
133.69387802239572,64.6081157051047,96.40815670284954,173.96546886462494
131.8458628266817,64.10344459084513,95.89035658095233,174.97481109314407
132.1342524324295,63.55070446258365,95.31357736945677,176.08029134966702
129.81168694765697,63.24575366069298,95.73236923700028,176.69019295344836
130.03873822728522,62.88358937347121,95.27826667774377,177.4145215278919
127.9640019415593,62.765738925029225,95.18234434085696,177.65022242477588
128.00092449136582,64.92435684877775,95.10849924124389,177.58020970233858
128.3476015007965,64.90571083910763,94.41514522238256,177.61750172167882
128.47971976414362,64.81132828642072,94.1509086956883,177.80626682705264
128.5628149562045,65.0948457527875,93.98471831156655,177.23923189431906
128.55834435988749,65.12003112351506,93.99365950420061,177.18886115286395
125.91477110752426,65.07884418202732,95.06075669662087,177.27123503583942
126.09613966082159,65.04322674647985,94.6980195900262,177.34246990693438
126.14954219962345,65.07541576645261,94.59121451242247,177.27809186698886
126.13583682950684,65.05311569558717,94.61862525265569,177.32269200871974
126.10424044080074,65.16574742119204,94.68181803006793,177.09742855751
126.3580587645973,65.1939454693549,94.17418138247477,177.04103246118427
126.0598373512091,65.45160152944123,94.77062420925121,176.5257203410116
126.10518981139981,65.72179165385297,94.67991928886975,175.98534009218812
126.11038188295437,65.9285458818376,94.66953514576065,175.5718316362189
126.58156157891187,67.59804799831971,93.72717575384564,176.4406501705717
126.88205023730936,67.31999776637653,93.12619843705069,176.99675063445807
127.20876011075643,66.94534344953757,92.47277869015652,177.74605926813598
127.45966349436111,66.8127664463608,91.97097192294719,178.01121327448953
127.59505317850176,66.98023471937486,91.70019255466588,177.6762767284614
125.36247472754363,66.75744324175494,91.97756588237188,178.12185968370125
125.40330475538323,66.97998293653467,91.8959058266927,177.6767802941418
125.76838900839779,66.98094765203476,91.16573732066357,177.67485086314161
125.85924153889499,67.29729699127655,90.98403225966916,177.04215218465802
126.01087512465824,67.33731630945172,90.68076508814265,176.96211354830768
126.2427264064664,67.13248532810718,90.21706252452634,177.37177551099677
126.43991155197415,67.13814384897698,89.82269223351086,177.36045846925717
126.68290100586637,66.97092171687007,89.3367133257264,177.694902733471
126.8461611083841,66.88572997916877,89.01019312069096,177.86528620887358
126.9309919689279,66.7949367195146,88.84053139960335,178.04687272818194
126.80925552878048,66.36420702350384,89.08400427989817,178.90833212020345
126.49170075287012,66.34816260556089,89.71911383171893,178.94042095608935
126.48203818211323,66.58528749322467,89.7384389732327,178.4661711807618
126.64432708716781,66.59250379645877,89.41386116312353,178.45173857429359
126.46746220589148,66.66566186275818,89.7675909256762,178.30542244169476
126.5492477904221,66.68308101115328,89.60401975661493,178.27058414490457
126.34680560921933,66.82496773960729,90.0089041190205,177.98681068799655
126.58392115429271,66.29723266772852,89.53467302887373,179.04228083175408
126.68425670269329,65.47050735792968,89.33400193207255,180.69573145135178
126.48565894042454,65.66909767874971,89.73119745661005,180.2985508097117
126.06400270108398,65.36635992903307,90.57450993529119,180.904026309145
125.0554965422989,64.00794810969168,92.59152225286134,179.4051769140034
123.90977450998221,62.58471430527483,94.8829663174947,178.02312792927873
122.96361271560423,62.57320166604279,96.7752899062507,178.0461532077428
119.53721412180883,63.20146467071797,99.34776207227613,176.78962719839245
116.40177753506987,63.11272929065406,101.31297980590108,176.96709795852027
113.03008038673254,63.29617734749269,103.71468679341987,176.600201844843
111.85313701493997,63.67083530914354,106.068573537005,175.8508859215413
110.74186684927759,62.17348778042175,108.29111386832977,174.440037465389
109.97622002493651,63.27445853556601,109.82240751701192,172.23809595510048
109.94732546915644,63.98126421185751,109.88019662857207,170.8244846025175
109.92301773847626,64.86054552638458,109.92881208993242,169.06592197346333
109.89713046986644,65.7131064644784,109.98058662715206,167.3608000972757
109.96809259845654,66.01761235740358,109.83866236997189,166.75178831142534
107.7264203314978,64.3106686926262,109.98936591960509,165.83303465669587
107.74863619009454,64.87908538807838,109.94493420241162,164.6962012657915
107.78703483010472,64.8347944395765,109.86813692239127,164.78478316279526
107.87104866324749,64.73287543027746,109.70010925610572,164.98862118139334
107.87621855458752,64.8491809615974,109.68976947342566,164.75601011875347
107.92254666824093,64.60377561469168,109.59711324611885,165.2468208125649
105.79016347156812,64.57060657528952,109.55586657022111,165.31315889136923
105.72739085434631,64.63916455934046,109.68141180466473,165.17604292326735
105.72305345691615,64.65031684311909,109.69008659952505,165.1537383557101
105.7086309606697,64.3946874040528,109.71893159201795,165.66499723384266
105.6744216473094,64.39071252174692,109.78735021873854,165.67294699845442
105.61725948279255,64.17822022219116,109.90167454777226,166.09793159756595
105.66170968500393,64.40641802745432,109.81277414334949,165.64153598703962
105.58653747317089,64.69533778787539,109.96311856701556,165.06369646619748
105.61530925877449,65.04740896658645,109.90557499580835,164.35955410877537
105.55439611869785,63.46845170698532,110.02740127596164,163.21966804411778
105.33464109436792,64.32003843569974,110.46691132462149,161.51649458668894
105.12204282522791,64.02523887746827,110.89210786290151,162.10609370315188
105.27569308457419,63.48032362762808,110.58480734420895,163.19592420283226
103.39416530359941,64.41316213624216,110.05630308921718,165.62180700254544
103.21395741699644,65.23253775396935,110.41671886242312,168.3023403147509
102.91646986295112,64.68543860461168,111.01169397051376,169.39653861346625
102.62661709752814,62.64801460221439,111.59139950135973,169.0795043038688
102.62592118482775,62.635575882579545,111.59279132676049,169.10438174313848
102.83627869890421,62.4719056935367,111.17207629860756,169.43172212122417
101.09292730897448,62.01653348846426,110.26369716575151,170.34246653136904
101.11059792635547,61.96338775150943,110.22835593098955,170.4487580052787
101.35432421121317,61.88825728370739,109.74090336127416,170.5990189408828
99.29906016164101,62.264686315753295,109.46271347536461,169.84616087679098
99.67366849620699,64.90152810618265,108.71349680623265,168.94526944813444
100.29613524444336,67.26870993835588,107.4685633097599,168.55768837652826
98.91320296358023,69.52919976836989,105.9142539612052,168.3568826267812
99.58623024803086,69.97159666853794,104.56819939230394,167.47208882644512
100.1372185217957,72.5085405284671,103.46622284477425,166.65357138731335
100.99199709311654,72.47044462232495,101.75666570213258,166.72976319959764
101.40566255039275,73.08744107148831,100.92933478758015,165.4957703012709
101.82236695747969,73.57997449168775,100.09592597340628,164.51070346087204
100.32973088266975,74.00738975940298,98.94514763715856,163.65587292544157
100.91816629510453,75.91691274158373,97.76827681228899,163.94076597851017
101.1379177628177,75.88556566869221,97.32877387686267,164.0034601242932
101.37021867638586,76.14991313508062,96.86417204972633,163.47476519151638
101.81173141043065,76.21044738630239,95.98114658163675,163.35369668907285
102.1064012578791,76.05658356737821,95.39180688673986,163.6614243269212
102.58142236557752,76.06460764951096,94.44176467134301,163.6453761626557
102.91730912192533,76.18694845701899,93.7699911586474,163.40069454763966
103.1093879160511,76.73493240694228,93.38583357039586,162.30472664779307
103.5113806938493,77.42825753066325,92.58184801479946,160.91807640035114
103.71654902084776,78.53626099380985,92.17151136080251,158.70206947405794
101.88151465589587,79.26076726238108,91.92570057120732,157.25305693691547
102.76652530331786,79.41698022113043,90.15567927636332,156.94063101941677
103.63713193433352,79.55121849992855,88.414466014332,156.67215446182053
104.32405895805805,79.93934795349678,87.04061196688295,155.89589555468407
105.04366087536522,79.96398212311747,85.60140813226862,155.84662721544268
103.96189668232296,82.02348762363951,84.00304999567591,155.48950273707584
104.28411645536482,82.28258662534078,83.35861044959218,154.9713047336733
104.45950389417328,82.9186898997115,83.00783557197526,153.69909818493187
105.16362730717631,85.0590014068728,81.59958874596917,153.10435093665507
105.28293144282705,85.92076905565021,81.36098047466773,151.38081563910023
105.73266893430056,88.37507936221454,80.4615054917207,150.0957157577232
106.2590510699966,88.5808156041782,79.40874122032861,149.6842432737959
105.20379352818537,90.7796050768967,77.95418112229925,148.8517395100107
105.48935541864051,93.26555959236798,77.38305734138895,147.40768162303326
104.22199204082705,95.23686121979897,76.42097583699196,146.96188662819523
104.73271955737182,95.07346192128583,75.39952080390239,147.2886852252215
105.39284840125522,94.90642112061431,74.07926311613559,147.62276682656454
105.6628353975924,95.3329743577401,73.53928912346123,146.76966035231297
102.74687656916338,94.7888849454324,72.52884665050206,147.85783917692837
106.07430238997331,95.0409001809033,72.71318773494724,147.35380870598658
107.55123067176577,93.81126907731752,73.17475490971347,146.397647174807
107.16637426091005,92.9189523837784,73.94446773142491,144.77285386416096
107.05918065951556,91.53164848667822,74.15885493421389,144.14854531256447
107.21584680725445,88.37138962075967,73.8455226387361,143.68215608449682
108.75207663386769,86.54135826512571,74.15427214833947,143.9610096329349
109.70725980857688,83.13708622616642,75.63452796599968,143.9883093766964
111.6026401183231,71.64211252100591,78.67675316216409,146.4792993400468
111.28491674600228,64.8490473440329,82.8175416286426,149.54940452848217
110.6687535271008,57.999839843665,87.67126863469693,152.3836178244639
110.66459429381536,54.19680667505611,91.42548163129946,156.24378963165003
110.57285733815233,52.384446492424246,95.47572152218217,159.86850999691376
108.72202085185523,49.13913477791988,99.17739449477637,162.3700582348597
106.97961204852632,45.80783954850055,102.66221210143418,164.94395679878264
105.56418772715955,42.93112024545904,105.49306074416772,166.51175622435227
104.25557235258691,41.080722233773244,108.110291493313,165.95604256559247
103.26979167206119,41.607284082676685,110.08185285436444,164.9029188677856
102.58703963761275,42.121714524759426,111.44735692326135,163.8740579836201
102.23197934904611,42.58058898125036,112.1574775003946,162.95630907063824
102.15308852657654,42.56760557802578,112.31525914533375,162.9822758770874
101.9724158478132,42.55642601837111,112.67660450286044,163.00463499639673
101.50715985548376,43.06438501557059,113.6071164875193,161.98871700199777
101.2881970698925,45.06174697872146,114.04504205870182,162.31733308085666
103.28037255785642,45.08344693426014,114.39622479779933,162.2739331697793
103.3128014162907,44.878486127532625,114.33136708093079,162.68385478323432
103.13370855713846,44.92505824913701,114.68955279923526,162.59071054002555
105.17783564557433,47.20590219281446,114.95159688502173,162.37932091532886
105.32570943408763,47.121309403412525,114.65584930799514,162.54850649413274
105.2088395144537,49.07590483270667,114.88958914726298,162.98841982245648
104.9421317452554,49.20886088807268,115.4230046856596,162.72250771172446
107.09889554076281,49.27273601287931,115.47385914655831,162.5947574621112
107.03825531538408,49.123549454054015,115.59513959731576,162.8931305797618
106.9324776305645,51.363019113253856,115.80669496695491,162.7839916820511
107.01503102988409,51.390303083006486,115.64158816831575,162.72942374254583
107.02795697389749,51.57024853900461,115.61573628028896,162.3695328305496
106.89863670955476,53.744903622189696,115.8743768089744,162.3824367825257
106.9149904811849,53.96822806994976,115.84166926571412,161.93578788700557
106.92703347311156,56.29748283898111,115.8175832818608,161.63664377299895
107.0028285055916,56.30385468534733,115.66599321690076,161.6239000802665
107.10183154033484,58.52913430900952,115.46798714741425,161.5250907943016
107.10017296258951,58.5482754327717,115.47130430290493,161.48680854677724
107.14588793398866,58.60021773128821,115.37987436010663,161.38292394974422
106.9312950277115,58.73358500033822,115.80906017266093,161.1161894116442
107.0166986848416,60.39989003348553,115.63825285840073,162.12999067306444
107.15172283970139,60.27016377229033,115.36820454868116,162.38944319545485
107.12271213322164,62.394490252540194,115.42622596164065,162.49922863459992
107.01555443267544,62.27858828191741,115.64054136273305,162.7310325758455
107.26913731511394,62.07902408698277,115.13337559785607,163.13016096571477
107.62499594157039,61.74215757472062,114.42165834494315,163.80389399023906
107.85175191757676,61.66734898503799,113.96814639293042,163.95351116960433
108.01242078533758,61.77169750461891,113.64680865740876,163.74481413044248
108.27211933440827,61.64952772505593,113.12741155926739,163.98915368956844
108.13983713369936,62.17728101064024,113.39197596068522,162.93364711839982
107.78432225226805,61.060741546805104,114.10300572354784,160.83266132855874
106.92122746327396,59.875928003501315,115.82919530153602,158.88825593153098
106.41100891476819,58.79563557952949,116.84963239854756,156.73588770500726
106.25028528979158,58.32052536060766,117.1710796485008,157.6861081428509
105.87928097429806,58.28450052494641,117.91308827948782,157.75815781417342
105.9278824144071,58.03404936884053,117.81588539926976,158.25906012638518
106.08581205833683,58.385834341083395,117.50002611141028,157.55549018189944
103.57295032824506,59.023499880221635,118.20566447746538,156.28015910362296
103.2762890153098,57.85700577563307,118.79898710333589,154.3009448906626
101.17922476816929,58.66504717004564,118.70142376491366,152.68486210183747
101.24859284698039,59.25293140203614,118.5626876072915,151.50909363785647
99.0875018655999,59.60888377773382,118.63968978661285,150.7971888864611
98.82081574266289,60.19123828530144,119.17306203248688,149.63247987132587
99.00161870041782,61.790303682069705,118.81145611697701,150.66070751084615
99.21470471144825,61.98652403371037,118.38528409491616,150.26826680756483
97.22624163745594,62.18875434672974,118.13890060582477,149.8638061815261
97.44084127243642,62.18436778104581,117.70970133586383,149.87257931289395
95.33548193210238,62.75389024248204,117.71414278881926,148.73353439002148
95.07420703683263,63.4675860691769,118.23669257935876,147.30614273663176
94.95893465249465,63.98202188045849,118.46723734803473,146.27727111406858
95.00131060071963,63.99098504628414,118.38248545158476,146.2593447824173
94.89094556472408,64.09519388775706,118.60321552357587,146.05092709947144
94.86257177870623,64.03189018331015,118.65996309561157,146.17753450836526
94.89275364508904,63.574720639729904,118.59959936284594,147.09187359552575
94.74422244186053,63.486943611044865,118.89666176930298,147.26742765289583
94.72666522297838,61.47272976615571,118.93177620706726,147.11025201747492
94.71193703305912,61.22368220619879,118.96123258690578,147.60834713738876
92.85626701275686,60.572326922259975,118.48069107789541,148.9110577052664
92.85771882400019,60.46837395470956,118.47778745540876,149.1189636403672
93.02988759384236,61.99701157975569,118.13344991572441,150.26889815377044
93.04231406812016,62.111504863224596,118.1085969671688,150.03991158683263
92.79488501933088,62.53031227232725,118.60345506474737,149.20229676862732
92.60543335961485,62.5516206092627,118.98235838417943,149.15968009475642
92.54245168387354,62.43200149452829,119.10832173566205,149.39891832422524
92.44592033804278,62.408857528269834,119.30138442732355,149.44520625674215
92.5266315631067,62.06393537296337,119.13996197719572,150.13505056735508
92.5400964328074,62.12886084148744,119.11303223779433,150.00519963030695
92.38109196443202,62.221917863243405,119.43104117454509,149.819085586795
92.3439612270735,62.34427730683457,119.50530264926212,149.57436669961268
92.4537243802438,62.2057665213586,119.28577634292154,149.85138827056463
92.55615452803323,60.11323133054549,119.08091604734267,149.8049168979398
93.03052953443188,60.83572022771956,118.13216603454539,152.58744529150155
93.42149316935154,61.79061906284571,117.35023876470606,154.9323074982338
93.5696042186056,61.65594181872217,117.05401666619794,155.20166198648087
93.65802579096362,63.49871949591699,116.8771735214819,155.79306277623772
93.5952195623108,63.20981287500007,117.00278597878753,156.37087601807156
93.6064767787498,62.48625784410697,116.98027154590956,157.81798607985775
93.40944291163869,61.98646201729454,117.37433928013175,158.8175777334826
93.34012857874265,61.440574032856944,117.51296794592385,159.9093537023578
93.10261126138245,61.515918291630385,117.98800258064423,159.75866518481092
93.11075751155622,63.98951667419746,117.97171008029672,159.17304813530467
93.63447985342974,63.381794368075745,116.92426539654966,160.3884927475481
94.14289611650683,64.67745398083736,115.90743287039547,162.15087287010084
94.60514617693522,65.95835812998989,114.9829327495387,163.95277014536768
94.9271457162506,65.34503967663395,114.33893367090793,165.17940705207957
95.19961245109181,64.84497570698157,113.7940002012255,166.17953499138432
95.29163939287113,64.85648952086115,113.60994631766688,166.15650736362517
95.33733987809521,64.94161769864125,113.51854534721872,165.98625100806495
95.5697800759354,64.75535230756634,113.05366495153835,166.35878179021478
95.7565965814209,64.82042533601106,112.68003194056735,166.22863573332535
95.94793824808995,64.85326581655153,112.29734860722922,166.1629547722444
96.13587574660234,64.91244571406352,111.92147361020446,166.0445949772204
94.13953316199103,64.81966580094874,111.5575346103324,166.23015480344998
94.12234756410781,64.92188479978236,111.59190580609882,166.02571680578274
94.2241497515494,65.1002936697549,111.38830143121564,165.66889906583765
94.37659598541303,65.05075978333103,111.08340896348838,165.7679668386854
92.17798552762056,65.22242180239147,111.14208052538345,165.42464280056453
92.33831077578782,65.2414583354504,110.82143002904894,165.38656973444665
92.6510228563312,65.1386467042076,110.19600586796219,165.59219299693225
90.61964523920999,64.84315323529704,109.93759921980572,166.18317993475338
88.55342358072934,64.79279189676636,109.74429610715104,166.28390261181474
86.56287420945374,64.46092829411594,109.4013517413023,166.94762981711557
84.36776562526214,64.12367511383724,109.46326990710288,167.62213617767299
82.18927247152413,64.14919582913296,109.48080308630763,167.57109474708153
79.98241161410621,64.1937730786288,109.55554533755003,167.48194024808987
77.8591063913425,63.991249763874634,109.46326868477081,167.8869868775982
77.90738077174949,63.141399979642244,109.36671992395682,169.58668644606297
78.40821577016486,61.65515181122865,108.36504992712608,172.55918278289016
78.71371164152092,61.07620324071624,107.75405818441396,173.71707992391498
79.26087784553357,60.881591927431,106.65972577638865,174.10630255048545
79.97169649652528,61.00281000397388,105.23808847440523,173.8638663973997
80.85736964564278,60.28484846860516,103.46674217617024,175.29978946813713
81.22285995223329,60.55970773582132,102.73576156298921,174.75007093370482
81.72833731230372,60.82014931611654,101.72480684284835,174.22918777311438
82.4415503300309,62.66069711262131,100.29838080739398,174.85616144660997
83.26208508429542,62.09496830698657,98.65731129886497,175.98761905787944
84.1996979381739,63.78813846291632,96.782085591108,176.88332006950077
84.99238056254592,63.53245792502186,95.19672034236395,177.3946811452897
85.93490316483135,62.9227591965889,93.31167513779309,178.61407860215562
86.86703658835492,64.18099663198392,91.44740829074594,180.3268955665554
87.47702099835257,63.49117171791117,90.22743947075067,181.7065453947009
87.80198255872841,63.06692461875424,89.57751634999899,182.55503959301475
88.02339575297326,62.52339055021217,89.13468996150928,183.6421077300989
88.1718570044617,62.23919212610457,88.8377674585324,184.2105045783141
90.22086556936004,62.53929878172835,88.97363924938165,183.61029126706654
89.93798425555474,62.78075067686504,89.53940187699226,183.12738747679316
89.58302910666637,62.66488139638297,90.24931217476899,183.3591260377573
89.16399255414947,62.57972433924428,91.08738527980279,183.52944015203468
91.25534326127311,62.93519056926492,91.16766224567381,182.8185076919934
90.75203164392425,63.38666302815034,92.17428548037151,181.91556277422256
93.23461990500995,63.28750842714598,91.46725176910533,182.11387197623128
92.81243149784018,63.885165552207496,92.31162858344489,180.91855772610825
92.51939602691743,64.2382200147311,92.89769952529038,180.21244880106104
95.14763103153152,64.16514147578829,91.88687038253425,180.35860587894666
95.11700351721072,64.15212638680687,91.94812541117584,180.3846360569095
95.06467438458047,64.13610166579704,92.05278367643635,180.41668549892916
94.98550500318171,63.8149788373771,92.21112243923386,181.05893115576905
97.02528192002723,63.88842751265571,92.37778924409876,180.91203380521182
99.3583097055438,64.34272887315532,91.95867585436872,180.0034310842126
99.25944075614348,64.49164798632222,92.15641375316937,179.7055928578788
98.81286235481154,62.87061090785073,93.04957055583324,178.72223990935663
98.77131841084957,62.31941374037589,93.13265844375718,179.8246342443063
98.52158848911418,60.41322673986568,93.63211828722797,179.39301429549874
100.40422324544306,58.66790772579668,94.11309719300321,178.63740390520377
100.58387316619978,58.41370284745288,93.7537973514898,179.14581366189137
100.81978818144144,58.150305569432334,93.28196732100648,179.67260821793246
100.91224761995979,58.27740315845601,93.09704844396978,179.4184130398851
101.03556828715745,58.185342446951694,92.85040710957448,179.60253446289374
101.10368472427737,57.81389610298207,92.71417423533462,180.345427150833
103.17767250301966,57.6532176919647,92.81062876369441,180.66678397286773
103.2552278580113,57.536112884806386,92.65551805371113,180.90099358718436
103.17523362272141,57.50888640525929,92.81550652429094,180.95544654627855
102.92998192652068,57.56569995894273,93.30600991669237,180.84181943891167
102.60173235125606,55.499849030226954,93.96250906722162,180.71160808331263
105.32790369725107,54.6189300414496,92.78147030046912,182.47344606086733
104.99717808076667,54.80459093769791,93.44292153343791,182.10212426837072
104.955574826243,54.78447396682509,93.52612804248528,182.14235821011636
104.78665289082775,54.864977437407646,93.86397191331578,181.98135126895124
104.6913412277099,55.05321063752871,94.05459523955147,181.60488486870912
104.4681252232711,55.1129219237983,94.50102724842905,181.48546229616994
104.0134594152652,53.16395411097662,95.41035886444087,181.09146068332757
103.6329527889837,53.41544865161784,96.17137211700387,180.58847160204513
103.12015184852196,51.93906308982392,97.19697399792736,179.23380490655774
102.33329835805651,52.55973064986566,98.77068097885825,177.99246978647426
101.08267626591746,52.79542244668562,101.27192516313637,177.52108619283433
99.91514712961583,52.82914792965248,103.6069834357396,177.45363522690062
98.77741195278954,52.955898489421344,105.8824537893922,177.20013410736289
97.4573467312579,53.68144637342908,108.52258423245547,175.7490383393474
96.52196236995374,54.41554314712883,110.39335295506378,174.2808447919479
95.85999880070807,55.45256112382563,111.71728009355513,172.2068088385543
95.82069459522091,56.09413602204418,111.79588850452946,170.9236590421172
95.91704391661804,56.57988801581254,111.60318986173519,169.9521550545805
95.9495112653839,57.03425188528928,111.53825516420345,169.043427315627
95.69651808257142,57.59186247880352,112.04424152982844,167.92820612859853
95.34315529766025,58.219075070013645,112.75096709965078,166.67378094617828
95.25414480134128,58.26527545785855,112.9289880922887,166.58138017048847
95.01893797875422,58.852068667573704,113.39940173746282,165.40779375105816
94.91428360778849,61.29145108373258,113.60871047939428,164.9005540832483
94.96391121461022,63.93613700065026,113.50945526575083,163.97852045918557
94.90928995754095,66.10589194774337,113.61869777988936,163.99079307853174
95.02628425286889,65.87047021761083,113.38470918923349,164.46163653879682
95.04888085524564,67.98208161824812,113.33951598447999,164.59542416745614
95.00512969636407,67.86819752883977,113.42701830224313,164.82319234627283
94.96705467772419,67.81219192572358,113.50316833952289,164.93520355250521
94.91298230297086,67.80495785450715,113.61131308902955,164.94967169493808
94.98412464439966,67.6314251035944,113.46902840617196,165.2967371967636
95.01336698188868,69.56158079166127,113.4105437311939,165.80742875114026
95.14081417083023,69.85841361271798,113.1556493533108,165.21376310902684
95.10077305330334,70.15781268524077,113.23573158836459,164.61496496398127
92.89159661202216,70.51267640315535,113.2972256081263,163.9052375281521
92.78711393774654,71.03736276911712,113.50619095667754,162.85586479622856
92.86974004572869,70.91824070891408,113.34093874071321,163.09410891663464
92.95272781277895,70.89575274644687,113.17496320661272,163.13908484156906
92.89441835877322,71.05351398739312,113.29158211462416,162.82356235967657
92.85393967462215,71.57595384612151,113.37253948292631,161.7786826422198
92.56528719593271,70.43859425218037,113.94984444030517,159.73710781337547
92.57942156782968,70.39812632256461,113.92157569651123,159.818043672607
92.91567875913597,69.46520008738123,113.24906131389865,161.68389614297374
93.30153434930017,70.04873660778384,112.47735013357025,164.82964652224388
93.52123767983913,70.92418374839806,112.03794347249234,167.4262923222434
93.5233889920008,69.92418446886069,112.03364084816899,169.42629088131815
93.50927263356749,69.38902988381709,112.06187356503563,170.49660005140535
93.40748652670678,67.00523675018454,112.26544577875705,170.83829916715484
91.00891972414965,66.70880144216662,112.62817207734436,171.43116978319068
91.3896907440589,66.69295736164648,111.86663003752587,171.46285794423096
91.85866349116861,64.53951157438017,110.9286845433064,171.33261284910364
92.26286560499567,64.7350815508575,110.12028031565231,170.94147289614898
92.94628143168548,64.5977089556744,108.75344866227269,171.21621808651517
91.55331171871785,64.59346251100828,107.15793548758164,171.22471097584742
90.02584411913693,67.6050567198348,105.85801289456087,169.55638035037697
89.17647878943313,67.53045192782523,103.2486071748993,169.70558993439613
90.06791407315279,67.46376576337727,101.46573660745996,169.83896226329205
91.2280936309372,69.29598332646327,99.14537749189117,170.41298672545986
91.97284789872774,69.67761049758616,97.65586895631007,169.6497323832141
92.67558855430505,70.0936263840396,96.25038764515546,168.8177006103072
91.55033735055152,72.07834775458713,94.36588195809591,168.98326596377876
92.2212670060176,72.71475736966161,93.02402264716375,167.7104467336298
93.00483469009609,72.65661770235332,91.45688727900676,167.8267260682464
91.75175780163802,73.35635620377536,89.92435700860207,166.4272490654023
90.73169857188772,73.5694788533693,87.97263765485476,166.0010037662144
91.35271630464041,74.00185711767867,86.73060218934938,165.13624723759568
91.93903232492875,74.2862508537742,85.5579701487727,164.5674597654046
92.17811733270642,74.58014649184574,85.07980013321736,163.97966848926154
92.71128010479985,74.52070508216417,84.0134745890305,164.09855130862468
92.91663660310232,74.79860982913249,83.60276159242557,163.54274181468804
93.35517599534131,74.67668601078398,82.72568280794759,163.78658945138505
92.33884061889702,75.78460164444975,80.9291011738955,165.40001057099417
93.11341344270559,75.60233477875286,79.37995552627837,165.76454430238795
93.94136035075202,74.97880696800969,77.72406171018551,167.0115999238743
94.53343492688165,74.37614572120691,76.53991255792624,168.21692241747985
94.99243774928514,73.84647312112801,75.62190691311926,169.27626761763764
93.45088220395908,73.76057460331701,74.91951318074648,169.44806465325965
93.43674352414831,74.33595499936052,74.94779054036803,168.29730386117262
93.62387181285007,74.65477391948723,74.57353396296452,167.65966602091922
93.75588093207553,74.53919493949456,74.3095157245136,167.89082398090454
94.0044150075249,74.33410794714217,73.81244757361485,168.30099796560933
94.43712070156903,73.8822116052271,72.94703618552658,169.20479064943947
94.55765672786852,74.1415194318016,72.70596413292762,168.68617499629048
94.57354196376437,74.12725087359175,72.67419366113592,168.71471211271017
94.51640386938656,74.67206674024104,72.78846984989153,167.6250803794116
94.58492016922546,75.15313812904719,72.65143725021376,166.66293760179929
94.58323420194746,75.73998230045987,72.65480918476973,165.48924925897393
94.64674246237787,75.78365341777224,72.52779266390891,165.40190702434919
94.77052385212983,77.23112282200714,72.28022988440502,166.18183612567242
94.94557449954078,77.01017905615475,71.93012858958308,166.62372365737718
96.7740840113411,76.95216657845899,71.95512667192003,166.73974861276872
97.20816858638943,76.20093800765883,71.08695752182335,168.24220575436902
95.53564284219834,76.26698369026516,70.74150015349255,168.11011438915637
97.34488362252782,76.36863877520595,70.80549741284086,167.9068042192748
95.60376384776373,76.34944678361184,70.6070612700683,167.94518820246302
95.4896089073876,76.49835280112205,70.83537115082054,167.6473761674426
95.31928561401918,76.96275523804289,71.17601773755739,166.71857129360092
95.05443101635646,77.35421606586927,71.70572693288285,165.93564963794816
95.12979548031296,77.45866980572464,71.55499800496983,165.7267421582374
95.0469930950729,77.89006041848077,71.72060277544993,164.86396093272515
95.02086733462265,78.246459923958,71.77285429635046,164.1511619217707
94.94623612254011,78.69646408030508,71.92211672051553,163.25115360907654
94.8991466937704,78.93247221697948,72.01629557805495,162.77913733572774
94.94066191161915,78.89332183890993,71.93326514235746,162.85743809186684
94.80094250122623,78.90433450911416,72.2127039631433,162.83541275145836
96.52040398918895,78.58444962904406,72.40589634488035,163.47518251159858
91.63293474903668,77.92623303926561,71.24645685103069,164.79161569115547
93.7008918094801,79.46850620913354,70.75396808687137,165.35049470814712
93.99336164483,79.33481601100473,70.16902841617156,165.61787510440473
94.33900730679534,79.26760526766617,69.47773709224089,165.75229659108186
94.57839802051024,79.08644624714364,68.99895566481109,166.11461463212692
94.60131109511451,79.05503725058902,68.95312951560254,166.17743262523615
94.75616619663838,78.85073858297383,68.64341931255481,166.58602996046653
94.5940357291309,79.18541447248205,68.96768024756976,165.9166781814501
94.7116304664733,81.10340458442796,68.73249077288497,165.70003569059335
94.91299659059923,80.85265517043723,68.32975852463309,166.20153451857482
95.09709046172017,80.7660111180928,67.9615707823912,166.37482262326367
94.9476067703483,81.28486238587124,68.26053816513496,165.3371200877068
94.79220522708536,81.81043190587877,68.57134125166084,164.28598104769173
94.53425883037077,82.65801512434457,69.08723404509001,162.59081461076013
94.12427505911018,83.71233770433471,69.90720158761123,160.48216945077985
94.10653480234097,84.37530393131694,69.9426821011496,159.1562369968154
92.90451400180949,82.83774641623066,68.80791465389453,158.6925429786699
92.99225550639775,83.49380354444594,68.63243164471798,157.38042872223934
94.92967209616984,83.9638459566826,68.24758258599765,156.440343897766
94.37428788398549,86.97022984074931,69.35835101036632,153.89715637932983
95.80428248654852,89.72456253752708,69.95060614650015,151.84073532703417
96.05515106246071,91.98660602954646,69.44886899467576,150.74939053770555
96.07606183451263,92.76467138163649,69.40704745057192,149.1932598335255
95.63714030193375,97.58540801458221,70.28489051572967,146.3212155685211
98.46050093057531,95.48107398527185,71.3545024941693,143.81355039141908
95.51190222183055,90.33045029701096,70.57151098272402,144.09451437453865
97.54373099266962,95.11031180031665,69.83848185115659,144.52667659825931
98.96190242585939,102.8313559879359,70.32634811007819,142.38142472422533
94.0637625496201,96.71828048441856,70.21863691777217,141.40225447154722
99.10317041669633,102.12819338361697,69.99524105583893,140.4378485453696
90.07771933285102,93.98172703343052,68.44319237502744,140.39498887199076
106.1619592551379,102.59709975728985,68.6709513891339,139.3623628536122
95.1075911734331,98.51492862419376,68.18031033242873,137.8412577397552
95.08510815212033,104.24700003484118,68.22527637505428,135.97031007929635
97.65419439447851,105.94092670949614,69.42935764250426,132.58245672998643
97.85886173950098,109.5083158263084,69.02002295245934,131.7320464116114
92.72761325982671,103.5151184462409,66.79192723751656,134.35049666602794
88.7055291487418,106.81934926214983,65.46826523172896,133.98725518618167
96.82163686022528,104.75490354958573,64.7077978305694,135.0217970069484
93.6352099816124,107.3737735965261,64.88817825673465,132.88029357859787
100.73771387854015,106.4505007817269,62.955588110529504,134.72683920819628
95.94798530720522,106.90245958223628,63.35089001535063,133.82292160717753
100.09014338526347,109.11580309052803,64.23192029732468,132.45135006995753
105.12419688572952,108.21646483927762,63.31513417785836,134.25002657245835
87.50260618061262,106.41907159321079,61.82972074965505,134.78409682805557
94.76001213325871,107.26405016231462,62.527541507476656,133.0941396898479
99.00302306328584,108.1084732739789,63.131918273047454,131.40529346651934
101.64438814295384,108.57647491803043,63.88127322393151,130.4692901784163
98.60641276378595,108.75735101840846,63.926435142388975,130.10753797766023
97.58500587744004,110.32157139266286,65.9692489150808,126.97909722915144
94.40525613670928,110.59770107809457,66.32806528648662,126.426837858288
88.62471354179891,109.06228304437305,65.89556100580691,126.49927655810595
96.54055868086255,110.36059852260773,65.02399731195148,126.89467091849096
91.85915917521012,109.34668822558199,65.43833827454499,125.93967216297202
96.15113502272922,111.44187230614308,65.78220050875221,124.72524197826496
90.68054865230377,111.10413481945008,64.86737236059585,125.40071695165096
95.3244238179036,111.40025750751693,64.45420534834986,124.80847157551729
88.4877511636574,109.12688020331754,63.41563092267937,126.41284223708345
90.50470962790622,110.98437006969183,62.329696994986655,125.64584550513973
83.76318439019516,111.28583886427309,61.22294399732088,125.04290791597722
86.5450997923429,112.14277713661266,61.4390244111988,123.32903137129806
91.91799346021425,112.74823729374934,62.16777478295321,122.11811105702472
83.58919387221357,113.16640194876635,61.64442335778337,121.2817817469907
85.40585357399095,113.22192463842988,60.853300497691606,121.17073636766364
86.68601598605608,113.9153848252439,61.11987680582634,119.78381599403559
88.26976321654006,114.42854220437731,60.7635617502489,118.75750123576879
89.32303571979932,117.17507399321771,61.44699676923524,116.05441768359285
88.43795821819457,117.79464150444007,60.45512215266049,114.81528266114813
88.69268267437965,118.51298150312346,59.94567324029033,113.37860266378135
88.90943071355508,119.45616282487171,59.51217716193946,111.49224002028484
89.03760740283465,121.84866135425943,59.25582378338032,109.36894116977533
88.24267627962081,122.0142912560423,58.219658442921656,109.03768136620961
89.5306058568365,121.33709544503041,58.247201815922125,107.78867046080151
91.2222338725306,122.7564910182916,57.44942158738292,107.53535511712812
91.59900794681315,122.68709435502976,56.6958734388178,107.67414844365182
92.79046387906754,123.00023421087774,56.870153286576496,107.04786873195584
94.28561730290936,122.92113357662323,56.43081693475111,107.20607000046485
88.1155351908163,121.9171739768241,56.04220199556596,106.66823336738884
89.29056565863613,122.51376966880136,56.22331256593976,105.47504198343432
90.24478147857506,122.07786814033818,56.83160776490547,103.83011820151707
90.27810146743244,122.8478639258679,56.764967787190734,102.29012663045762
87.96362313203983,123.93661534363194,56.435881083986295,100.11262379492953
90.50237244053544,124.53104426063302,56.2408330231892,98.92376596092738
121.24655253558157,69.7005654242262,62.521260869549224,92.40965842839424
123.54922918434326,71.93224524879827,67.62982866951468,87.94629877925009
115.67562603209258,74.55734766324423,71.15308727519769,85.14088349012182
111.7529525735046,114.40561803268994,76.53957734776199,81.66890493419123
108.48704853527069,125.92677462403512,80.58024064516334,78.55574998403267
109.6909161348321,127.16379869592721,80.67853333910904,81.0937576263855
110.25982260880315,129.5648248640794,79.54072039116694,86.48207743148858
110.2839767519369,129.16457951713068,79.4924121048994,92.51048991702604
110.05314791816221,125.94073025715619,79.95406977244879,98.95818843697504
109.52281721062748,119.63906138137202,81.01473118751827,105.93444738351275
108.41080618205541,113.43582780225061,83.2387532446624,112.46584361800993
108.66395221992079,108.22336286911737,85.80581907301014,119.81741558019795
107.2252340227499,102.77922755937297,88.6832554673519,127.47861837319545
107.11614333673711,97.35217329683907,92.29182693969102,134.9423367979497
105.75964281969902,91.84848711216371,95.00482797376719,142.38701161400988
104.03632441101001,88.84831279370788,98.45146479114523,148.38736025092155
104.24019215908447,86.5916689828112,101.91101770952493,152.9006478727149
103.12841022075375,84.54509602715734,104.13458158618637,156.9937937840226
102.23586155915028,83.40673248096219,105.9196789093933,159.27052087641292
101.45254908100928,82.6708305511292,107.4863038656753,160.7423247360789
100.74505375642005,82.33108756228117,108.90129451485376,161.42181071377496
100.21015583104986,82.09353089880327,109.97109036559414,161.89692404073077
99.76887024751414,81.87210235533942,110.85366153266557,162.33978112765845
99.500564188268,81.19921843328605,111.39027365115786,163.6855489717652
99.35641663546545,80.85084964053067,111.67856875676294,164.38228655727596
99.20892090730219,81.13433812381963,111.97356021308948,163.81530959069804
98.96740586941371,81.76086226442845,112.45659028886644,162.5622613094804
98.68515900175989,80.75892572319172,113.02108402417409,160.25313627029735
98.30969163974348,79.31107849983364,113.7720187482069,158.8613996335462
97.8931920474646,75.299686734756,114.60501793276467,158.32671283246748
97.6187993327711,73.30450151151459,115.15380336215165,158.03275517564867
99.89829155308935,70.86853643647738,114.88370053090662,158.6158037163316
100.49716170499963,70.1975432313946,113.68596022708608,159.95779012649717
100.93961207739628,65.78246672793492,112.80105948229277,160.20010207779228
101.51598389412986,67.20522945963164,111.6483158488256,161.63757702068315
101.58605378879916,66.73646337066823,111.508176059487,162.57510919860997
101.71202611855767,70.08199800978326,111.25623139996998,164.47904309526177
101.54478965701783,65.82039637225105,111.59070432304966,164.35821085900199
98.9604392906267,69.74924625588189,112.43366126316195,165.1519986770803
98.52938235853176,68.53334082244687,113.29577512735183,163.23213537233985
98.0463298362508,70.25024371819484,114.26188017191375,164.13531215920142
97.74305991405964,70.32598390983348,114.86842001629606,163.98383177592413
97.31246678013007,68.98079006349184,115.72960628415521,162.29990790822922
97.44282472689517,68.65723227576044,115.46889039062499,162.94702348369202
97.58251800950595,68.3631783633341,115.18950382540345,163.5351313085447
97.42121287846207,66.49311740824719,115.5121140874912,162.90242731603362
97.52808217713388,69.95915677529091,115.29837549014758,164.70749477060892
98.01842187284717,69.57867208873884,114.317696098721,165.46846414371305
98.04945906349062,69.90147823968357,114.25562171743412,164.8228518418236
98.21908120366129,68.04149431940056,113.91637743709276,164.16595658756682
98.15050997455899,68.30150690552286,114.05351989529737,163.64593141532222
97.90306920669185,68.49354851843691,114.54840143103164,163.26184818949412
97.77347729524689,69.24869385324423,114.80758525392154,161.75155751987947
97.55905696575799,70.70704353952551,115.23642591289936,163.1744060434004
97.63169751822889,72.79748643243326,115.09114480795758,163.36166422500338
97.76611215520323,72.72204034091808,114.82231553400888,163.51255640803373
97.80095765097414,72.60026930338852,114.75262454246707,163.75609848309287
97.89631583462568,72.4315136924601,114.56190817516399,164.0936097049497
97.75509782584416,72.39966725666297,114.84434419272702,164.15730257654397
97.67770807299034,72.29290216706076,114.99912369843466,164.37083275574838
97.60190486596835,72.14081697322615,115.15073011247866,164.6750031434176
97.28708601972956,72.30245670225071,115.78036780495623,164.35172368536848
94.92968033748095,71.83218149815146,116.10025950306473,165.292274093567
94.66426315010906,70.32604549649811,116.6310938778085,163.89012835693833
94.57483592792435,69.06330435301936,116.80994832217792,162.01365407208135
94.78380424458813,69.4111695623655,116.39201168885037,161.31792365338907
94.81273035073707,67.72441725704432,116.3341594765525,160.3323736068604
94.26307580115193,69.96822371492598,117.43346857572277,160.18791845482014
94.47438630489829,68.28370267739191,117.01084756823005,159.19795067649102
94.02799459787697,68.51431468127541,117.90363098227269,158.73672666872403
93.7434372054342,68.55329001143004,118.47274576715822,158.65877600841478
93.558638244281,66.34735937802147,118.84234368946463,158.71784743794362
93.38974463558782,67.21557460392602,119.18013090685098,156.98141698613452
93.5452493609807,67.41904727303235,118.86912145606522,156.57447164792185
93.91056354567053,67.59262763784439,118.13849308668556,156.22731091829777
94.18245641120791,67.55717584514267,117.59470735561081,156.29821450370122
94.0401733996618,67.94502766541997,117.87927337870302,155.5225108631466
94.34033357237018,68.22076129274345,117.27895303328626,154.97104360849966
94.23612482910232,64.90203894392818,117.48737051982197,153.05425458823873
94.37885646047425,66.96674829352591,117.20190725707812,153.17611959317276
94.41756641609585,66.6585107544173,117.12448734583492,153.79259467138996
94.43813133735487,66.84001742376044,117.08335750331688,153.4295813327037
94.30701815211143,66.87419016070768,117.34558387380376,153.3612358588092
94.22230029546293,67.12896738989215,117.51501958710078,152.85168140044027
94.1867904314031,67.22716282696231,117.58603931522042,152.65529052629995
94.43689984209846,66.43491636795076,117.08582049382973,154.23978344432305
94.6639641055374,68.15116958534814,116.63169196695182,155.07009428955766
94.41495361953638,68.3081906343459,117.12971293895387,154.75605219156213
92.17878702281811,66.8452397642509,117.33064307201147,153.4105508713732
92.31787576618842,66.69671256886525,117.05246558527084,153.7076052621445
92.60252499738273,67.70239768044073,116.48316712288224,155.95039359277484
90.96281351448167,69.1967256353524,115.48356768406131,157.24076008757456
91.37471108601366,70.569651188993,114.65977254099731,158.77717615832526
89.57263997377709,71.75163517520349,113.97185591994081,160.70526703143395
87.73593608221773,71.475199941477,113.33532010140789,161.25813749888692
88.09401379468807,73.11418603103638,112.61916467646722,162.28797645087496
86.1120654630086,72.96167904788551,112.27151638081835,162.5929904171767
83.93745998171377,72.62496310604165,112.31032586642196,163.26642230086443
81.4322987774817,72.62558789979461,112.99944429721936,163.2651727133585
78.99512891538188,73.96908051008246,113.54120095536827,164.91077055883355
79.00345496817624,74.55991549059524,113.52454884977952,168.0954760527349
77.06545269594622,73.72731837063567,112.98645736444826,169.76067029265405
75.36748039255833,72.94480480112068,111.95218903852683,171.32569743168403
75.5833118771829,72.72135166193803,111.52052606927772,171.77260371004934
75.9799586622245,72.63061922555497,110.7272324991945,171.95406858281547
76.75670354938073,70.87628048768484,109.17374272488203,171.03725396715728
77.64904672812293,71.0137162827825,107.38905636739766,170.76238237696197
78.6810549735109,68.8523098116451,105.32503987662169,170.73337339204622
79.63728341047182,68.63600668069316,103.41258300269985,171.1659796539501
80.21566541701735,68.63905870280917,102.2558189896088,171.15987560971809
80.59048181069363,68.53469123600915,101.50618620225623,171.3686105433181
80.57790633897083,69.46474136107767,101.53133714570183,169.50851029318108
80.56964877756334,71.81046243257029,101.54785226851679,169.05171864762394
80.85005229877683,72.16557555100843,100.98704522608982,168.34149241074766
83.80285990374392,73.54043838336544,99.28953581970825,169.79987254958624
84.01280902528745,73.01453616490346,98.86963757662119,170.8516769865102
84.0684549703319,73.08596030060713,98.7583456865323,170.70882871510287
84.78321121821614,72.29623815419754,97.32883319076382,172.28827300792204
88.13952327868573,70.86801863507473,94.82092329171584,175.14471204616765
88.07328068329198,71.22669825248457,94.95340848250332,174.427352811348
88.31619662331751,71.09170044656081,94.46757660245228,174.6973484231955
88.38556883109212,70.96124315450393,94.32883218690307,174.95826300730926
85.84505227705645,71.82964274016682,95.21691639535675,173.22146383598349
88.36003175337487,71.66344008620275,94.36947530521941,173.5538691439116
88.57697674160067,71.44502700013126,93.93558532876777,173.9906953160546
91.13392422648968,71.21425841735085,92.9936493607575,174.45223248161543
87.16311025045121,69.17182161496952,92.61003763181179,174.3744862458668
92.01595915286143,68.83729205614502,91.21413180954896,175.0435453635158
89.59665964964225,69.24036219333385,91.91197742101103,174.23740508913812
89.29495469100098,69.52415103546292,92.51538733829358,173.66982740487998
89.17273126101321,69.70540851098283,92.7598341982691,173.30731245384015
88.8258214268129,70.09337898270205,93.45365386666977,172.53137151040173
88.44463768101444,70.3560895749095,94.21602135826666,172.00595032598682
88.37402592017274,70.80675238079215,94.35724487995006,171.10462471422153
90.4363551449753,71.05601090418637,94.36917987510037,170.6061076674331
86.25071184139026,70.99914163804047,94.4815954304499,170.71984619972488
88.94443199813747,70.19156117442225,93.22718801311476,172.33500712696133
91.28804901862712,69.74099399939723,92.67538727467573,173.23614147701136
89.21736465970692,69.99198978553281,92.67749645871501,172.7341499047402
94.59276010799942,68.87433051380417,90.19051116641428,174.9694684481975
94.16833185423371,69.36075150894845,91.0393676739457,173.99662645790892
93.9619914287969,68.99783544483508,91.45204852481933,174.72245858613567
96.5948598644115,68.69816535964137,90.3264382228962,175.3217987565231
96.83278886230109,68.4722416957686,89.85058022711704,175.77364608426862
98.81404328827574,66.18958659187075,90.0160547909408,176.21097287629124
98.69565883964447,66.40757339612387,90.25282368820338,175.774999267785
103.61574646115999,66.21708857973894,88.68252694511747,176.15596890055485
103.56877934850786,66.25568701511226,88.77646117042173,176.07877202980822
103.53501782916335,66.22627307012816,88.84398420911074,176.13759991977642
105.94631800295129,65.8474055976541,88.13732391365122,176.89533486472453
108.20978319149387,65.31199845688475,87.7252072332276,177.96614914626323
110.68365535498916,64.9716797994064,86.90080280403976,178.64678646121993
110.54032221561502,65.24624538977503,87.18746908278803,178.09765528048268
112.79038828793045,65.0405933734355,86.80327203827193,178.50895931316174
112.62394361426954,65.18428059661973,87.13616138559378,178.22158486679328
114.78495301624812,65.10160337557126,86.930998351889,178.38693930889022
114.37157715555833,65.86324931088765,87.7577500732686,176.86364743825743
112.14253633444507,66.15775756766556,88.10805440820818,176.27463092470163
116.95376697784772,65.37874882888143,86.6960354894429,177.83264840226988
114.89122984273814,63.28833844115471,86.71757783193249,177.90993724999373
114.90679213227347,63.0471741418329,86.68645325286184,178.39226584863735
117.20435485295947,61.10268244517684,86.20286826599747,178.16970878744183
115.19644012086411,61.49402143612306,86.11881078189576,177.3870308055494
117.48832094136351,61.09735356593481,85.62204581724862,178.1803665459259
115.07795525055998,59.575731611024906,86.35283568677701,177.13366894366703
114.7901993991583,57.61735716970661,86.92834738958037,176.9630573373332
117.106548323222,57.07673338322765,86.39050449897825,178.04430491029112
117.2825709424394,56.80060106760007,86.03845926054345,178.59656954154627
117.429900452994,56.60383107220713,85.74380023943425,178.99010953233216
117.6507836327282,56.2892302437528,85.30203387996585,179.61931118924082
117.5978305002737,55.99252368185134,85.40794014487486,180.21272431304374
117.48086609059094,55.75110297706324,85.64186896424039,180.69556572261993
117.33124523548368,53.67703445126784,85.9411106744549,180.71673205007698
117.33885434660583,53.13028706923339,85.9258924522106,181.8102268141459
117.11276618115284,52.85973440670884,86.37806878311659,182.351332139195
116.99185616451233,52.67429245124099,86.6198888163976,182.7222160501307
116.33554898043815,52.82915102409761,87.93250318454598,182.41249890441745
115.9098315596792,53.24874961590284,88.78393802606385,181.573301720807
112.75947135757653,52.009696682072544,90.89022203304125,179.85697119123964
109.80091609549655,52.072503836765904,92.60153859653504,179.73135688185292
109.06085070096219,51.92788980074792,94.08166938560373,180.02058495388889
108.31671269640151,49.854857757131924,95.5699453947251,179.90344802666772
107.60197438503582,50.09893550144007,96.99942201745648,179.41529253805143
107.04393834032005,47.77441137318162,98.11549410688801,179.75999727001616
104.37057473353168,47.83858545095224,99.13370842016954,179.63164911447492
103.82254539690615,48.241248897275,100.2297670934206,178.8263222218294
103.02249856297308,46.572086573874884,101.82986076128672,177.81385745093655
102.1400250210001,47.05301118748301,103.59480784523271,176.8520082237203
101.1281996706179,47.387205492723226,105.61845854599711,176.18361961323987
100.2079735360249,47.72457987123852,107.45891081518313,175.50887085620928
97.23735322624375,49.75905864432592,108.97629796088125,175.86376678389863
96.50757292887567,49.09547224195279,110.43585855561743,177.19093958864488
93.31477283401946,48.978503290637036,112.32250453890305,177.4248774912764
92.7870849303601,48.77910512235991,113.37788034622179,177.82367382783065
92.30338669421306,48.925811382989906,114.34527681851587,177.53026130657065
92.02871984835818,49.80542440623388,114.89461051022563,175.7710352600827
92.12053612091948,50.953260746189414,114.71097796510301,173.47536258017163
92.43092574510698,51.45224246364279,114.09019871672804,172.47739914526488
92.63815983018645,51.823910522947585,113.67573054656906,171.7340630266553
92.72502209225297,52.58130427107949,113.50200602243605,170.21927553039149
92.78737815960594,53.14633970054733,113.3772938877301,169.0892046714558
92.61186738284606,53.973224955618136,113.72831544124986,167.4354341613142
92.46941820145284,54.66427627803772,114.0132138040363,166.05333151647503
92.44916593194284,55.152211928428414,114.0537183430563,165.07746021569363
92.47578665127462,55.14742493406581,114.00047690439274,165.08703420441884
92.49826637135426,55.14338609255201,113.95551746423345,165.09511188744645
92.49104047812948,55.07831524673456,113.96996925068302,165.22525357908134
92.48978538801461,55.15195863529098,113.97247943091274,165.0779668019685
92.34086862546754,55.26408038655373,114.2703129560069,164.853723299443
92.17302087582671,55.30535278094746,114.60600845528856,164.77117851065555
92.21359994271705,55.39846835954512,114.52485032150788,164.58494735346022
91.9301599372395,55.620924543175235,115.09173033246297,164.1400349862
93.8091787176985,55.80480721601444,115.71405082363941,163.77226964052159
93.78465790121851,55.79653242592171,115.76309245659938,163.78881922070704
93.70639644199969,55.98098820121149,115.91961537503703,163.4199076701275
95.90454594707359,56.23731321978819,115.90643515718106,162.90725763297408
98.12080024190544,56.22730160344085,115.84906886938091,162.92728086566876
98.23302949218845,56.16184272962629,115.6246103688149,163.0581986132979
98.15703196920977,56.08922607226556,115.77660541477226,163.20343192801934
98.03911325886268,56.037821194752595,116.01244283546643,163.30624168304527
100.27098192762595,55.87544846435729,115.93163338166946,163.63098714383588
100.27692476014191,55.960647177677856,115.91974771663754,163.46058971719475
100.51809472441812,55.699332426102345,115.43740778808514,163.98321922034577
100.56806009757747,55.51570685237901,115.3374770417664,164.35047036779244
102.74008703081344,57.83644198681287,115.38101748536262,164.09659440899281
103.09326860720283,57.9173145241631,114.67465433258386,163.93484933429235
103.0096446939354,58.471938245268504,114.84190215911872,162.82560189208155
104.84020496959752,59.29794411884615,115.53714467512576,161.17359014492627
104.26288007356273,60.78632505208665,116.69179446719536,158.19682827844525
105.74914419151183,59.7255847880875,118.03586710228828,156.00170793545243
106.9140723780187,56.675285694545266,120.0111965444253,153.49193449223532
108.4678468094231,57.09987085214091,121.20270806753132,152.64276417704403
110.27281021058228,54.407886057621596,121.89819697953581,149.41590233743693
112.28734960083995,51.90997601236445,122.13628364739064,145.87739153121083
114.44978500088371,51.2519823179295,122.0279587946893,142.97683297269452
116.27619133586649,50.50622607261448,122.54518876044011,140.2983028276082
118.0824224766174,51.8986311447062,123.06963297579514,137.51349268342477
119.90719197485134,52.801046064042595,123.52218894568655,135.70866284475198
119.84757238957505,51.6115409208828,123.64142811623913,134.00642539967038
122.12170453496356,52.03139568652843,123.14978943407577,133.16671586837913
124.29609190407281,52.6409668407468,122.83672442132055,131.94757355994238
124.23553649007955,53.338099997775416,122.95783524930707,130.55330724588515
126.4595534824569,52.246442069946355,122.50165472620068,128.744769639895
128.4527398264754,53.155313556586044,122.47161325164794,126.92702666661562
128.71405676608467,54.04792628623954,121.94897937242939,125.14180120730863
131.15627608578703,54.64748330808374,120.95565291346746,123.94268716362022
131.5916600677779,53.55271966397514,120.08488494948574,122.2756193980795
132.03166520584335,53.61078135770703,119.2048746733548,122.15949601061571
132.56823152222813,53.50038089626471,118.13174204058524,122.38029693350036
132.7378009960563,54.17580716259157,117.79260309292894,121.02944440084664
134.8710259368281,53.31171461190158,117.28704397786049,118.9967387357515
134.9290768524109,54.54493677459696,117.17094214669486,116.53029441036074
135.09856855296633,53.99042523967944,116.83195874558402,113.95898650334337
135.38989581928118,54.90566104251734,116.24930421295431,112.12851489766757
137.72192581685403,55.74827089863702,115.18159893618085,110.44329518542821
138.12705635054638,56.466980801016206,114.37133786879609,109.00587538066983
138.56804230187927,57.49681810858829,113.48936596613032,106.94620076552566
139.16919563274598,58.2642689761995,112.28705930439693,105.41129903030324
139.66546105048775,57.432265473220525,111.29452846891337,103.64741294590013
140.34628776283753,58.220231841489934,109.9328750442138,102.07148020936131
141.10971166862794,58.74388399389377,108.40602723263301,101.02417590455364
141.79602791297708,59.23300192775149,107.0333947439347,100.0459400368382
142.4510072208494,59.69835923075407,105.72343612819009,99.11522543083304
143.051031050953,60.13841877300345,104.52338846798293,98.23510634633428
143.5285378916479,60.52896727403549,103.56837478659308,97.4540093442702
144.1687455624728,59.30648494167002,102.2879594449433,96.73363328918609
144.9489803088738,59.41801379496302,100.72748995214131,96.5105755826001
145.62882956270488,59.441618189890704,99.36779144447908,96.46336679274472
146.28298559175403,58.025508591442865,98.05947938638079,96.21171553885044
145.39711312213944,58.16419927958141,96.77187002494057,95.93433416257335
145.82682594468875,58.34441413620786,95.91244437984192,95.57390444932045
144.8979243558823,58.476958185084555,94.75471568322524,95.30881635156706
143.74190135644835,58.625841771431716,94.07363837326808,95.01104917887274
142.47575771650736,57.27479327397584,93.62822318645797,94.73544370709241
141.3979875750693,57.17743496056703,92.8174193221272,94.93016033391004
140.2698992963875,57.22709378396962,92.11698788305645,94.83084268710485
140.56954507210932,57.520824626716355,91.51769633161287,94.24338100161138
139.1457136737215,57.71451693127385,91.44006656150898,93.8559963924964
137.83070544153176,57.77082699819712,91.15209679776682,93.74337625864985
137.65980701300953,58.02601849659363,91.4938936548113,93.23299326185683
137.79838707567973,58.161799824582225,91.21673352947093,92.96143060587964
135.10115533565255,58.105510315659544,90.81037501862181,93.074009623725
133.71923251142576,56.64593527970847,90.6784584400806,93.09739746863232
133.8543758817418,56.618302039583185,90.40817169944854,93.15266394888289
132.44802730085624,56.69816453479534,90.3302278167307,92.99293895845858
131.1159518358547,56.9109505807633,90.10747587537048,92.56736686652266
129.60888613215246,56.90922418959125,90.244903312733,92.57081964886676
129.70011063503674,56.9937046026435,90.06245430696447,92.40185882276226
129.75323426076048,56.88570061394073,89.95620705551698,92.6178668001678
127.00562698930148,55.3468818704701,89.70120983752622,92.82039840665468
125.63025272559142,53.65647106746397,89.57770726287073,93.32696891059132
124.15760402666015,52.01731049061523,89.64276735102567,93.72505275458124
121.18987090856832,50.26982586006999,89.80322699338959,94.33251871876185
118.45672512090012,49.71581675902054,89.47040615960069,95.44053692086075
117.03167307817347,48.94367940498103,89.40890635265067,96.98481162893977
117.17961404543239,49.41292794700879,89.11302441813282,98.98104248213387
117.38275000259554,52.538408907313624,88.7067525038065,101.61335657471545
117.53967371352174,53.72946265094902,88.39290508195413,105.2221363175183
114.28895904549233,69.12719201269616,88.80198471485461,110.98077581297393
111.2008052795822,78.1564909930543,91.83695756852211,114.91152059932708
110.51441885387754,73.64617483522984,93.2097304199314,120.68134477287097
109.51239679114602,78.89567798376828,95.21377454539446,126.98939136360839
108.7431370575972,77.24102188618745,96.75229401249211,133.78900968237733
107.2627236580478,76.75103770280042,99.71312081159088,138.38781822921604
106.18447901121013,74.1575893053647,101.86961010526626,143.57471502408748
105.3649037359511,70.65355827905435,103.5087606557843,150.58277707670817
