118.5,57.5,82,98
116.69812465939673,58.99008307498387,84.60375068120655,94.01983385003226
116.0173493726451,60.19532861859579,85.9653012547098,91.60934276280842
115.71904977875388,61.31181085756821,86.56190044249222,89.37637828486358
115.37886939316314,62.186395142018256,87.24226121367371,87.62720971596349
115.37660990060219,62.49410517847252,87.24678019879562,87.01178964305495
115.61910965906782,62.31147190715866,86.76178068186435,87.37705618568268
115.73827577422873,62.346972191175695,86.52344845154255,87.30605561764861
115.04409592685795,62.93749985782124,87.91180814628409,86.12500028435753
114.54826135130094,63.32897637902718,88.90347729739813,85.34204724194564
114.46069899262206,63.101811803900254,89.07860201475589,85.79637639219949
115.39032120744713,63.53065548373303,89.97317298246787,84.93868903253394
115.12322058711587,63.53322117177121,90.50737422313038,84.93355765645758
115.21321854422145,63.11334038803341,90.32737830891924,85.77331922393319
115.52599208482981,61.41575384386374,89.70183122770251,86.39548482228443
115.50250710480131,61.73708801616397,89.74880118775953,85.75281647768396
115.43132274534835,61.99565382170002,89.89116990666543,85.23568486661188
115.3555735686432,62.688697344842296,90.04266826007574,83.84959782032732
114.31918148129151,61.25351355921963,89.37742576429393,83.98193872108749
114.77274150674062,60.52348364185043,88.47030571339573,85.44199855582588
115.23236616196192,60.14581928512372,87.55105640295312,86.1973272692793
115.64692054754988,60.02569812789865,86.7219476317772,86.43756958372944
114.7658793760084,59.44324292834343,85.75710936325994,87.60247998283988
113.63040056084668,59.34752448613073,85.2980333890386,87.79391686726528
112.46176446155286,59.48536235929914,84.90951894900387,87.51824112092847
112.5706410005078,59.42921409818135,84.69176587109399,87.63053764316405
112.46600001226486,59.51052806925787,84.9010478475799,87.467909701011
112.44307002057022,59.56515433064872,84.94690783096915,87.35865717822931
110.85992076911259,59.839033258098354,85.39979932095599,86.81089932333003
110.83299711488506,59.859134022947714,85.45364662941105,86.77069779363131
109.44952732731349,61.32080415117362,85.50841163080884,86.55953211092489
108.85639289884293,62.187384836183355,86.69468048774998,84.82637074090542
107.76240486577606,61.96201489933331,86.18157769771727,85.2771106146055
107.26820453320545,62.55022237495638,87.16997836285852,84.10069566335937
105.83149905893228,62.834362895809875,87.34632161937998,83.53241462165238
104.37538089660313,62.99628647006874,87.5677217959118,83.20856747313465
102.65220005949357,63.67487361510882,88.32491213170321,81.85139318305448
102.39581385934258,64.57339979083747,88.8376845320052,80.05434083159717
100.8074712462254,64.69031918934948,89.35555215596455,79.82050203457317
101.13472569972113,64.7466408768457,88.7010432489731,79.70785865958072
101.26374278809298,64.84706943262952,88.44300907222939,79.50700154801308
101.02614659658778,65.00635245406386,88.91820145523981,79.18843550514441
99.55329800695964,65.32293697985604,89.21765880551129,78.55526645356005
99.67969536412693,65.1181671724807,88.96486409117671,78.96480606831074
98.58771588470246,64.6861675936891,88.50543380801199,79.82880522589392
98.33379371519378,64.8234740786433,89.01327814702935,79.55419225598553
96.89135575757592,64.77399599910314,89.24459330148237,79.65314841506586
95.74375430125481,64.4284197916856,88.88106168579512,80.34430082990093
94.42973748197346,64.25898947367179,88.84497684945228,80.68316146592856
94.14958010163559,64.2939867842253,89.405291610128,80.61316684482154
94.43582406913195,63.833079941205874,88.8328036751353,81.53498053086038
96.10240314580413,63.182271541112556,88.18198731398215,82.83659733104702
97.83143927816674,62.74440672802734,87.41679219574016,83.71232695721744
98.06990700178464,62.6650950286199,86.93985674850435,83.87095035603232
98.55185854562478,62.19856589561563,85.97595366082408,84.80400862204087
99.040561818302,61.53083760114326,84.99854711546965,86.1394652109856
100.8759052137851,60.70208682023849,84.02293216010013,87.79696677279514
101.31786103844473,60.059969802861204,83.13902051078088,89.08120080754972
101.63781476451558,58.22050575412089,82.49911305863917,90.04840305864175
101.9802112770864,56.31774077809568,81.81432003349757,91.13729955937973
101.83064223205498,56.10913523919247,82.11345812356038,91.55451063718616
103.04913874247531,56.413426463563006,82.41038324157134,90.94592818844508
104.3005315781495,56.60197527492236,82.63679080468141,90.56883056572637
112.48655951756379,56.39357279535314,82.6263294714934,90.98563552486482
112.389046246263,56.49522603417398,82.82135601409497,90.78232904722313
115.36455554491465,55.88479420500954,82.33673255393286,92.00319270555201
116.71990738288093,54.421547282175155,82.37048425600277,92.18523117321828
118.27547160457296,52.72868509229883,82.0071781756532,92.82313318993647
120.04774705267728,51.133878404391126,81.21454302140418,93.26083082379222
121.41219684480822,50.944144567386736,81.23164940571873,93.640298497801
122.76811824599937,50.90428619114189,81.27196173519208,93.72001525029069
123.78885854737727,51.54743557805274,81.98451665099358,92.43371647646899
124.82921686541039,52.19649031387137,82.64931128411253,91.13560700483173
125.9418734981117,53.182386750107284,83.15995250738189,89.1638141323599
125.5922300115764,54.281832713013216,83.85923948045249,86.96492220654804
124.94862012991976,55.648418386713686,85.14645924376578,84.2317508591471
124.88177585701166,57.71669527676028,85.28014778958199,82.76256074250338
124.37160044583577,59.76902967020991,86.30049861193376,81.30415957306487
123.22459960545606,60.68356589119796,88.59450029269318,79.47508713108877
121.1184798870546,62.641016689075016,90.16094880181339,78.20597646301738
119.04856420721275,63.245837734724844,91.65100404721508,76.99633437171772
118.42549600724499,64.151866829874,92.8971404471506,75.18427618141942
116.2154967735591,65.2663401156718,94.67386449104991,72.95532960982382
115.44584673687129,66.83975063557396,96.21316456442555,69.80850857001948
114.84275234036464,67.97228547500244,97.41935335743884,67.54343889116254
113.16049119746864,68.91009075356274,98.19670937656429,65.66782833404193
113.02899510117112,69.56686579704801,98.45970156915934,64.35427824707139
113.00032013567886,69.73061375118961,98.51705150014386,64.0267823387882
113.0849017151951,69.15013433745688,98.34788834111137,65.18774116625366
112.566375832413,67.60428916216102,96.8228460526551,68.27943151684538
114.173281607358,67.12785531523122,93.6090345027651,71.82260293151845
115.1228822061204,66.22789309243463,91.70983330524032,73.62252737711162
115.50400549872873,65.68603414660646,90.94758672002365,74.70624526876797
115.27023427012693,65.54919375832307,91.41512917722724,74.97992604533472
114.6190178766167,65.95908802381425,92.71756196424772,74.16013751435239
115.43085075971172,65.23672950566743,91.09389619805768,75.60485455064602
116.09581158565318,64.58810721213874,89.76397454617475,76.90209913770342
116.50062112764228,64.08545808818484,88.95435546219656,77.9073973856112
115.37653817426633,64.0532268133714,88.57621730065216,77.97185993523809
115.2809630243449,64.41647114529161,88.76736760049502,77.24537127139766
115.78850925652745,64.2942156784899,87.75227513612991,77.48988220500105
116.27079044392826,64.1441546848924,86.7877127613283,77.79000419219608
116.87338043741889,63.83732573308834,85.58253277434704,78.4036620958042
116.61749134440441,62.798590704443484,86.094310960376,77.8992911101235
116.80341533647875,62.54293980125748,85.72246297622732,78.4105929164955
117.04503812848401,61.884448410146405,85.23921739221682,79.72757569871766
118.44983242189649,61.41399363092659,85.02716853875856,80.66848525715729
119.75867513668976,61.08604749657758,85.01863777194684,81.32437752585531
120.83049228262414,61.33516216868605,85.49441701389162,80.82614818163837
120.67292019333959,61.302715550715135,85.80956119246069,80.8910414175802
120.82656281405917,61.10673883271227,85.50227595102155,81.28299485358593
120.45610912588222,61.57162433952388,86.24318332737545,80.35322383996271
120.1957230277412,61.40100371955337,86.7639555236575,80.69446507990372
120.15945664435421,60.90527627479567,86.83648829043146,81.68591996941913
119.80412805928476,60.91502586167249,87.54714546057036,81.66642079566549
119.61202875922184,60.94037787125115,87.9313440606962,81.61571677650817
119.39060293051605,61.29432518255997,88.3741957181078,80.90782215389052
120.05432726404999,60.970214967568296,87.04674705103992,81.55604258387388
120.44265217525641,60.837731169488436,86.27009722862707,81.8210101800336
119.73129455851813,60.49285140625439,85.04594022920914,82.51076970650169
119.77702374516596,60.21062860452855,84.95448185591347,83.07521530995336
119.7218501892881,60.42531469714064,85.06482896766917,82.64584312472918
119.29323796738322,60.806759156531356,85.92205341147894,81.88295420594775
119.1818692621501,61.015555029287036,86.14479082194518,81.4653624604364
118.76129075249418,61.587222048756495,86.98594784125703,80.32202842149748
117.48629452422804,61.84887807407523,86.90169156124045,79.79871637086
117.71466085732139,61.72095241978729,86.44495889505376,80.05456767943589
117.28504761816536,61.98296508887334,87.30418537336581,79.53054234126378
116.44356330951274,63.228032533949886,88.98715399067105,77.0404074511107
115.80188100415359,64.41223630639081,90.27051860138936,74.67199990622883
114.37896973902048,65.1739406018468,93.11634113165559,70.55397678837174
113.18644724668414,66.60405921390364,95.50138611632825,67.69373956425802
113.79335016629597,66.08324055374618,96.84823793374278,66.17471922793479
112.76116827109965,67.29511383541417,98.9126017241354,63.7509726645988
113.37119927685913,67.74064018247894,100.23916505062,62.859919970469264
113.2119988608066,67.82916996033512,100.55756588272503,62.6828604147569
113.32516972740189,66.2588795273291,100.33122414953449,63.27008294816416
114.11715825149841,65.47308354979609,98.74724710134142,64.8416749032302
116.0863166662044,64.94927132077967,97.37126316711147,65.88929936126303
116.59082461777858,64.19371296882724,96.3622472639631,67.4004160651679
117.01111477389217,63.51395226390192,95.52166695173591,68.75993747501853
117.11579536765102,62.0087413370277,95.31230576421822,69.19184347571607
117.37764033424212,61.80229446782698,94.78861583103603,69.6047372141175
117.596639540545,61.61239078136023,94.35061741843025,69.984544587051
118.2360063062821,60.94339777065536,93.07188388695604,71.32253060846075
117.54343656021891,59.23221243718877,91.87380541547576,72.16168331178726
117.49564268149044,59.857152657871985,91.96939317293271,70.91180287042083
117.7730574548663,60.51659396536769,91.41456362618098,69.59292025542942
117.82897270574983,61.07768261500339,91.30273312441393,68.47074295615802
118.02342014918975,61.43601726828542,90.9138382375341,67.75407364959396
117.36549483281004,61.730565424213026,92.2296888702935,67.16497733773875
117.2001264236325,62.868363867589075,92.56042568864858,67.39176196528594
117.17914808628814,62.84747060828968,92.60238236333731,67.43354848388472
116.92203443823792,63.11446788511173,93.11660965943776,66.89955393024063
116.26945258423606,63.823920774419996,94.42177336744145,65.4806481516241
116.05149185767587,64.4908683788787,94.85769482056185,64.14675294270668
115.97407176100945,64.67140840830496,95.01253501389468,63.78567288385419
116.11558424834931,64.79931546186603,94.72951003921497,63.52985877673201
116.61824165064914,64.6139771328462,93.7241952346153,63.900535434771676
116.51078508286304,64.83808709497733,93.9391083701875,63.452315510509436
116.7297803415687,65.02340662225174,93.50111785277619,63.08167645596062
116.73095389486116,64.92196243465587,93.49877074619125,63.284564831152345
116.72580460685589,65.52305812004062,93.50906932220181,62.082373460382854
116.9285145514303,65.74744042385123,93.103649433053,61.63360885276164
116.67416302291821,64.64859729098367,93.61235249007717,61.40711963880331
115.15376157462742,64.74098320349829,94.22511009740185,61.22234781377409
114.56449002386371,66.02164326003651,95.40365319892928,61.095187260986876
114.76324975827066,65.55518113220838,95.00613373011538,62.02811151664315
114.52639621428031,65.55841715202682,95.47984081809608,62.021639477006254
114.60179300531789,65.39141237424438,95.32904723602093,62.35564903257114
114.9054673047894,65.08212866334686,94.7216986370779,62.97421645436617
115.29762988196025,65.26774198387801,93.9373734827362,62.60298981330389
115.31670711525466,65.45128702848544,93.89921901614738,62.23589972408904
114.37455125802987,66.84916967374743,95.78353073059696,61.88628250017652
113.76805913725627,66.59221957383997,96.99651497214415,62.40018269999143
113.08829112729592,66.34056418378923,98.35605099206487,62.90349348009292
112.75167397881418,67.97604918457696,99.02928528902832,62.15665438523213
112.06849467593648,68.43546904242672,100.39564389478373,61.23781466953261
112.00709847698988,68.88636953754374,100.51843629267694,60.336013679298546
112.65664414434407,68.30164569796705,99.21934495796856,61.505461358451946
112.70063444088036,68.20386973983409,99.13136436489597,61.70101327471785
113.20500364028564,68.17359284458851,98.12262596608544,61.76156706520903
113.5972365218372,68.10142910203743,97.3381602029823,61.90589455031119
113.46428597998711,67.58788466462644,97.60406128668248,62.932983425133145
114.0847277302249,67.54402144344098,96.36317778620689,65.53406914226284
115.25481638796072,67.42053860138614,94.02300047073525,68.31901516160967
116.1999151142242,66.33293451173967,92.1328030182083,70.49422334090261
116.33028589518858,65.59694774752614,91.87206145627955,71.96619686932966
116.57207464939657,64.77573493770015,91.38848394786358,73.60862248898162
117.07371721587194,63.92865697326981,90.38519881491284,75.30277841784232
117.06675418106963,63.59584154462878,90.39912488451745,75.96840927512437
117.28269379521053,64.59713943088084,89.96724565623563,76.583309495173
117.7382539271388,64.15394708054625,89.0561253923791,77.46969419584221
117.79843807188145,63.98435987695848,88.9357571028938,77.80886860301774
118.27768670818419,63.67493136407401,87.97725983028832,78.42772562878667
118.80662975993694,63.08609792346354,86.91937372678282,79.60539251000762
118.7215185118939,62.975615202556575,87.08959622286889,79.82635795182155
118.80431069329282,62.81904844378132,86.92401186007106,80.13949146937206
118.50892023911284,63.024527575937874,87.51479276843102,79.72853320505895
118.43869385055453,63.286423422575865,87.65524554554764,79.20474151178297
118.4613978632087,63.01183171036412,87.6098375202393,79.75392493620646
118.7753222050298,62.91366227034826,86.98198883659711,79.95026381623818
118.69226754391943,62.68646368392046,87.14809815881785,80.40466098909378
118.84178467188899,62.761107235439596,86.84906390287873,80.25537388605551
118.55447217692213,62.96449991665629,87.42368889281244,79.84858852362213
118.49602585055732,63.156286587584724,87.54058154554207,79.46501518176525
116.99635357221312,63.29024231599383,87.91068550733868,79.19710372494704
117.19993788168455,62.99273742969338,87.50351688839582,79.79211349754794
117.34800268148948,63.00283564798239,87.207387288786,79.77191706096993
115.80029568170615,62.89927575533295,87.67385778927891,79.9790368462688
115.60347898460948,62.820863422199245,88.06749118347224,80.13586151253621
116.01918959935742,62.566635817999796,87.23606995397635,80.64431672093511
117.59269970193438,61.969037588102665,86.73232582366283,81.83951318072937
118.84624628622143,61.52472851378315,86.87962771460451,82.7281313293684
120.1985325653822,61.46944117160799,86.84584344799859,82.83870601371872
121.43421462907392,61.56888014719741,87.04649066505544,82.63982806253988
122.77410327722728,61.509897528460385,87.03871357806874,82.75779330001393
124.15494034012221,61.54707123583823,86.95078771980536,82.68344588525824
124.40591109110996,61.87341121513992,86.44884621782987,82.03076592665487
124.40672856532147,62.15636321948804,86.44721126940684,81.46486191795861
124.29661641271176,62.382008974373676,86.66743557462627,81.01357040818735
124.68402772688049,62.27018895104506,85.8926129462888,81.23721045484459
124.96459478599715,62.655717627513255,85.3314788280555,80.46615310190819
125.17424035148788,62.50470330586394,84.91218769707402,80.76818174520682
125.24017856651334,62.717120900301055,84.78031126702311,80.34334655633259
125.37492381011005,62.53608559922136,84.51082077982969,80.70541715849198
126.64867741265388,62.4391088910744,84.56497154963377,80.8993705747859
126.77010330499634,62.2227263243042,84.32211976494884,81.3321357083263
127.18985972337029,60.44467490592716,83.48260692820094,82.27961635052651
127.43339641796751,60.20314143981184,82.9955335390065,82.76268328275715
127.52868038543203,59.08215693026456,82.80496560407747,82.39428732650583
127.84545736113009,59.213212499561244,82.17141165268133,82.13217618791246
127.91773588504434,59.28130465502129,82.02685460485284,81.99599187699238
128.19237035154885,59.130824674612086,81.47758567184383,82.29695183781078
128.3613067327377,59.136328923548426,81.13971290946614,82.2859433399381
128.214920083093,59.236464150269654,81.4324862087555,82.08567288649564
128.2750601284048,59.40136786579936,81.31220611813197,81.75586545543624
126.85438646034126,59.500040792532616,81.58555470322761,81.55851960196972
127.0134732363226,57.997726493888266,81.26738115126493,81.99395018752315
126.0690340129987,57.824115196743435,80.5852213750301,82.34117278181282
125.76830450283474,57.65771927177165,81.18668039535802,82.67396463175639
125.82718380141546,57.0476350453948,81.06892179819658,83.89413308451009
126.28137940948261,56.43310361769993,80.1605305820623,85.12319593989983
125.44095671165955,56.23626033036412,79.23877597946583,85.51688251457145
125.67322290168029,56.11037834024918,78.77424359942435,85.76864649480133
124.69732080509569,55.68930301739089,78.13540651600434,86.6107971405179
124.89855292265483,54.06770311330828,77.73294228088604,87.26042698904948
124.02689909594868,54.28870682514119,76.87901237885225,86.81841956538366
124.52880638133865,54.278753165288826,75.87519780807231,86.83832688508839
124.04461047531541,54.26003056738823,74.28262637907073,86.87577208088959
123.36252907454342,53.823197071085005,73.1107994845618,87.74943907349603
122.6494704583803,53.69850385401223,72.00630831240905,87.99882550764158
122.86714092898029,53.84496117998296,71.57096737120908,87.70591085570013
121.71207278327738,54.137365781076085,71.37602593318141,87.12110165351388
122.1835104740018,54.327359590866145,70.43315055173255,86.74111403393375
121.42205550547826,54.71620658593765,69.48420830802543,85.96342004379075
120.78088772856157,56.17020728090054,68.32199107711422,85.49997143860955
121.6353203287701,55.75937726713561,66.61312587669713,86.32163146613941
122.09274069045784,55.76819305139042,65.69828515332165,86.3039998976298
122.39744753856007,55.69516702737478,65.08887145711718,86.45005194566107
122.4003569867482,54.50674125977943,65.08305256074092,86.4463984992274
118.09799709648874,54.10981136996878,64.16635540498514,87.2402582788487
120.42534646401685,54.19802340772529,64.2665046953191,87.06383420333569
120.93623209155574,54.035565705696,63.24473344024134,87.38874960739426
120.95814261254426,53.96727741955263,63.20091239826429,87.525326179681
121.08009817383157,55.29348651811797,62.95700127568965,87.2388095370095
120.31163227232204,54.85513063900345,62.13638491077131,88.11552129523855
120.48644098507272,54.7844949264006,61.786767485269955,88.25679272044425
120.44513653187772,54.66562892689174,61.869376391659955,88.49452471946196
120.25653315786195,54.77678562752504,62.24658313969148,88.27221131819537
120.2804925666702,54.80872333074484,62.198664322075004,88.20833591175577
120.04496049891442,55.072468995908075,62.66972845758656,87.6808445814293
121.09230074218311,54.986713291083575,62.93456906243581,87.8523559910783
121.83438145528487,54.98840741425094,63.81688528035575,87.84896774474356
121.68376595524846,54.912025626050195,64.11811628042855,88.00173132114506
121.32917121897997,54.8293818092972,64.82730575296554,88.16701895465104
121.72440593871711,54.84883142548296,66.4391765988614,88.12811972227952
121.95971549950991,55.158257539685,68.39668979054447,87.50926749387544
121.80023403239184,54.601053292095976,71.16624806798875,88.6236759890535
120.38771671813258,54.96766138087643,73.99128269650728,87.89045981149259
120.7159085008788,55.15162847376425,75.8818676456655,87.52252562571695
120.16490544197362,55.0041023198487,76.98387376347586,87.81757793354805
119.41017267145519,55.534778297077395,78.49333930451272,86.75622597909066
120.40333068280118,55.534024500866366,79.10856519703728,86.75773357151272
120.05285067976918,56.019127185029355,79.80952520310129,85.78752820318674
119.58408706096725,56.48459474488064,80.74705244070513,84.85659308348417
119.61852871790762,56.7270518556898,80.6781691268244,84.37167886186585
119.31674113890996,57.18277990187545,81.28174428481972,83.46022276949455
119.40786992532902,57.531304872665864,81.0994867119816,82.76317282791372
119.89275598933412,58.24500286342703,82.71019565665175,81.33577684639138
120.86898983403961,58.65950403297449,83.3411064411464,80.50677450729647
120.73332254984723,59.065319134435654,83.61244100953115,79.69514430437414
120.42574796945888,60.674973020613194,84.22759017030786,79.0474245517681
120.1744031925819,60.65003982232736,84.7302797240618,79.09729094833978
119.76039710983439,60.827055896767085,85.55829188955684,78.74325879946032
119.29519642898359,60.957722648517816,86.48869325125844,78.48192529595886
119.45012428690887,61.0669624921152,86.17883753540787,78.26344560876409
119.48882886390616,61.24583108876115,86.10142838141329,77.90570841547219
117.07790405319791,62.551603801644,85.75931156129863,77.87614621047207
116.15944112712425,62.7194536359349,85.02004876330577,77.54044654189028
114.89431550167123,62.903315420252596,84.99096975539787,77.17272297325488
114.06709853514988,62.95253828802852,84.09238685139678,77.07427723770303
113.09409005901986,62.93586064509328,83.50094776382811,77.10763252357351
113.51233933708473,63.038907466767625,82.66444920769837,76.90153888022482
113.819540282247,63.10504822629283,82.05004731737381,76.76925736117441
112.39637064071134,63.22289253832186,82.39564085747426,76.53356873711635
112.78611235333574,62.761713303062024,81.61615743222548,77.45592720763602
112.72584442845289,62.76952279513828,81.73669328199118,77.44030822348351
112.87328008178001,62.74122800644294,81.44182197533692,77.4968978008742
112.7941747249283,62.63104294337797,81.60003268904036,77.71726792700413
112.6550795239909,62.5705160662132,81.87822309091514,77.83832168133367
111.29052320390014,63.48132420898796,82.09231571527391,78.53172541160691
108.54083622112756,63.23474341658776,82.53297551482952,79.0248869964073
108.67035989305307,63.20169291554247,82.2739281709785,79.09098799849788
107.49683646688689,62.69036665232356,82.07991883434471,80.1136405249357
105.31597484109844,63.08726167942116,81.33327737177535,81.87403282781364
103.53096163935086,63.14170335912089,82.33311344080556,81.76514946841418
100.76021711657378,62.50919175794532,82.70616100021739,83.03017267076532
99.06512779492965,63.49153199364582,83.48631988773695,83.675511955133
97.0989550060731,63.61650745535932,84.78619609415622,83.42556103170601
93.92979115670516,63.67578771380534,85.82655902507226,83.30700051481396
91.02676806449081,65.40089281100973,86.30571173589951,82.52023705720593
88.47277440794372,65.71892403692556,86.09668051184535,81.88417460537426
85.87499560459824,66.04038695850832,86.00191843932045,81.24124876220873
84.46243723244137,67.77326939410655,86.19355129457671,80.40896778006973
83.0161436526557,68.31024576970884,86.46287213186322,79.33501502886514
81.58088631674198,68.86035855734926,86.72299974375089,78.2347894535843
81.76068215526908,69.12535636485738,86.36340806669668,77.70479383856807
80.48925782685536,70.89770740311133,86.32340518455092,76.74294330103336
79.23659553539656,71.29145335277516,86.26186402766167,75.9554514017057
79.51921318962285,71.40669454015675,85.69662871920909,75.72496902694252
79.62796758966408,71.58079241319035,85.47911991912663,75.37677328087531
81.1643362552436,72.74290330001048,84.93829700584358,75.58446592511105
81.23565035599965,72.76268018455261,84.79566880433148,75.5449121560268
81.5074956204107,72.76426028168748,84.2519782755094,75.54175196175707
80.28325962490479,71.75949021626386,84.18494836427439,75.03579019035749
79.29778209183145,71.79895384922388,83.6495253397785,74.95686292443744
78.54014945314508,71.7845305170383,82.6679902191957,74.98570958880859
78.8108427468485,70.5791868037678,82.12660363178887,74.91439860131271
79.20127341664696,70.17614931690004,81.34574229219194,75.72047357504823
78.42408583952752,69.63900082483187,80.42703035222755,76.79477055918456
78.93006154981691,69.19221969244852,79.41507893164878,77.68833282395127
77.99291978814708,69.02754474894054,78.81533033887106,78.01768271096722
78.32640808351222,67.5182333965518,78.14835374814078,78.56650217247277
79.91359096420234,67.20074036687404,77.4419362774217,79.20148823182832
79.90322321966642,67.21822374451077,77.46267176649356,79.16652147655486
78.5960093102604,67.26765448209932,77.61053460317193,79.06766000137776
78.43232544559768,67.51740800327629,77.93790233249734,78.56815295902382
78.3802709412416,67.46694931430122,78.04201134120949,78.66907033697395
78.59554967843528,66.15990973136158,77.61145386682216,78.81526339197134
80.14627101868261,65.871923817268,76.97340582000172,79.39123522015852
80.11094342779083,65.9289248940403,77.04406100178527,79.27723306661389
81.1012767339161,67.64459847890538,77.52508425081237,78.30757575816135
83.69941905357972,66.37112595258002,77.23689941816207,78.40047090747362
84.10880415969044,66.29478677556357,76.41812920594064,78.55314926150652
83.88343296923917,66.7225484341365,76.86887158684317,77.69762594436065
84.20249507275122,66.58729343093403,76.23074737981906,77.9681359507656
84.4968365269388,65.21791700347927,75.64206447144392,78.27859846906664
84.32690661372983,65.46607734928453,75.98192429786184,77.78227777745613
84.14055382500815,65.73227221725591,76.35462987530519,77.24988804151339
83.99121582145449,66.04478701211895,76.65330588241252,76.6248584517873
84.9821123593016,66.43281078972744,77.08534215591898,75.84881089657031
87.26432760001157,66.57057864218068,77.33769603099421,75.57327519166384
89.86981527400972,66.35108812068896,76.94273410889306,76.01225623464728
92.38575072363341,64.69668684163405,76.72832093530685,76.91232992992653
95.84667972319795,64.89574613589012,77.06507506142556,76.51421134141438
99.6429728126696,64.85261813601144,76.72819153226544,76.60046734117174
100.73982624720826,65.26007550463709,76.9491090029363,75.78555260392044
106.745710537502,65.43709895613925,76.96360448405298,75.43150570091612
107.99200259162046,65.64017190509814,76.87091304999366,75.02535980299834
110.35874702914312,65.8103840473969,76.92147047014785,74.68493551840083
111.94613889042043,64.33113608616402,76.13412425457443,75.25599393388535
113.30487245994095,63.98300155656647,75.8007434382672,75.95226299308045
114.49676777976548,63.83072153155938,75.80676362571327,76.25682304309464
115.71314805139787,63.42407260718593,75.76870261260264,77.07012089184154
116.8840022831088,63.51523481276332,75.83388294139598,76.88779648068676
121.4337795007576,65.08728751475067,76.35453450946228,76.14874257755304
121.54477459070665,63.771176895967365,76.13254432956417,76.37933795095616
129.8324523823331,64.84914537153038,76.36951672306546,76.62516213936644
131.0720741361206,63.308392852878576,76.29963739606217,77.29730299609837
132.4404308093964,62.92086514987972,75.9817607482011,78.07235840209609
138.56786299421051,62.82562272712035,75.8568627401459,78.26284324761482
138.85879491423162,62.60838892626359,75.2749989001037,78.69731084932833
137.56726589676026,62.611333720238875,75.43344589449804,78.69142126137777
136.3572678840387,62.636940179119904,75.42641423004703,78.64020834361571
134.7586037144024,64.31574538789188,76.19762851466585,77.70871198072555
127.49360808753393,64.58032816926949,76.18546361385441,77.17954641797033
123.5682347029775,65.12433963324906,76.79065740984433,76.09152349001117
117.53263321868468,63.89665733519084,76.82392484655695,76.13930097975305
111.42984394370113,65.45942061929976,76.98518506574501,75.422638077691
105.1985413274171,64.55014703646492,77.44733197966121,74.84109357963032
100.43254721420195,63.27765068022275,77.38669972629668,74.98793117216596
93.26903785628119,63.221687770980296,77.31656154666443,75.09985699065086
89.53841577694885,64.75979964904623,77.57722041772719,74.42382833038633
84.97804753270164,63.37564457613522,77.12360282431311,74.79854995573122
83.58802396914177,63.67106582522926,77.51124515112639,74.20770745754314
81.09282310287661,63.94358203946045,77.72338039819496,73.66267502908076
78.46016582679682,65.52440632941509,78.2210590600055,72.884844394346
78.61934597114731,66.64205215511306,77.90269877130453,73.0288022856918
79.05389111054389,67.53463280352602,77.03360849251138,73.62020518138635
78.32722298500985,67.39527133936676,76.11459598663487,73.89892810970488
79.87436981349651,68.69209545051059,75.38265561190713,73.66763316966279
78.28677739881863,68.36998860770896,73.86342084886996,74.31184685526605
78.82819761759475,68.37324903674485,72.7805804113177,74.30532599719429
79.40256617233368,68.32245910449592,71.63184330183988,74.40690586169212
78.67739019649707,67.6743441327769,70.78247623829932,73.40341678991643
77.84830153290945,68.43912037008823,70.1701033665218,71.87386431529376
77.13490433039819,68.9051765986292,69.36002512324669,70.94175185821183
75.39460572116833,67.14429258739146,68.42173894122212,70.04463648020302
78.20541611916344,68.43625219138963,67.16118894054497,69.64125266986322
77.88888449178653,68.28885534424478,65.63997154296192,69.93604636415293
79.83815228537904,68.3230353124016,63.87622336233734,69.86768642783929
80.63512315515348,67.81020332850636,62.282281622788474,70.89335039562977
80.91270804559932,68.36857048467715,61.727111841896814,69.7766160832882
81.19651897781357,67.95537201616457,61.15948997746829,68.53305831962186
80.5437634143014,67.51744723678593,60.423424169075446,67.36733094296197
79.84745203615657,67.20788190472481,59.804336979414614,65.97475166113368
84.56228627019036,73.21686688936467,58.2953768429653,65.83784418928138
85.07140870763854,71.71158979079772,57.27713196806894,64.94049533887785
84.4532600497052,70.32754727987967,56.5896883636767,63.86109852019612
84.62174599134715,69.91117744840005,56.25271648039279,62.79783969434176
84.86793480376572,71.62380327306545,55.76033885555565,61.24669148145888
85.1983612650123,70.95593328677731,55.0994859330625,60.74030752237964
85.61869889252644,69.99504764578401,54.25881067803422,60.83837087724446
86.53506434607743,71.19030207745544,54.23789326173495,60.25967550470433
88.07816117739966,70.71703310110172,54.75667515482911,59.40372567954246
88.11805402912185,70.58047285270723,54.67688945138474,59.67684617633141
87.99503447559377,69.75930388583117,54.922928558440915,59.51876827780366
89.60679290599579,70.70160646112056,55.303147889506874,59.436031223159894
90.46191773946413,73.2141755797117,55.3995213626471,59.83076240620831
90.44235575789277,73.10858479738174,55.438645325789814,60.041943970868225
90.4241555903304,73.7791865969889,55.47504566091456,60.51897107834967
91.2117334838832,72.79382374252224,55.72613549610365,60.663451164988324
91.695913676245,74.8516840772973,56.5902696504601,60.21271957359832
91.51968736580943,73.10522195882915,56.94272227133122,60.027251831027456
92.43793701319679,73.98754356202461,56.94810968799819,60.1044953360782
92.4328111316302,75.70027041439056,56.95836145113136,60.36540274437449
92.28225009426244,77.4086378835202,57.2594835258669,60.64351492837895
92.39315112460505,74.28947782113721,57.03768146518168,61.31218827312222
92.26717055614381,76.15847181096515,57.28964260210414,61.30114738253403
92.47038222146153,76.61374199743224,56.883219271468704,62.257911370284106
90.3884494455946,77.43744638405644,57.29556296771723,62.48626352477835
89.37286769638303,72.75774749785235,57.44084133135665,62.41623562326774
88.28142162182564,72.87518227307822,57.736627064135135,62.18136607281599
87.47763572760537,72.70749620181846,57.456050845705676,62.516738215335536
87.49910948559344,71.67823276626771,57.413103329729566,62.686350088341996
87.54472480018103,73.60514554989425,57.32187270055435,62.614272809419035
87.50009849498585,73.64246061682489,57.41112531094472,62.53964267555774
86.48533680855296,72.94727660734324,57.552091896168655,62.0414539068792
86.33581731165904,72.38486701043061,57.851130889956494,61.28324194386309
86.26309697953869,73.60880736634908,57.996571554197196,60.71129844216323
86.24099262538084,73.98566509834676,58.04078026251288,59.95758297816789
86.41900421435005,74.02298819580558,57.684757084574485,59.88293678325025
86.76393107444846,74.15859369618501,56.994903364377635,59.61172578249139
86.82300262129944,74.40847861563083,56.8767602706757,59.11195594359977
87.2027768321796,75.15855573942966,56.11721184891538,59.43831085879629
87.33513705083408,75.39112708363419,55.85249141160644,58.97316817038723
87.70333307025548,77.95091178195881,55.11609937276361,59.277932201785035
87.897179997991,79.03802552986618,54.728405517292586,58.90488743454437
87.23417332307741,76.59081433670883,54.26522038661987,58.43171437935947
87.37443994953324,76.90570278578375,53.98468713370825,57.801937481209634
87.46723948179117,77.37277084468029,53.79908806919238,56.86780136341656
87.50812708567177,77.63704505789607,53.717312861431175,56.33925293698499
88.64972598528276,77.72190684626383,53.167166361823,56.169529360249456
89.08781811622109,77.6160787282976,52.29098209994636,56.38118559618195
89.43014344824857,78.4038674031273,51.60633143589136,56.516677893845895
89.96729789416676,78.17635273303486,50.53202254405501,56.971707234030745
90.28434792542694,79.05436535365217,49.89792248153465,56.90789459497482
90.69944323604528,78.10299432044367,49.067731860297954,57.12956121237358
91.63737104200965,78.36500799912253,48.86306939935948,56.60553385501587
91.8758883154903,78.47352160771081,48.386034852398176,56.38850663783931
92.11993098307623,78.46177300694211,47.89794951722632,56.4120038393767
92.25823668990418,77.81035879477324,47.62133810357044,56.073524394405126
92.3208395121406,79.5567838198935,47.496132459097595,55.843940779173295
92.42871577601706,79.71784078502571,47.280379931344676,55.52182684890887
92.66768142061197,79.84222440751194,46.80244864215484,55.2730596039364
93.53035207737959,83.93376244091544,46.683211344178126,55.12050361492199
93.64361382058424,79.35960751863078,46.45668785776883,54.65782740064577
93.12825845115432,79.3941599472864,45.89635396096547,54.58872254333454
93.15662404357386,82.63828072400123,45.83962277612641,54.42432614532524
92.61808771284811,81.05109297977901,45.33918318744038,54.44367713349463
91.89870745609888,82.02279389474631,45.20819620499478,54.07002279950413
91.3519923465125,81.0847535093239,44.739747824726514,54.38422497090795
90.10749535384373,79.52634915185348,44.11042351621265,54.382715391997394
90.22764495612546,76.70157665509974,43.870124311649185,53.83640968883878
92.94125503951582,85.11092288817707,44.5896366381176,52.38454845580691
88.1676388807325,73.30712240053802,43.45543856938405,53.10337003187034
89.37473669449685,73.81551613746495,42.55995527982706,53.605294895988145
89.71425147198954,75.20147567575883,41.88092572484166,53.85720380772298
90.76783080274319,77.96610384019758,41.278502114592335,54.346887683877384
90.85174553782198,75.16741269084346,41.11067264443476,53.9347024772744
91.08715251808101,72.8349938732683,40.63985868391669,54.119437310461194
91.1731257336525,76.14071068870446,40.46791225277372,53.461975781275555
91.30888806125317,74.14595932261673,40.196387597572375,53.02447431506734
91.49034402369571,75.54295417274959,39.8334756726873,53.15961663470242
91.77979048247134,71.05819850896627,39.25458275513603,53.364963252951604
92.00782485418586,71.67546472798495,38.798514011706985,53.58476852305969
92.66825106373278,80.51495197150162,38.92785031181215,53.30805866641443
92.76600454069077,85.52372951127703,38.73234335789617,53.42730118371345
92.4605874292442,80.11686294093465,39.34317758078932,52.66732891089673
91.70466482868764,80.23284910194204,40.85502278190245,50.99017542717102
91.1752710660409,78.62276181644327,41.913810307195924,49.87781664060053
91.62278946808135,76.77840488209208,42.46295011473879,49.2340006744316
93.29823999654599,76.53540294807759,43.441234789275185,48.27694263197202
93.7941092039579,79.0428473224566,43.89337515275675,47.59369021813018
95.03147053320734,81.19949120323295,44.299545579048235,47.601742083763
96.15214966580203,77.33112659371108,44.95224887772362,46.65628661121245
96.71123437272168,79.7831469450056,45.27667116843372,46.080021022271524
97.4737070057476,78.89462779580025,45.19040006220968,46.41838516085443
98.26788998246441,76.67361893493577,45.04465974041088,46.53252598767893
98.05325203325724,79.64443076599167,45.47393563882522,46.359353600155345
98.94421882861951,75.22505457172687,45.138178774546645,46.521045630009084
101.33578129508328,74.94522450011998,44.68528768944371,47.08070577322285
100.82428050740782,72.8675600397591,44.263278603130374,46.90100270895177
100.99570086363494,76.01333090149834,43.920437890676126,47.78699963965918
105.37098348692103,79.15571784713045,43.83321666522753,48.721679099331254
104.72939993496375,73.84313980897858,43.65933469893442,49.147491684181446
109.11627023404056,77.7462558954854,43.65090901937961,50.10657442976653
109.18763303743373,73.85730884365753,43.50818341259327,50.50636586234131
109.28838215315429,76.32046128007826,43.30668518115216,51.49813412628221
111.45425123983706,75.8624968636304,43.44973316358144,52.414062959177926
111.21714607421868,76.20895970471378,43.923943494818204,53.229152328074235
114.01587805871918,77.40556143497088,44.43933789657381,53.89237805293835
113.643712595295,78.75126545663672,45.18366882342219,54.29445206351167
113.1961489044505,79.22940372061834,46.07879620511119,54.90311669859348
117.53849270322544,79.17163789346189,46.926594673009845,55.018648352906354
116.17668298499947,79.99145766435876,48.04604211654559,54.98318080402878
115.85772519768042,80.36720676354581,48.68395769118372,55.85327032454936
119.04394502617728,79.06680676154058,48.892667623077045,56.808782931338044
118.46910473683997,80.51959379008323,50.042348201751665,57.2300535537161
119.8357392550871,81.82043378331208,52.37422171716118,56.31675441789297
117.72272691703472,83.72925702153577,54.888859010634235,55.921882706708985
109.09025935831221,84.76519899691922,58.19353738144825,55.59503084927094
104.62641269776469,85.94282513952407,61.74574327903974,55.031607705229085
106.8814589634719,86.47911253824306,64.58866411461705,55.79728624953904
106.75044989249656,86.65926055845675,66.74525978464425,57.33156773718818
106.62288599955637,85.78104868157585,68.95294691600353,59.08799149094997
105.55552855382155,83.84054725524639,71.08766180747317,60.95409832708458
104.3448309940936,83.12510734880414,73.50905692692909,62.38497813996909
105.51694982532426,83.56744542132347,75.44135981054822,63.638572267970666
104.38850651776899,82.83135374274997,77.69824642565877,65.11075562511766
104.20629978858126,83.33041800840726,80.3094354525376,66.35940266230644
102.84492671044383,83.08813771831896,83.03218160881246,66.84396324248303
102.41675076632171,83.27117938851167,86.24534330455606,66.47787990209761
101.69077131661693,82.38614580078317,87.69730220396562,68.24794707755461
101.06676133519281,80.28412902805977,88.94532216681385,70.00092958979045
101.93041191099184,79.47995387262415,89.71666289046904,71.60927990066168
101.748059439012,78.7015530384011,90.08136783442872,73.16608156910777
101.55145213201678,78.4022825531792,90.47458244841914,73.76462253955157
102.6622617403895,78.33641464862282,90.83605858695844,73.89635834866434
103.91712551747739,78.45765892090498,90.91711104461848,73.65386980410004
105.1115988857022,78.40479878128248,91.11626610418854,73.75959008334502
106.31391412855689,79.85950036086089,91.30450653271502,73.44305783842411
107.56179952380043,80.19519634850401,91.39937078999844,72.77166586313786
108.75042343975151,80.44074208226043,91.603329637038,72.28057439562502
109.8657921737267,82.16516339442742,91.94895239963795,71.40809200184141
111.37459048545085,82.5760093557441,91.49881826940513,70.58640007920805
113.61341284945934,82.63250526810114,89.56837982077388,70.47340825449395
115.47471988392668,82.77580316771892,88.36162009610129,70.1868124552584
117.20985944804902,84.67663249328083,89.87678318185485,68.8778749111337
118.47069837242232,86.56631820807553,89.84970501491435,67.59310316335043
119.1009808092904,88.56213671984165,91.06235325925472,66.07467925789476
118.08844992311931,90.81199625965218,90.62065034396872,64.0417248659019
118.41259735389671,92.70770571664443,89.97235548241392,62.67692586805874
119.04005534862233,94.51259908359734,88.7174394929627,61.4614378046861
119.50179627738562,94.95053773679786,87.7939576354361,60.58556049828505
120.09260676096945,96.57667811141849,86.61233666826845,59.660123063441915
120.31481641872371,98.41192439051495,86.16791735275993,58.283336943198115
120.0960595292537,101.36854085612877,86.60543113169996,56.89850816852689
120.10257668009379,104.52949452409703,86.59239683001978,55.07213346556186
120.58229697903238,106.19994854570655,85.63295623214259,53.94831433902765
120.64812320682009,109.40361993656322,85.50130377656717,51.90882394743319
121.48749166366952,116.36041457408339,83.82256686286833,50.88150794743019
123.30915340586176,120.96647689224542,82.28465032349168,50.09101109113749
125.04188748036272,120.30927512904978,80.88836853151494,49.33622826050361
125.22902668048087,118.8228974866973,80.51409013127865,48.23763022195189
125.43038060101456,112.5882674550235,80.11138229021125,48.637318376497205
125.55635702663987,111.18720721616782,79.85942943896063,49.42710329853442
125.58586763321932,108.11496433153134,79.80040822580172,49.50601474584485
126.18904858175412,106.43776610750291,78.59404632873215,50.8381092590597
125.62888162998783,102.79834056177253,77.68782915558249,52.03730712047387
125.69469892304463,101.38667411530659,75.5232875540064,54.86064001340577
125.44914265795418,98.27858726361265,76.01440008418727,54.93631129897702
124.57704245295571,98.52953204287287,77.75860049418425,54.43442174045658
127.35521790740484,98.5968156332892,78.42323864367063,54.29985455962392
126.75407306884884,97.29662120185361,79.6255283207826,54.818764967495014
125.91815515291485,95.97555511828776,81.2973641526506,55.35269361717528
124.3739641500847,95.63977857514337,82.2434953638393,56.024246703464044
122.93729512338362,96.42700056640165,82.94919789751664,56.61743824067236
122.90479196505703,95.79486688662483,83.0142042141698,57.88170560022599
122.90294086286643,96.65007497563647,83.01790641855101,58.38128013932159
122.86254463447989,96.82494891289109,83.0986988753241,58.03153226481237
122.57082762384518,96.91569816318199,83.68213289659352,57.85003376423059
122.35453948027887,97.01596169242335,84.11470918372612,57.64950670574786
122.45604079301984,96.72255652194586,83.91170655824419,58.23631704670282
122.49431711812456,96.73811014670264,83.83515390803475,58.20520979718927
123.38383696855273,97.00083776922378,84.28384798749258,57.67975455214699
122.87383592879542,97.46873015111117,85.3038500670072,56.74396978837218
122.55502999440641,97.63654816822752,85.94146193578521,56.4083337541395
122.62906525828643,97.70067437110987,85.79339140802516,56.280081348374814
122.67525209852673,99.01918457050702,85.7010177275446,55.868337084461196
120.82606440046769,99.141245617086,84.96533524684916,55.62421499130324
121.01857048774056,100.06932484159618,84.58032307230343,55.96997806216936
119.82408494544237,100.50391326179627,84.76739781613678,55.100801221769174
118.88017570688007,101.7438127646603,84.46498913326268,54.81122937603982
118.1130027187286,101.78103487338626,83.8184727517357,54.73678515858792
118.29127627204997,102.93354966420932,83.46192564509293,54.601679080085034
118.64114381828549,102.86471874346351,82.76219055262193,54.739340921576655
118.60980277589474,103.22113862022181,82.82487263740342,54.026501168060065
118.63426590506823,103.29961757999033,82.77594637905642,53.869543248523016
119.68169415287458,103.05388301394541,82.82091620072552,54.361012380612856
120.65762458612552,100.57218513966825,83.0177465529043,55.027025691805925
120.56486365283453,100.47407274450646,83.20326841948629,55.2232504821295
120.45690395305692,100.50726784431667,83.4191878190415,55.156860282509086
120.54586949019767,100.3617497442348,83.24125674476001,55.447896482672846
120.70476109832106,100.4675890560079,82.92347352851323,55.23621785912664
121.41102063650382,100.26272977459229,81.5109544521477,55.64593642195784
121.99872839625974,100.33963787940482,80.33553893263588,55.49212021233281
123.51940131779202,100.63159916726568,79.42424775961115,54.908197636611064
124.7695173511011,100.62257058718279,79.03066128716065,54.92625479677684
124.79039920045366,100.90066970823723,78.98889758845554,54.37005655466797
125.25455193897997,100.78121014253739,78.0605921114029,54.608975686067645
125.62188681610063,100.68262529514581,77.3259223571616,54.806145380850815
125.71761632223291,100.72611796887381,77.13446334489703,54.719160033394814
125.88267581264867,100.8683483147907,76.8043443640655,54.434699341561036
126.04124248003272,100.80865458523479,76.48721102929741,54.55408680067284
126.31767065082877,101.10093688330389,75.9343546877053,53.96952220453467
126.6983465587767,101.868539827305,75.17300287180944,54.47272266560846
128.38765668068862,101.7445177730429,73.82953095025843,54.72076677413264
132.25799785066584,102.24305066391224,72.14529328957066,55.74251588548282
132.97032499860208,101.79369016999877,70.72063899369817,56.64123687330976
134.31274818385793,100.92426789493214,70.03842527780515,56.377448768824365
134.66059959303203,100.52664685601064,69.3427224594569,57.17269084666736
133.94746713069645,100.67565443469675,68.77892450256098,56.87467568929516
132.17902654969845,101.24120968568938,70.3392301211372,55.74356518730988
131.33481496934706,100.95528975439804,70.04542628647879,56.315405049892576
130.1165185279395,100.81006944733706,70.49502373272182,56.60584566401453
129.0406534547849,100.58938867300007,72.64675387903102,55.04860867807466
126.86930820522788,99.71288530445335,74.9832736051167,54.79544464213983
125.73987159451315,97.52880951769072,77.24214682654616,55.08845980260945
123.59188942090128,97.33614614665956,79.46147820523778,55.47378654467177
121.93690731661587,95.73911544844165,80.65488862362015,56.55129415091912
119.23063134145283,95.36093817210003,81.7626890700257,57.30764870360235
117.61561086899843,95.2789331916632,82.81112760495216,57.47165866447603
117.5366458514842,95.01395707726444,82.96905763998062,58.00161089327356
115.95192563496381,94.94860545522708,83.92720941776113,58.13231413734827
115.67249542613747,95.99700962445631,84.48606983541382,58.26342451786445
115.21884420866505,97.49433870721882,85.39337227035867,57.50728747984858
114.78143693545067,98.84568665108944,86.26818681678743,57.04425790283555
114.34966297008793,100.19720974055446,87.13173474751288,56.586339117426284
113.22891026417416,101.25220276327894,87.12277926555461,56.72681396576314
111.58837788539122,101.5748231013223,88.15117485200555,56.08157328967644
111.28708040505568,101.80185250005631,88.75376981267667,55.62751449220841
111.10551140722615,102.01087910204785,89.11690780833572,55.20946128822534
111.21753297345276,101.9354370183197,88.8928646758825,55.36034545568161
112.3015732026251,103.05534556088843,88.98109197856967,55.37683613157603
113.14438051772034,104.24517104653738,89.55337933314425,55.255087145043184
112.98614005539073,104.37561660416503,89.86986025780344,54.99419602978789
113.76219404734962,105.93028773734886,90.58248767305194,54.14958916258648
113.47554839463214,107.24246773693616,91.15577897848692,53.786349000055786
114.43166372495847,108.53797813106142,91.50705610782256,53.45883600179357
114.21424337626983,108.7311459167714,91.94189680519983,53.07250043037364
113.99730084724956,108.84697172267722,92.37578186324039,52.84084881856197
113.94581868492978,108.95350523866244,92.47874618787995,52.62778178659151
114.16386310399623,108.99060113708705,92.04265734974703,52.55358998974229
114.39047008800944,108.88364274541016,91.58944338172063,52.767506773096095
114.63059237128158,108.71552903480834,91.10919881517636,53.103734194299726
114.96974252850616,108.66163643725622,90.43089850072718,53.211519389403975
114.75018859327541,108.77566647314762,90.87000637118868,52.98345931762117
113.78461478014687,108.87171296307153,90.55547300119954,52.79136633777335
113.81852404200313,109.03436834961023,90.48765447748701,52.46605556469595
113.94129439114056,108.1840392709405,90.24211377921216,51.93546980189256
114.18650129693944,108.14393597897289,89.75169996761439,52.01567638582779
114.53651482226367,108.11470317837905,89.05167291696594,52.074141987015494
114.77572515457342,108.06365801101384,88.57325225234644,52.17623232174589
114.73043305389749,107.0554543551684,88.66383645369831,51.994718090441836
114.92113351434014,106.81560693470331,88.28243553281301,52.474412931372015
115.1699116070298,106.77964256004074,87.78487934743367,52.546341680697125
114.37016854883201,106.67692042271086,87.19191294939938,52.751785955356894
114.58570821201606,106.7150299272497,86.76083362303129,52.67556694627923
115.01245018144346,107.73299127803621,85.90734968417648,52.81902947813544
114.93715649508327,107.85526973071747,86.05793705689686,52.57447257277292
116.16038002613237,107.89991520022774,85.77869947362325,52.485181633752376
116.57252225427197,108.11925943029843,84.95441501734405,52.046493173611005
116.9234605060031,107.39156051528039,84.25253851388179,51.3600130549688
117.03134085422899,106.68734673086837,84.03677781743002,50.64857280602199
116.35041580608849,106.12243635253398,83.29395487221697,49.67372052119674
116.71941397898907,106.31150753927116,82.55595852641582,49.29557814772238
116.55322105509006,105.82446475887255,82.88834437421383,48.209843793789105
116.54607002210452,106.19422605393251,82.90264644018492,47.47032120366918
116.44312842972626,105.46146752026998,83.10852962494144,46.9017650552652
116.20999493220344,104.933362652392,83.57479661998705,45.93051470490002
115.95207704339172,105.41526222570053,84.0906323976105,44.96671555828297
116.73323432412865,104.73308640601682,84.53723396799697,44.32215106579005
114.28227954522441,105.46700453480265,85.43029623429048,42.85431480821838
114.67639077448241,105.38449645390807,86.63429392740213,41.02711081837994
113.73312566876045,106.05341241449345,86.54274158669008,39.68927889720919
112.35535912202883,84.4642761625731,87.34490220612093,39.89335697233754
113.24850929100636,84.04791621485482,85.55860186816588,40.72607686777412
108.37754370360125,82.10513009026138,85.5147655550345,40.697342121784374
112.22647252030106,82.12024364653577,85.64096252400924,40.667115009235594
109.40985595900946,82.03040789368,85.40221486314283,40.846786514947134
110.40280001361498,81.95166378927487,85.37330173638236,41.00427472375739
109.13167187313651,80.76176214932994,85.95626370626954,41.42478369257754
111.5651958580006,80.73974643202556,87.01456849615859,41.4688151271863
110.61345471917573,80.57238712327793,86.92672629810352,41.80353374468156
109.13141943246201,80.55718460324958,87.89492698234042,41.83393878473826
110.64556065860262,80.38402180494575,88.88769089795493,42.180264381345935
110.75203304867792,80.15535886831323,88.67474611780435,42.63759025461096
109.6784438796783,79.80782472271537,88.78603378374089,43.33265854580668
109.95545987896665,80.44485937601497,88.2320017851642,44.10818489245326
110.29120228721325,78.37783297713521,89.61545087332296,44.13236988090876
108.34394784838312,79.13108542823907,89.35877125346126,44.70145922746201
106.43068997907682,79.75196753599155,89.02189623780173,45.54139038909312
108.17392928159961,78.79167069912305,89.71795243616504,45.37071666112571
105.77047232943042,78.78615906253629,90.32781306644769,45.381739934299205
109.4374057459192,78.70065034191121,91.42455346604982,45.55275737554937
108.08725711809913,78.48642028424905,91.99818251638233,45.98121749087369
103.65532754023889,78.26123300305002,92.29211987919666,46.43159205327175
105.49547249010723,78.18334633884163,92.92097845876907,46.58736538168854
108.39754009600904,78.21222785933075,93.61627723145386,46.529602340710284
105.97433940339603,79.27185751368427,94.11136570443685,46.585999488124784
104.47875045241251,79.18828622755963,94.91866672397285,46.75314206037405
106.63740598762483,79.99977971694348,94.99851760838496,47.32873605902472
106.26949680643669,81.08714263932663,95.73433597076124,47.363731498734424
108.93999891808093,101.92316073479529,94.83551932914507,45.671383542848204
108.22998370242598,102.6818742931438,94.07696958239599,44.15395642615117
109.06431680219352,102.77316806877377,92.40830338286091,43.97136887489124
110.809782747468,102.81869592353146,91.0309474632575,43.88031316537587
111.59330154731846,102.60938452943678,89.46390986355661,44.29893595356524
111.12309763672222,102.43887214656482,88.32805274203346,44.639960719309165
112.94537504296598,102.97930705562092,86.74903283285326,45.62462580450425
114.3446105845623,102.57747604775943,86.00988295844581,46.42828782022724
115.97413534031084,103.05019882197814,84.81305566373194,47.545064488573026
116.86552805340153,103.5212724351635,83.03027023755054,48.66653718102711
116.59455637152347,104.19368078068851,81.51597457632519,49.377959514958604
116.78344107815323,104.72650671025082,81.13820516306565,50.35803750035926
116.36386616903354,106.07432109469426,79.92077981047858,51.775559073125365
116.29622904927561,106.73170018358361,80.05605404999442,52.52288444310622
116.1880944671378,106.3030613070608,80.27232321427006,53.38016219615183
115.86803316202091,105.91159803824098,80.91244582450383,54.1630887337915
115.39110895363318,105.87647027911956,81.86629424127929,54.233344252034314
114.83474443599721,105.1202370512683,82.97902327655125,53.61358210513633
115.19005834467234,105.2821613590556,84.40699654925886,53.28973348956173
114.83921680297527,105.38893169217376,85.10867963265297,53.07619282332545
114.52064035477815,105.27934244591668,85.74583252904722,53.2953713158396
114.27573522560013,104.10283012772669,86.23564278740325,53.47373031667378
114.01293733301583,103.992659705252,86.76123857257186,53.69407116162316
113.64639505078117,104.06327785208934,87.49432313704119,53.552834867948455
113.4112550732595,103.93818634313483,87.96460309208453,53.803017885857486
114.34121205286542,103.86431327914043,88.32098636804487,53.95076401384628
114.22079887791807,103.90609177525448,88.56181271793956,53.8672070216182
114.03803630574853,103.78931664781938,88.92733786227866,54.100757276488395
113.79505044616752,102.62009025020127,89.41330958144069,54.2035545303406
113.57061873329386,101.49312895455833,89.86217300718799,54.21285102381944
113.4160591096987,100.40387362136117,90.17129225437834,54.13989464566163
113.39358839830122,100.15989458045848,90.21623367717328,54.627852727467
114.70800875131982,99.92796906259005,89.85112394777339,55.091703763203874
115.69776687705084,99.87121294852035,90.13770340874414,55.205215991343266
116.60404577624936,99.88162310554343,90.59742309670328,55.18439567729711
116.61853401482409,99.69878860788785,90.5684466195538,55.55006467260828
116.60407173142676,98.31280557694889,90.59737118634848,56.03753205071678
116.64758633338923,96.94160295590895,90.51034198242354,56.48681629181959
116.42315786727775,96.7655947062116,90.95919891464649,56.83883279121429
116.35039580111217,96.49339691970913,91.10472304697764,57.383228364219235
116.56800126224593,94.99495861605413,90.66951212471012,58.05683599233703
116.65048773630424,93.72774568537713,90.50453917659351,58.2632345621259
116.83198325956172,93.328452015307,90.14154813007856,59.06182190226619
116.88179983123874,93.1006031644981,90.04191498672452,59.51751960388397
116.97303109518121,91.487145476786,89.85945245883957,60.40146394905498
117.34949349957293,91.20340994881269,89.10652765005614,60.96893500500158
117.64456710027218,90.94658941946146,88.51638044865761,61.48257606370405
117.87926874390938,90.5284130846155,88.04697716138324,62.31892873339599
116.85601188731228,90.22104707656472,87.73420540615112,62.933660749497534
116.87215291099814,90.13356088298559,87.7019233587794,63.1086331366558
117.14363151421276,89.96615521093284,87.15896615235015,63.44344448076127
117.01249574933415,90.02595649925246,87.42123768210737,63.323841904122034
118.3496898989979,89.85667523492786,87.11319262880802,63.66240443277123
118.28899954524658,89.6991702773537,87.23457333631063,63.97741434791956
118.09125234658555,89.64455120552213,87.6300677336327,64.08665249158271
118.01857130558244,89.42459639479259,87.77542981563893,64.52656211304178
117.89343101079332,89.57541977732208,88.02571040521715,64.2249153479828
117.99159359671054,89.3568113012063,87.82938523338271,64.66213230021437
117.87867401254276,89.20523140120072,88.05522440171828,64.96529210022553
118.16789113979381,89.99804648855024,87.47679014721618,65.78256550665746
117.83608250732485,90.10517444522326,88.14040741215409,65.56830959331143
117.63095590998174,90.08727126330645,88.55066060684032,65.60411595714504
116.31533866890095,90.15793915635088,88.76099393589415,65.46278017105618
114.91311600110984,90.27443317489396,89.14365668614732,65.22979213397002
115.04796924115328,90.07238759333265,88.87395020606044,65.63388329709262
115.01550527262788,89.9578344664626,88.93887814311124,65.86298955083274
113.7080132911703,90.90801006171333,89.12281822478505,66.39368224157262
113.7482244456867,91.14379512881516,89.04239591575227,65.92211210736893
113.76033459835227,91.21762271553038,89.01817561042111,65.77445693393848
113.4725459216375,91.58606729467826,89.59375296385063,65.03756777564274
113.46449283679588,91.32660242984721,89.60985913353389,65.55649750530485
113.64937370040545,91.05127988514329,89.24009740631477,66.10714259471268
113.65880878941891,90.92153673383618,89.22122722828784,66.3666288973269
113.47851859202407,91.07514726646136,89.58180762307752,66.05940783207656
113.3515103064721,91.24935114339488,89.83582419418147,65.7110000782095
113.31672180690099,91.1949363738508,89.90540119332368,65.81982961729769
113.12399005827864,91.44258283392656,90.29086469056838,65.32453669714613
113.10784176285279,91.1352278425075,90.32316128142007,65.93924667998425
113.08029136361958,91.07600486181491,90.3782620798865,66.05769264136943
113.02465780387337,91.02846085983455,90.48952919937891,66.15278064533015
113.08597461857906,91.1315094446297,90.36689556996754,65.94668347573985
113.02690705032502,90.95818578530348,90.48503070647561,66.29333079439229
111.866718801145,90.87615891564948,90.34381583116068,66.4573845337003
111.87800942567563,91.17451746660828,90.32123458209941,65.86066743178272
112.08609180030052,91.00880515142786,89.90506983284962,66.19209206214353
111.04169196467286,90.97884721690528,89.54274783709312,66.2520079311887
110.97725423358527,91.35735303355423,89.6716232992683,65.49499629789081
