405.5,256.5,122,148
404.25930991027815,253.988690592404,123.48138017944369,147.77558172156444
403.47853814345933,253.94953717930434,125.04292371308138,147.85388854776372
405.17455817796,249.4554827881292,125.94471619577658,148.25433222672078
406.91387357331513,244.90322649369102,126.78060599915705,148.72980362741552
410.8985063617994,240.1956110272191,127.48194651405684,149.4744284684911
412.59494496347173,237.4879227770914,128.4471479280622,150.53172635139637
414.29493574270816,230.6697248187878,129.43709165578755,150.9983464094092
413.664473265751,225.65337506135768,130.69801660970194,152.2049626314547
411.03348717312963,221.4666767804846,131.5080434512658,151.67446850584338
399.5373350181901,216.4668530039,132.21665171834894,152.7606376418941
394.77976384449414,207.278273761573,132.76196406765774,153.1981361303819
383.37165734861264,197.94475246101405,133.07601306663622,153.86344753727226
380.64951818415824,186.45699935328906,134.00452518056838,154.26012267783855
364.4270057480219,186.4419361299635,134.69196333781665,154.29024912448975
355.40374520290845,181.97382023197383,134.54534903626367,154.1299132245791
346.45069490431445,181.82408267095744,134.27764615148368,154.42938834661192
339.6472517892529,179.4457238476859,134.25313913501105,154.64230824428972
332.818238505474,179.58431429387463,134.27106252038718,154.3651273519123
330.49853989278563,179.71378284839642,134.36776249978584,154.10619024286873
321.6560409510502,179.90261595723618,133.89181036643723,153.7285240251892
319.5334058691843,180.3111667286299,133.6103203691324,152.91142248240175
317.53089497986844,180.46820719349137,133.10574887135584,152.59734155267884
313.3844553570031,180.87797101634123,132.40534246126242,151.7778139069791
305.0002775771769,181.3573642288493,131.28279828976915,150.81902748196293
298.886071565215,179.6139860480821,130.19155714681995,149.8658994545397
295.03425199040123,177.5017665304528,129.0799321933714,149.68270643826023
282.6488892852316,169.29785091761303,127.52887161821587,148.5426803402766
278.97181749975323,167.39686218959258,126.19414777734846,148.00022409040545
266.7307705525204,159.13621292665587,124.78860270108825,147.26309663579502
267.341478851753,157.33026566145065,123.56718610262317,146.59436880574899
268.0283526116917,143.3320821607966,122.1934385827458,144.83620470520202
266.5128209632316,129.30370866161047,121.0230918591669,143.48308156008116
267.1250925965364,118.07022385076212,119.79854859255741,140.97987735505677
267.8655989873086,104.49023327940857,118.3175358110129,139.4163468125071
280.3536537269909,93.30303044011914,117.67382550156125,137.458353321173
283.02896055778854,85.98471034238294,116.33802018410825,136.0357601400763
287.497550186105,78.33174034818677,115.34356632440348,135.45624933461227
297.515507449109,66.88692323748074,115.03978719731097,134.6673210773257
301.68732847459177,57.40260136657837,114.55485972195561,133.9891783801051
305.9122484831322,57.5228132705074,113.92719333743536,133.74875457224704
306.2775656987194,57.94689612343822,113.19655890626098,132.9005888663854
306.4658622540852,58.32185363305793,112.81996579552936,132.15067384714598
306.436083153195,60.840305969267334,112.8795239973098,130.96857061360512
302.69713979852577,65.15718683744277,112.6824405480686,130.0097790358339
300.97404407842913,69.33642576517929,112.30914330011623,129.29027855665214
297.4127229152078,75.16642185321581,111.82705545123429,129.0373816435661
291.9528949350256,79.21326743689394,111.37455361941468,128.52512900433254
284.5927426798301,84.80193799518119,110.9927245555223,128.67438806847053
282.8651679728059,87.21723641323786,110.67615748176311,127.61550772016477
270.2411158360047,92.86404193744906,109.67248723021845,127.57265718251962
264.58086600224823,97.02809604669069,109.79253352284073,126.71151788063023
260.9571759896305,100.53476602655195,109.59573371901654,127.1423577499674
257.1609962422132,102.57658938052535,109.73689731213798,126.78430899287717
255.31425921168426,104.81123499816366,109.70804745873986,126.03734167205653
255.23089899443403,107.10629082443991,109.87476789324037,125.15752863781998
255.1858243201082,109.37824917272225,109.96491724189202,124.31295123637986
253.27535614858027,111.33281694489592,110.09816851481563,124.09150076216471
251.61760047415493,110.9393695965261,109.7272998713323,124.87839545890435
251.82983933371582,110.66200682107404,109.30282215221052,125.43312100980846
251.74077962546465,110.59475866891536,109.48094156871286,125.56761731412584
249.72655773010723,112.49058319287109,109.81000114734854,125.47535247829356
249.61962750490986,112.3894352224653,110.02386159774329,125.67764841910513
247.76193882198427,112.10959084567575,110.02945122938883,126.23733717268422
247.75860532135425,110.07865119761438,110.0361182306489,126.58066898828369
247.69932782941817,108.0380637238034,110.15467321452105,126.93787321200423
249.698720821285,104.15638261834947,109.88728872199565,127.23843244049536
249.68352927896353,102.05853790665822,109.91767180663865,127.70235864920704
249.6744394205113,99.92176267030337,109.93585152354305,128.23648258406422
249.6103424792209,95.84355056597592,110.06404540612388,128.8969541395272
249.4492578874869,93.80638101248272,110.38621458959184,129.2110507912697
249.4259627180957,93.8576011255902,110.43280492837431,129.10861056505476
249.47255691369898,92.1095824938842,110.33961653716773,128.83520941437843
251.24882926810744,90.29418287787512,110.55078795571137,128.70229251903604
251.20103098948113,90.21793189239355,110.64638451296399,128.85479448999916
251.1478171415585,90.27506051694294,110.75281220880927,128.74053724090038
251.18129996767703,90.36608584269572,110.68584655657222,128.55848658939482
252.98414579334204,90.32749070456369,110.84515299898982,128.6356768656589
254.82158278282964,88.45061422536372,110.93902815859016,128.62068068548325
256.60195505397814,88.22311540247031,111.1483075567324,129.07567833127007
256.4496924805263,88.18848714995914,111.45283270363612,129.1449348362924
260.2621841222048,87.96352729687108,111.400608201204,129.59485454246854
264.1180782074315,87.91802449321527,111.2738185168516,129.68586014978015
267.9921456798982,87.81081628204883,111.10942383795421,129.90027657211303
279.242642946833,87.99385240719099,111.36368886271616,129.53420432182872
281.2110108634731,87.92284398174947,111.21792170445889,129.67622117271176
288.6578620677941,87.90769545888315,111.48751278285403,129.7065182184444
292.52123896348684,88.03011412778332,111.35200132618567,129.46168088064405
298.1061701451829,87.86758311042121,111.55111784749536,129.78674291536828
301.8498578378016,85.84077835912308,111.65950821004446,130.04246954407125
303.8922552842982,83.68336939402387,111.37829043501287,130.55371035630813
307.745013664142,81.47209762950855,111.28669325840133,131.16929409380074
311.48601643191466,77.45336093331305,111.43467489005046,131.5767803189972
311.2774263107539,75.33398585213922,111.851855132372,131.99186623440755
313.1272967092311,71.32804229021318,111.98889704890003,132.33018793129486
312.90049881809796,69.5330185606231,112.44249283116636,132.07602596282987
312.6171608618212,69.62656755198235,113.0091687437198,131.8889279801114
314.4276480846644,69.47203941193283,113.24199104715413,132.19798426021043
316.0625989986396,68.97454127154614,113.83440267121836,133.1929805409838
319.73975726771624,70.51999698576212,114.25450119723952,133.9892766446391
321.49460160761896,71.99742753339714,114.65107380876375,134.9406768406987
321.35733243705874,79.36260796639924,114.92561214988422,135.91963847898043
319.0394683468445,82.61571463708245,115.61448170985878,137.3071423785217
316.7323251700657,92.44540853670736,116.24941453264597,137.54452223312404
312.5866646901843,96.2158116752713,116.55426345726966,137.99018799113512
304.5109114450167,108.33491928482181,116.68569412443298,137.78208650679198
296.30686897922095,122.17193344050197,117.07808993664524,138.13551415434532
293.9896298322201,133.99243727164776,117.69687794437255,138.58864820970015
283.66075354124047,143.88626072845892,118.19143706924515,138.96419475316452
279.30410835840695,151.61772284044463,118.81194645666731,139.6868324856828
268.82143045611633,163.23357738509782,119.4396663630794,140.86028647417945
268.49369005611396,167.04553305151785,120.09514716308406,141.42785596403954
262.00349466752033,179.12318646643348,120.73040111507133,141.9628227846082
251.18991532650818,185.1204303537995,121.6899519240976,142.36889973367494
242.46645534274006,195.2519202972644,122.51599957210183,142.88201024616012
235.83011251478507,201.2181413816887,123.25942933932319,143.4788239660001
225.06814075098424,207.06608714495212,123.79545163292357,144.375685179874
222.62180237793027,212.98156231823774,124.46807104498981,145.20490683542806
213.86212405909492,221.06972808861462,125.01271391277069,146.00328906456414
211.47781766830127,222.61704000880096,125.51655963940797,147.17343227914142
209.0989352113034,228.66629277782243,125.98338108652797,147.94775714172587
206.58274525719443,229.88963229881693,126.70535302699527,149.81148606748752
206.4169901494016,232.0416105407315,127.03686324258089,149.8583230653224
206.40268755010055,231.77397591305072,127.06546844118303,150.39359232068395
217.23908104912775,231.2712818207633,127.22053816956377,151.39898050525878
217.05522949412185,231.06717787063093,127.58824127957558,151.8071884055236
219.00858990822144,232.95524929986559,128.07731389592993,152.42683899160778
227.56787037886747,232.93814312171688,128.61165480300014,152.4610513479052
236.13794501731047,232.83228508426797,129.16093138794304,152.67276742280302
242.47242813409994,234.55771091569463,129.79535456380455,153.65637889642989
255.27460888581533,238.37925807705506,130.9500995732467,154.93298674466666
259.39743643690707,240.35246084195285,131.70071166554143,155.48471481211027
270.30190891074744,242.41012272919136,132.48539696442782,155.8881170869466
274.48565937313714,246.76532202525783,133.19304604400205,156.25286849916725
289.86628645057925,249.3144166018883,134.31389043730488,155.7092648527902
291.7349862988603,248.660938652043,135.14067645197358,157.01622075248076
300.493612931808,238.69151996688788,136.0141054672036,158.56437584166565
304.9186055018921,235.9430512700664,136.43538399848782,159.42568139958232
311.7114435195209,230.87112035533107,136.81684195115676,160.25812057043538
311.60677459598895,223.42594131162167,137.02617979822068,161.12436861808894
311.3647273109484,215.9380340349603,137.51027436830176,162.02583765070983
310.98948683479983,211.16950890641994,138.26075532059895,162.1365824878698
308.4583634258217,206.25090852735303,138.5960724490436,162.51992386698032
291.8776986728634,201.52055449029658,138.58971457874378,162.50414983360287
277.95701572905386,199.12835056234832,138.00370931562867,162.5506624977104
273.1974157867351,194.4929272221211,138.06452599947556,162.36312597737418
256.7696924619953,192.2917711877519,137.82905536600106,162.03816414854776
245.1319773816295,187.6091778174338,137.51213817356677,161.9664119479176
228.77963434221695,185.45463773516533,137.23096779732117,161.56322690458722
212.52532746674189,183.21926355129784,136.82895419943782,161.33245707963172
207.7211490480198,180.9475301882142,137.0543319327237,161.18443425371987
191.41875729479813,176.49218384548436,136.80931431946954,160.70946947640883
172.83394504002933,172.12965580402835,136.5265048436992,160.0714170629939
158.9180241920365,167.45190911737103,136.35543040041122,160.09260505655058
156.65027252182395,165.06239219940835,136.22620374211488,160.2069088937545
154.39631362652716,153.86422938606287,136.06970395940058,159.28114665390638
154.80467319225266,149.40675623413176,135.25298482794958,158.90088852031027
155.1753609394737,143.1206084034863,134.51160933350755,157.58738245128959
155.5807730668654,141.17308001477235,133.70078507872415,156.8860450548906
158.3497369782291,139.1529791369491,132.73538482581282,156.353719240721
161.104451608961,137.45927283622837,131.7747398734279,155.19234753308362
168.1081204316066,135.75323054961353,131.3136124874445,154.089028686544
170.83980441932562,133.91941342176904,130.34119511129163,153.26571234294784
177.89989116943866,129.95810140292087,129.60882555257328,152.26313375297235
180.77531736914278,128.08288563843718,128.29331604928618,151.57822238581863
181.29644522423774,126.2841280323227,127.25106033909623,150.77212697169594
184.12483100167924,124.76789499428564,125.96868779896928,149.43019403301403
184.46572043676304,125.37229643701656,125.28690892880168,148.2213911475522
187.0445146461193,126.060109427847,124.43275049114314,146.84576516589132
187.4834206449245,124.43519254514473,123.55493849353269,145.82714307964113
190.26653249192285,124.75220387013331,122.2273258715801,145.19312042966396
199.18573625417895,125.57063006410644,121.21876387060433,143.55626804171771
205.58176992592715,130.6024899305367,120.9246193603804,141.82449686437212
212.00464171308187,135.43009290120983,120.48239840988629,140.43830600556947
214.5301738518341,142.30745469527602,119.53731601458492,139.00152806404614
227.07139692122342,145.104864770036,118.86642335557727,137.47530016115476
229.57632509663,147.8432795419274,117.89078442539494,136.0326880380028
236.0122751689969,150.21004781372147,117.00761179980384,135.2953940007955
238.58628737517898,150.2310891819991,115.83025284026675,135.25331126424027
241.11619816331944,148.57989550219366,114.72154433865333,134.60458554918367
241.4223209926289,146.88882953172134,114.10929868003439,134.06344427545858
241.73770310999913,139.31091327100575,113.47853444529392,133.59898627279702
241.83103300571145,132.1531343074276,113.29187465386931,132.36351268802292
240.0634607669196,128.70679266074598,112.96134610035904,131.52484991919843
238.54356490090277,115.22586576557265,112.15373712696385,131.55489877154298
238.97940713927105,104.02086524658043,111.28205265022727,130.95556138148066
239.5210836518896,92.79298243723355,110.19869962499017,130.54161297284867
239.93602995227906,79.92747260495497,109.36880702421129,129.75802813704576
240.28625613990417,72.65476784910037,108.66835464896103,129.25402506931218
240.50874910519596,59.74319943054124,108.22336871837746,128.87405257461
240.71706312535198,49.13740414625121,107.8067406780654,127.70399094784194
241.01592599982206,44.031221177807495,107.20901492912526,126.79979740107777
246.68486896702805,35.62526687733994,106.91697353627917,125.20196509940311
261.5906170892678,34.67744296224768,106.32611609204551,123.44503307955688
276.4736627369041,35.46402738310718,105.4874786434799,121.87186423783788
288.9920002036117,38.129623561267735,105.49776328812499,120.11880896409681
303.46318134786594,49.12005176854203,104.96461067947385,119.44485980944123
317.70444892770274,51.63475943847068,104.73941674582055,117.94761212283646
330.0301179949236,61.10959901896257,104.6254575547833,116.52463220714162
342.23507875348895,65.17927247866726,104.58546221226277,115.34812133762085
350.9676628836122,70.87861985351077,104.43271431209979,114.3368788039839
363.0831256343275,79.88541011146307,104.3119426183258,113.54483672211967
366.8577859071754,81.85465604760465,103.62271221235197,113.03638991969754
375.6068704524874,90.80542574397136,103.1802887068931,112.19059611212921
377.5586773350955,96.3757612798831,102.66760029590901,111.22270110300238
381.30454032538114,103.38566362905412,101.91122940741101,110.67360658880702
381.641336995001,113.65176566604876,101.2376360681714,110.22389243211484
381.78459538744664,120.66614440088493,100.95111928328006,109.51253894261274
378.58172813837524,127.6966633174898,100.72944842287374,108.70631182650128
367.3594618185672,133.11841201650356,100.09076126870167,107.75562291152583
357.62300132093634,139.97593900975917,99.92799263915985,107.1310286748837
347.8850862061307,142.12073006781114,99.84215069979564,106.10172525360899
336.59902137599477,144.2062056900901,99.71442764912521,105.17361011061425
330.3250229443482,149.21571658435735,99.35723681724798,104.83347909345753
320.69520578108575,151.06887481191913,99.32499493951212,104.3424753390441
315.9575649558304,152.70263760534687,99.17892138145297,104.28206815504524
304.88933080313143,154.68730835624274,98.8883829747131,103.51658475498742
293.91903689809806,157.68069711289186,98.51807045435983,103.90435019323776
282.9835755376219,160.94635180085672,98.0766856099037,103.74798583599619
271.9001296438462,162.5301791620928,97.99738449223052,103.75835867141325
260.8001951960757,163.88154739140407,97.95872965086392,104.2325541752061
251.38397570634268,164.85309476749836,97.68877980248652,105.47319089432469
241.94574315783206,165.96823092144825,97.37236141304663,106.44173250083517
232.28602386169388,168.68394087730118,97.4385425621764,107.42806507017816
221.11987153034212,174.66104881662454,97.19383970645134,108.3749963449192
209.89115810052735,180.89491333649153,96.9985167082595,108.8516957953689
198.63302141853075,190.04513843866656,96.83204748006713,109.99359638432075
190.35965107474982,194.00157154656785,97.10155006727422,111.84707302873102
182.08387657017846,203.2000406497267,97.21069683426438,113.1810175129964
172.06031922559055,209.01046476070383,97.39260274509957,114.8036418099359
161.87760117520693,216.76429651777056,97.72488036494606,115.99027702990305
149.8019845490642,219.47783280856603,98.33848307015552,117.28824174747665
141.2224403256396,225.42177443378193,98.53548837988598,118.97002500673992
135.81050940408733,226.26233173645124,99.09484294669241,120.71041282683396
132.1199338926953,227.2603385261562,99.56136762118648,122.17171242156904
125.0177831178462,226.62625915309457,99.81639719870702,123.43987116769233
122.95420262404194,226.31267003409636,100.43263551225076,124.06704940568878
119.20970870383417,225.92837735151622,100.86056973666797,124.83563477084903
119.13094345487791,225.66718116488613,101.01810023458049,125.35802714410917
118.98336008212661,218.242011393536,101.31326698008307,125.96907455961292
118.94517195788546,216.32619936760196,101.38964322856536,126.22671814615609
122.46484915954372,214.57394886210966,101.50863014663123,126.15204849644955
124.17067151625005,214.32667496163089,101.67693802127944,126.64659629740707
131.14309222469126,214.24465544877324,102.09316374613454,126.81063532312238
136.34694385173725,214.11595646685154,102.48403965313733,127.06803328696576
146.8001366617512,213.84489002777963,103.23649488082218,127.61016616510958
146.657445506047,213.4311016540405,103.52187719223056,128.43774291258788
151.9455197588963,212.73731515265814,103.88863438714904,129.82531591535258
157.42991053422242,211.6503448641067,103.9444455309336,131.99925649245546
160.85676331719748,212.0815907057862,104.50889277943821,134.84584121632386
162.62910569315125,215.83549168890107,104.7259973104361,138.6234070988102
162.2039959876454,216.0483683934831,105.57621672144774,142.02062169752924
163.7067748089141,216.33133004658873,106.45924781824385,145.34328713065148
162.98062155526088,216.90005754722455,107.9115543255503,148.15938867151453
162.0044095371039,217.9281433757454,109.86397836186426,150.12335837550955
161.07868396706414,217.03922124127564,111.71542950194379,151.90120264444909
160.183491794461,217.6107089309421,113.50581384715008,154.89759381360693
159.44035297954497,216.51868586802948,114.99209147698215,157.0816399394322
158.65759330715434,215.57893283667175,116.55761082176335,158.96114600214764
157.90548760925097,214.71295203574496,118.06182221757012,160.69310760400123
157.08749118647876,213.81822921651838,119.69781506311458,162.48255324245437
158.55269388141593,212.47919493346737,121.19840670712716,165.1606218085564
159.98372817533874,211.30840730260843,122.8326237881137,167.50219707027432
159.1997699676811,210.17466449167938,124.40054020342902,169.7696826921324
160.8782191005343,208.18993604324805,125.66244937825351,173.73913958899507
162.64855341967805,204.02582483470673,126.82154505287203,177.3675976931717
164.51748142843854,197.8380660998696,127.85750701863904,180.19547919626987
163.77386282799716,194.51341406400022,129.34474421952183,182.01109112876912
163.13989433450556,188.48410768189086,130.61268120650504,184.2983570575599
164.91104551347775,185.22933905003896,132.01155866724108,185.86671450258325
171.78794710381607,177.33115916647375,133.22164670928217,186.69918304699593
171.0869948170158,172.8826761150263,134.62355128288266,185.55515805204337
172.97662570825878,163.46564667986502,135.87050014265867,184.28437435331804
174.77185859525667,160.86990269942845,137.30741103827816,184.44848564457595
181.73781273330994,152.63063877729883,138.53572610650832,185.7667901444985
191.39619938124207,144.5363828771899,139.59322293942,186.6745993481344
193.5145718396247,140.3821878480415,140.48116254307618,184.73362036558845
195.80332728007235,138.21516165278854,141.01327721603872,183.95804720223646
205.69257046824504,138.4756019053705,141.66069053577039,183.43716669707254
207.70438975040983,136.00123016172085,142.74612450767353,183.2768376481391
209.85193461873305,133.5090802921851,143.57532630609404,183.13684585214364
212.22139915747573,133.69545501492541,143.972032034971,182.76409640666307
217.32099687494625,133.90893603560693,144.04558989653611,182.33713436530005
219.7840498553235,132.03360286364068,144.25051842566353,180.9567662193506
219.62787429609915,132.84616353440578,144.5628695441122,179.33164487782045
219.77909765423328,133.63388258672535,144.260422827844,177.75620677318128
219.98443367481784,132.15438766318132,143.84975078667486,175.65093188376858
222.75646767880608,130.61101200054458,143.3309548264184,173.71241116132208
222.94404261408698,131.753891552982,142.95580495585656,171.42665205644724
225.6626888115908,132.4828792058005,142.4643392922232,169.96867675081032
226.09214645205367,133.21747478433957,141.60542401129746,168.49948559373212
228.7479400525517,133.63589935876314,141.17278518312082,167.66263644488498
229.01209669311652,134.19122228277098,140.64447190199124,166.5519905968693
228.92055729696,134.62298132601816,140.82755069430428,165.68847251037494
226.19249663881803,134.93651095950042,141.46061898971624,165.0614132434104
221.27273616869076,137.40845817084545,141.65305949341789,164.9410590389968
218.87555032773008,137.39671682910372,141.62266066139412,164.96454172248025
218.87565682967525,137.25101693163128,141.62244765750376,165.25594151742513
219.0421040446092,139.6266096880022,141.28955322763585,165.3339023867563
216.75005736316618,141.91379892436962,141.0486437457119,165.58452675883143
216.7431223702709,146.6517057424959,141.06251373150246,165.75871819610796
216.5960135472977,153.52284427966202,141.35673137744885,166.50018859739723
216.18546479603,154.8021476839697,142.17782887998425,168.78567819213168
215.88950781172775,156.12582122704555,142.76974284858878,171.0309104193749
217.8618734218827,157.24140880216424,143.7617413694877,173.73646501034628
219.79573810351673,163.15553474865894,144.88841000977936,176.89140712803612
221.61950499320574,163.88417345141778,146.30200550308484,180.4952589952019
223.35182295820488,167.3344678913565,147.97673566927585,183.87340230770317
224.8273048290168,165.7731905596497,150.24410907380042,186.99595697111675
223.6591121638115,164.1408713401435,152.58049440421104,190.26059541012916
225.14091040698804,162.48593653494757,155.00781197149647,193.570465020521
226.7103626856043,160.9953259531531,157.34992478345475,196.55168618410997
225.40452779515334,159.512481863309,159.96159456435666,199.51737436379813
224.13705541164742,157.74677464947263,162.49653933136852,203.0487887914709
222.78614361339368,156.21563262232297,165.19836292787605,206.11107284577022
224.21662577480282,152.02024013234382,168.17591060438227,208.66334582640397
240.82299924959256,151.02904639959888,170.51860803271063,210.64573329189383
239.591074754033,149.80149902692668,172.98245702382977,213.10082803723827
244.52180397797514,148.30089546355953,175.26467856026807,216.10203516397257
246.48794618055962,146.70230174986347,177.48725559522856,219.29922259136467
264.62834209516836,145.29622675871093,178.64602398292038,222.11137257366977
266.73538042063973,146.8443825454533,180.73380075013048,225.31691441833786
268.7860521047851,155.10961050882693,183.01731356180943,227.94102703149935
267.90923374469065,157.15801473023066,184.77095028199827,230.30632929233718
270.19567561141736,162.67478170956116,186.72487577826553,232.32641379311758
272.47722499341444,164.8046134685465,188.7512341756368,234.65620743651232
271.7130860831338,167.42847469306682,190.279511996198,236.06651441150387
271.11203855043505,166.81078712403092,191.4816070615956,237.30188954957563
270.28468046622214,169.64014013392,193.13632323002142,238.38603405504634
262.64943430742824,173.15804921241659,194.83425381825037,238.1364967627326
258.6174204629359,173.9786382965969,196.08837490732688,236.49531859437192
254.66609254024596,174.44883026549388,197.1861229963459,235.55493465657798
254.2604918577683,174.8832124875222,197.9973243613012,234.68617021252138
254.2864210622342,175.3285206371114,197.94546595236937,233.79555391334296
254.3325918150471,175.54237683681447,197.8531244467436,233.3678415139368
254.38244972474246,172.34190362551533,197.75340862735288,232.9836667802235
254.74371009078354,169.26117263389887,197.03088789527072,232.36754236118819
258.55693061592166,162.83787348863092,196.1609000672818,231.7012342071495
259.1129548322765,156.9934965734177,195.04885163457203,229.92564297855094
260.05306633424567,151.72924369844526,193.16862863063372,227.080398792333
261.28160234768063,149.7986001362688,190.71155660376377,224.32897998624372
262.5636305622713,147.18172591322343,188.14750017458243,223.032019310966
263.3470081832291,138.4372555347451,186.58074493266693,221.11264186009748
264.22084373265045,136.28269332128679,184.83307383382424,219.00715820158692
261.8135492895042,134.13931864239782,183.29366930538765,216.93991414463574
259.47343719889454,125.47881249803626,181.676572828337,215.368964458549
257.6712838731604,119.79587435808958,179.0338244605055,214.2407306998428
255.63084203006682,114.06663325462496,176.92761552450014,213.32502766238704
256.5031054426351,109.04532263580779,175.18308869936357,211.08959910977018
257.6176024889169,107.42852608949894,172.95409460680006,208.24673165363885
258.7335254436232,109.04609507805291,170.72224869738744,205.0115936765309
262.82166834576634,110.10534905885302,168.45686815745395,202.8930857149307
266.55604713180463,111.07518347575335,166.82985183646983,200.95341688113004
270.39805428724947,115.05857913678076,164.9314642999015,198.77225233339652
271.0475114442992,122.09398560525658,163.63254998580203,196.14427133988985
271.8587498032207,128.75168456438365,162.01007326795894,194.14885414492053
272.53984989683784,143.5458748326001,160.64787308072465,192.57592467723418
273.1450712609871,146.87459358996887,159.4374303524262,191.47538266732002
270.93013919890257,152.37319857865924,158.34686938003136,191.5190228830671
254.52744860895746,155.5548371709421,158.13122472475757,190.659250004362
248.93642102190026,160.9494813628437,158.3397027347849,190.84353878464583
226.30631234772184,164.19547932881517,159.6560041517734,189.844532344124
204.20576474291906,164.65599190280528,159.86661897446032,188.92350719614376
182.45607652975372,164.80915938321624,159.4620694608468,188.61717223532182
177.07379451202235,164.8043301525479,159.2731262851005,188.62683069665852
163.56072275486102,164.51922557436325,158.929960114356,189.19703985302786
153.00130731248657,163.92872707062395,158.14026142758595,190.37803686050643
145.20927515904847,163.9357685824604,157.27651385736584,190.36395383683353
142.65111226026977,160.91158684697228,156.92438928625668,190.94386693914313
140.50197433931737,155.6054253120605,155.75097781871438,190.6128153900725
135.68587373971081,153.26209976800402,154.48790640051828,189.85183016948088
131.31498010749937,151.03136061255452,152.39865588416822,188.89778958999344
132.5839457234493,149.01962867716315,149.86072465226843,187.5541954745642
133.73632322065305,147.32531225972753,147.55596965786089,185.63750303596632
129.62460655546906,144.34876702801205,145.3022699703322,186.35202699044896
125.36978088710971,136.55208942609977,143.38613917657617,186.30670899856148
123.72322858266719,131.69748351137412,141.4982412181679,185.6539156934262
122.22305538363135,129.8538453274126,139.3583301949184,184.20093464002804
118.08807886912427,128.26188779869545,137.46193743442626,182.3016768027092
115.83777957118076,126.48434234909601,136.93928132468227,180.83351299627708
113.50733937344319,124.8894564106502,136.60781534490752,179.0309384979188
111.04363732999147,120.46571306981696,136.57576718857865,177.95952069312068
111.54587829881991,113.96482991179465,135.57128525092176,176.13354196993606
111.28523239275017,116.37868483718472,136.09257706306124,171.30583211915592
114.29868729869483,118.88046140011575,134.89864007301713,166.30227899329387
122.10829248306956,119.0587035442334,133.49004547199763,161.20892278248192
128.05988116989937,121.12568441519494,130.85845515731916,157.07496104055883
145.44863562028831,122.76476064006344,127.78872862486972,153.79680859082183
160.35129458832557,126.3854284150479,124.5615307485759,150.98515971748304
168.4561865752736,128.95308257750628,121.35472805946135,150.18417848749345
184.3991992701237,134.47158686974004,119.35991875015893,147.68751735456817
198.20348524023942,141.6628568322492,116.94865938984044,145.9036337195063
205.31918575524654,142.519277022468,115.11662647470354,144.1907933390687
218.15458101338078,143.15690455739622,113.90879180292816,142.91553826921228
224.68472493793215,143.48769151293607,112.96257416326836,142.25396435813258
233.34358165904504,144.33535767599807,111.69500041791143,140.55863203200857
239.84247877921516,144.6849152999393,110.59518071112821,139.8595167841261
248.54185771706614,145.0941143541548,108.94614937802828,139.0411186756951
258.91885035350316,145.46342249734894,107.68274032456281,138.30250238930682
265.4311446887863,145.65877730915165,106.25697107502192,137.91179276570142
274.7015032198575,145.60125989172164,106.9017063565718,138.02682760056143
288.4628408556889,147.32499246836585,106.32446925461606,138.42871075723116
302.09636129699174,149.32167143484332,105.98000425866414,138.28143509379814
315.7411654416097,151.65688067827676,105.55792901329563,137.44923561319808
327.7461795605101,152.34874928103972,104.4597217855859,136.06549840767215
341.18634326289026,152.7074213422025,104.03669594502864,135.34815428534662
352.867137149592,152.7872309618124,103.24572492229026,135.1885350461268
364.2568446079132,151.09698008175332,102.94493111862414,134.82259995408228
372.0564763982017,147.64713487765454,102.28945945698857,134.25039440280906
385.2376856262248,145.92179792884352,101.9427253016628,133.9845419717568
396.6324655943032,146.18379000055307,101.3940484940859,133.46055782833773
402.5070921294071,144.57869679625625,100.71440240977363,132.98087524163287
406.12755872333196,143.2728074220625,100.81638987411992,131.92119366392234
411.42386789724424,141.60062352302123,101.19467075972952,131.60859505086017
414.5466281183406,141.87553901957503,102.26587684463608,131.05876405775257
416.7196733392827,141.65269924328004,101.58718919692201,131.50444361034252
416.3497445402382,139.4418456692933,102.32704679501103,132.26298298584175
415.42335806587573,137.25011192606013,104.17981974373592,132.9596468700052
414.63387563960026,136.89601787915478,105.75878459628687,133.66783496381586
402.42951643889535,136.4595811729461,107.58297224369397,134.54070837623328
403.3965388281591,135.60989793836143,109.45598588366626,136.24007484540263
403.8662364933892,134.25183598102103,112.3800679102915,138.95619876008342
398.4889813020401,133.3213189119732,115.22954670102075,140.81723289817904
385.20995907880604,133.40017019426173,117.62441514538224,140.659530333602
382.7962616005917,135.63583338755512,118.38839248509689,140.25162156372917
376.750361619828,136.3208853594771,118.2718982261367,138.8815176198852
363.43302229225293,138.65206797061063,116.58172589064372,138.26555968199574
360.4777973611767,141.48692931556673,114.47275659119082,136.60554657288625
353.54712772187554,144.18164635764794,112.5335096455864,135.1662590447755
352.5037580264882,144.50460747462927,110.72353825587028,134.52033681081278
345.5616951456044,146.8606922614274,109.17742338338962,133.6657273957786
344.40189123024936,149.0298930423569,107.67759374524886,133.14676330277044
339.36971466581645,149.28203427578455,106.38033627219035,132.6424808359151
332.2076228196764,149.35120742379394,105.67070219378435,132.50413453989637
330.6584377668469,149.2360923419033,105.02424323747124,132.73436470367767
327.2470921648969,151.13983789716903,104.37119988402695,132.6647408718183
322.20172267890234,151.26459786186985,103.28335252657641,132.41522094241668
319.35856007976906,149.52602970191515,101.56028991711841,132.18766335846377
310.4216510299674,148.04130986626308,101.0682981000553,131.4839410464346
308.84885053730625,142.67598390823824,100.55949835453053,131.25139076994344
305.39907306555324,138.69695790372666,100.17393901784607,131.92432849877605
303.7094490667304,133.20149997540227,99.90665614074724,131.9756517311913
298.16933234552806,129.4478354731746,100.05804282093939,132.19708289417161
294.5931169130029,123.5065533225461,99.91288184039736,133.13325942704023
292.7136897157432,119.58990925871406,100.01105201102972,133.64517910693027
288.62755633522664,111.83852820686758,100.84315330361326,134.4676102737239
282.10086399500864,110.02877689842659,102.8079047138725,134.39090180054697
282.3466544030554,109.84458405863982,102.31632389777891,134.7592874801205
275.7445358947584,108.20760377773581,104.34638782198378,134.3085236777988
275.35127546200505,105.88733278449389,105.13290868749046,135.198132678091
283.0164485573624,105.29612674276396,104.91188146568487,136.38054476155088
280.42898182370425,105.18213351045469,106.29502165482498,136.60853122616942
277.65079944790676,104.94512709501909,108.0335877566423,137.08254405704062
286.9797148182207,104.53080223769278,108.64232597838854,137.91119377169323
284.5308979372353,104.58856897407,109.66407287881059,137.7956602989388
283.9271560786626,106.53087499378682,110.87155659595584,137.80175148348496
281.3030460016614,108.67553687630624,112.20940685736736,137.42279761103714
290.9400907533295,108.5887042449105,112.56631541670328,137.5964628738286
290.76322973590766,106.64397194048715,112.92003745154709,137.55128918563764
300.69416801867806,106.50280129717973,112.75645733957066,137.83363047225248
298.5309161038073,106.80312125278465,113.14160369937903,137.23299056104264
300.42752304410124,106.69689490142832,113.2867309700668,137.4454432637553
296.24880273870923,108.60933275257898,113.75626494534666,137.56452087920604
294.4082432736237,108.38676486542914,113.48401851406283,138.00965665350571
292.3290000346666,108.66003205177871,113.68668562140212,137.46312228080657
288.0140018544892,110.83939510432873,114.41531868374614,137.05507782471193
286.0779249268052,110.5690026382355,114.33132314575185,137.59586275689838
279.6130184333027,112.58615194506731,115.37175849222113,137.5246900234133
273.36801493464094,113.96794390276631,115.92536708612201,138.7399055758229
271.53080491802393,115.14414473057172,115.59333577436536,140.39395526520275
267.60416775547105,114.43228763381852,115.39348341514801,141.81766945870916
261.4763826753075,114.10847038354214,115.51338753727921,142.46530395926192
257.3406301500421,113.15258911726629,115.67067270742956,144.37706649181362
255.03705438487168,112.24291609719837,116.18882693826072,146.19641253194945
252.76754472770764,112.21801135700825,116.60255629196358,146.2462220123297
248.62519647530502,111.74839925891156,116.62172366570564,147.18544620852308
241.96019339300994,113.31564302334684,117.50932795868769,148.19842597018857
248.35716981137085,114.85301976913269,117.24754735071159,149.3010632215321
246.25640234843289,116.42511508527602,117.25906095087572,150.3468939149572
256.6012138669775,117.65826040620301,117.60046758977644,152.08680920830122
253.95812314591842,119.757558011172,118.64829519951661,152.1265678307413
264.32220999692174,121.34239920529942,119.20019757404086,153.2129006577926
259.15893341655226,121.62193273646903,120.96354635139181,152.65383359545336
269.6067926286996,121.81802073219073,121.57634758407933,152.26165760400997
259.59901888557096,122.4795246801918,124.36935292552721,150.93864970800783
274.8946735915094,122.16633968145564,124.09160399723078,151.56501970548015
285.8784812651651,121.21040803267722,123.80226758521094,153.476883003037
276.2576556369774,113.08348895844911,125.60253987104227,152.28934218094915
261.88132496137007,111.63375986408658,128.1279874889761,150.81759808079408
262.7044944221961,110.42929330964587,130.8708578851316,148.837321871868
261.5208564918265,111.13315602290592,133.2381337458708,147.4295964453479
263.19664465376167,111.63530794327593,134.3051089197523,146.42529260460788
258.56217776095673,112.05145248195602,134.73420066811462,145.5930035272477
256.4755244845379,112.22486344233413,134.4937336665212,145.2461816064915
245.17272022678912,115.07119984973589,135.07664544075746,143.9580481399402
229.69957295618758,115.99716658582742,135.26710551269537,142.10611466775714
219.01850820177737,118.9099940337303,134.79048374117085,140.64821002802034
216.69838015557593,123.758984489553,135.09336784347295,139.62497309657653
203.93454710622407,126.25708082989829,134.66427832794335,138.9549063515915
199.65866736055386,128.8994270520871,134.5983756343367,137.9790449996874
195.73131518893845,131.21720328388903,133.86812944382274,137.6359678029559
195.93276750692368,138.04813911880285,133.46522480785228,136.80075256192413
183.7949045020839,140.2057144288563,132.20449429011686,136.74167802971974
186.1304021560869,142.80776127129428,131.7687210960176,135.7728064587505
188.56696251010402,144.90263698322292,131.10873482415798,135.7961894710679
190.663937872002,149.25145505543287,131.11784919969378,135.5046835253115
191.23989083712638,151.58897299888469,129.965943269445,135.02828559598734
191.8682798586663,153.91844683883394,128.70916522636514,134.5422850022735
179.75338313382198,152.45629578214982,128.0663325218273,133.3211494232706
182.25098422161676,155.17912590708409,127.18726068561979,131.99161951278418
182.81389591937085,155.77504769494072,126.06143729011157,130.7997759370709
183.04663204860523,156.1486743043348,125.59596503164283,130.0525227182827
177.40665401537808,156.49313366456653,124.79849858519546,129.36360399781924
175.9208792940086,158.89416826411792,123.76765664337073,128.56392618328007
173.9930729427042,159.5908649268521,123.649723097952,127.17053285781175
174.15689013454246,160.10629721478495,123.32208871427548,126.13966828194604
168.45667997298182,160.45401843894837,122.93710215442997,125.44422583361924
214.46408242701955,172.90238916259023,120.8860419234023,127.92775450543704
215.30030652953712,169.15741629283218,119.21359371836715,131.49976506187758
215.68369555302598,172.31839029367524,118.44681567138944,133.0719300437499
220.23993012512238,173.58983999948407,117.25284800861468,134.48828137284127
218.4649667272928,170.39712057953813,116.84067112951627,136.9116165379755
218.49823637470274,171.614948629902,116.77413183469636,138.46893314666067
222.51458433172036,173.01401149108813,116.77332450888204,139.68675171839888
221.8076955548435,175.1477745264884,118.1871020626358,139.4539350710769
221.24841396849925,174.60734590271437,119.30566523532428,140.534792318625
175.67804757659593,163.8252368915527,120.49807700788384,137.56765006515366
177.26719079034814,165.32423065478156,121.38159462167047,134.5696625386959
178.85008794131204,166.52321202694628,122.24519091038943,132.17169979436645
180.5222563566685,167.1849773524542,122.90665681414228,130.84816914335065
180.27655782182862,167.6985202112877,123.39805388382207,129.8210834256836
180.18274005571408,168.3356862377576,123.58568941605117,128.5467513727438
180.25362328849005,168.79923612067725,123.4439229504992,127.61965160690453
182.29113016243684,169.2331689460825,123.322529564586,126.75178595609407
182.59171109158035,171.16299401284846,122.72136770629896,126.8302214493219
184.58412974882015,171.5841776223064,122.66634350213174,125.98785423040599
230.37433277756946,186.6418401282549,121.14765377156165,127.19834359309291
228.89479119271442,185.6206234488066,120.19606655793599,129.24077695198946
229.21522366943526,184.83880793630075,119.55520160449427,130.80440797700118
226.82312126820017,184.32258031382725,120.39773049881079,131.83686322194816
224.57980235486662,186.25068919467097,120.91319134700402,131.9518224387346
222.4380218896253,186.13073984010745,121.2155747779226,132.19172114786164
220.1186646394506,186.29382089418962,121.8645591835396,131.8655590396973
217.6313431718968,186.59401604150415,122.84422828176716,131.26516874506825
170.74377989778895,169.14447462122882,124.59236626738823,130.153690843734
168.3171239310266,167.51774955301588,125.4341682702151,129.39563104946205
165.86232531929915,165.72656552193672,126.33081901608682,128.96505263403716
165.44202381698005,165.97439274453183,127.171422020725,128.469398188847
164.78055492686173,164.36926151572834,128.49435980096166,127.65383393110844
166.3819168021792,164.6855895747781,129.32546044353379,127.02117781300886
166.22586234138936,164.56521151226903,129.63756936511348,127.26193393802701
168.3033827057937,162.57575415679077,129.5281468607423,127.19523042454605
168.12176473870278,162.66684794760832,129.89138279492414,127.01304284291099
168.10494781447338,160.39439437510424,129.92501664338295,127.5122744837421
168.24941750831653,160.0081938778138,129.63607725569665,128.28467547832298
168.32678923096861,157.909520332235,129.48133381039247,128.420292370555
168.32933278781093,153.9484956717868,129.47624669670785,128.21947301358534
166.26910501537935,153.67031385224297,129.53851399663267,128.77583665267298
165.99781237487264,153.3917690666152,130.08109927764613,129.3329262239285
165.87039991044782,153.31992253684695,130.33592420649578,129.476619283465
165.85414016420071,153.0281652172822,130.36844369898998,130.06013392259447
165.7564372442165,152.78207459464028,130.56384953895835,130.55231516787836
165.5324133915864,152.64394758430376,131.01189724421857,130.82856918855143
165.28955959755385,156.32570157813726,131.49760483228368,131.71200452019423
165.13938322053457,158.0500818774281,131.79795758632224,132.40827679598
169.30563761283656,161.72078193643668,131.7868994521674,133.388327328412
171.23216446671304,163.58279261182847,132.1098145298282,133.8402747630422
175.4612811883877,165.38570304380028,132.02791752234282,134.4226221170305
177.54056103998835,167.32989289593544,132.0653869427148,134.73027153633348
179.47583837944646,169.73004603218135,132.39628629825722,134.13141929830036
181.40686238043202,169.85686615447824,132.7315027623918,133.87777905370655
183.45019087048843,169.85402606814603,132.84340744793357,133.883459226371
183.26285576891553,170.13728183074767,133.21807765107937,133.31694770116766
185.16040278919488,170.45239105992744,133.62038551237612,132.68672924280813
185.154500860182,170.39123462837205,133.6321893704019,132.80904210591893
182.97615619623534,170.21686185673173,133.79295879914878,133.15778764919958
183.12926420841913,171.8126490013991,133.4867427747812,134.1701591478319
183.24973887763815,173.37087974509106,133.24579343634315,135.26876354704785
181.09411378307726,174.9295987115406,133.32849792685056,136.37987131276316
181.10020813967984,176.89493362879386,133.3163092136454,136.69650941450462
178.6955577935904,179.09711059329265,133.87352283296096,136.54424255837026
178.56297559776516,181.58116259934548,134.1386872246115,135.8346341096745
178.3396978376178,182.0328536376674,134.58524274490625,134.93125203303072
176.28678735825315,182.05075633837237,134.44671032959693,134.89544663162079
174.04276861725612,182.29732239588134,134.69314051223176,134.40231451660284
171.8663479504148,182.05898357767137,134.8082587633961,134.87899215302278
171.7417585276738,182.03518764443504,135.0574376088781,134.92658401949538
171.5831630024924,181.83672953556916,135.3746286592409,135.32350023722717
171.52331185292735,179.82809656486677,135.494330958371,135.0778035378548
168.98995027307268,179.8579671517595,136.30007688431255,135.01806236406932
168.6933659962457,179.98637737344018,136.89324543796656,134.761241920708
166.48336930275696,180.2628105230556,137.03524833994882,134.2083756214771
164.30799346101853,180.4821415416436,137.11450488539583,133.7697135843011
162.20913076976572,180.69170433916292,137.04641836444546,133.35058798926246
160.06379322679456,180.92358021935587,137.07897231844368,132.88683622887655
158.1401108552986,180.9154375357323,136.67503515150153,132.9031215961237
155.9603757887965,181.24332794329774,136.78928387297668,132.24734078099283
154.15256891131037,181.0860504981948,136.1682513333527,132.56189567119873
152.1441271370407,180.97045599652193,135.95325933418,132.79308467454447
150.04061712130962,181.0706326032711,135.92812662663675,132.59273146104613
146.0014745402778,181.11938074311195,135.54922504009247,132.4952351813644
141.8255093512593,182.9897151084714,135.45894720723328,132.97567055609358
141.85554315163782,185.25256274136578,135.39887960647627,132.6772468834198
142.01488094017702,187.22179018859546,135.08020402939786,132.96040887964546
144.13836260632402,187.4651972647118,135.05431971056606,132.47359472741277
159.2054051036228,189.72983312259157,134.4111578294004,132.1573120278578
167.83400006182222,191.5794288664688,133.94553249904317,132.65601168661377
169.81965878942273,191.52806874649485,134.17265228048234,132.75873192656164
181.97183244659107,193.62522337207852,135.09007958253406,132.76805177812565
188.00403609323826,195.75278395907125,135.68026828193274,132.73112926837126
200.20731350984397,200.03431876203067,136.6350375845798,132.6218343744053
202.27233863992046,203.79000035187778,136.7451352754067,133.59076709667093
204.3720036411222,203.68051590353886,136.8029911242995,133.80973599334874
199.88611915376242,201.81385214037215,137.25165494859698,133.28151094447105
199.6559501591868,203.7966733900712,137.71199293774822,133.57611857001942
187.17638103819587,205.67002930643025,137.03835356067333,134.1015363404774
182.89708985123514,203.0317783718207,137.05722211879208,135.10818130179513
174.62907785872926,197.6892883316359,136.44907862523885,137.22107764288228
165.83357849698163,192.83988717363243,136.80102953453138,138.3003560517879
161.90789085225077,196.58350082054136,135.98782642550788,139.4777071564553
164.13208036694803,196.27500116711192,135.87740025991906,140.09470646331414
164.24579060561865,196.18169265191884,135.64997978257784,140.2813234937003
177.23440889015268,194.3771550692429,135.74407420339264,139.5451768274051
188.06615887118573,197.18660423396994,135.75637663559158,138.26143897680402
199.23262770572154,198.70208048743862,134.9994195135436,139.54568257927139
206.05388480834412,204.02507953186472,134.32709546210407,141.86987464422484
215.14528604203895,213.97153891257636,133.5409052964468,143.7227212599671
215.44728903459622,225.9037939319867,132.9368993113322,146.05193262790857
220.0743181800219,236.1463223640104,132.46746323903398,147.5284313102439
222.5593885627405,235.61885983868765,131.90511160935642,148.58335636088935
222.9064469933927,237.5320858683405,131.21099474805203,149.17209290842158
223.20255132544014,239.69959130320683,130.6187860839572,149.25029824654564
221.11018256120556,239.4724976989164,130.3985787514627,149.70448545512645
272.7402900574815,233.7771227746159,128.5327532525476,152.27833186949823
269.67681458333874,214.49441207517975,125.82316939634453,155.49761405041568
265.94762760568926,195.53584234518496,124.43337819198985,158.0220928717906
261.5227432574566,179.89905814478263,124.40265095183906,158.21392549443902
239.35646887206806,164.55386162452464,124.30835086390998,157.8055243338607
225.98766039249205,161.762755097471,124.43655650246811,158.95283550120234
221.18831089408664,156.63359591308998,125.12617197560492,160.3020703462904
216.97924321638317,151.06172551501928,124.57152476284458,162.4730285742645
212.47314948400827,149.82159326730272,124.5626632972019,164.9532930696976
209.78516217391365,149.14144604497312,125.39043743173951,166.31358751435678
209.59971019908062,147.9204097033146,125.76134138140557,168.7556601976739
209.84460526334152,145.70508948655788,125.27155125288382,173.18630063118727
209.0000600050718,158.4286493803181,126.96064176942328,175.84892215593948
209.2471648665071,157.608260587967,131.21952387771418,177.48969974064164
214.2441688030869,158.75288323661164,135.76919075727972,180.0483460275941
209.44674303321716,157.99875465387709,140.40277360566222,181.55660319306324
220.19990523469698,159.59321768375185,144.19575258449387,183.42753780967195
215.19094323829927,159.39985303186114,149.06351076777287,183.81426711345333
218.02488144806813,156.36893074472653,153.86568137746758,184.64108817310637
215.86504485103896,150.50464484186287,158.18535457152592,185.71905069702558
219.35696273457398,144.55788096662502,162.02447137846625,186.7896258734909
223.45655964246987,141.91850852118,164.80462379752456,186.57869764695587
228.1786238067046,130.54636339479106,166.4223733412117,187.19923215542053
244.35827477272764,130.86372161651127,167.46171526704762,186.56451571198008
249.5436804337528,130.8658848907892,168.23727755772424,186.56018916342424
263.5771608791672,135.61512901554553,168.09780997778054,188.23269823826558
266.32226279060416,143.5200829764691,168.21687011606267,189.25058219988648
271.95726301896025,154.02722079777715,168.20081339055483,190.74419401967913
272.259561190972,158.98317987838854,167.59621704653128,192.1320549259188
263.94538466031634,164.38795570475838,167.2394194200346,192.64593706505113
252.69950989123214,172.42547456239163,167.07535249580425,193.56276169658372
235.79533259552983,177.69158883932576,166.83064963526226,194.38155229336434
233.1703584588165,177.68053787808185,166.39635490030037,194.40365421585219
230.54597878093784,174.7006907723012,165.9675056507249,194.68573982208065
227.75403668259568,171.2389409967244,165.8763145121248,195.9341640379498
219.38764464441533,168.43724960553192,165.53044313019882,195.84466166757258
219.734520688997,168.4182117934882,164.83669104103546,195.88273729166002
222.61608996165222,179.10835301684193,164.7489110542973,197.20388907924166
239.6674277147107,195.34885498367413,164.8121113583054,198.8887609557023
239.75028086657358,203.61502484926572,164.64640505457965,199.52027422604743
239.95610116511446,208.87874005714679,164.23476445749787,200.44950473447287
239.75285475850842,209.3451884799822,164.64125727070999,199.51660788880199
236.7462518471699,209.84302901179746,164.92627215494883,198.52092682517153
236.53461432789936,213.02011594178566,165.34954719348994,197.8842149026708
239.24225357282623,213.4171932286102,165.6487461053677,197.09006032902175
242.0549225466336,213.3660723660685,165.73046310702756,197.19230205410514
245.13964887728497,212.68581171278464,165.2709580965264,198.55282336067285
245.23088142911564,208.88606731598554,165.0884929928651,200.42880014683305
245.09338315315458,194.63551740356723,165.36348954478723,200.1826613599485
241.9490397123427,182.98734841747097,165.9020765987797,200.47860002161602
238.82827767504335,177.0755842495194,166.38025323878045,200.77543348832344
238.71840734610117,168.47486870759994,166.59999389666487,200.64996547339587
238.5807890789606,162.51197105204977,166.875230430946,201.02126866806532
235.27432255782685,148.2936567649379,167.70075984007906,200.52087907661664
232.24857027967954,145.04567606978944,167.95925976366001,201.22383583419997
232.27759972676137,128.60203046280657,167.90120086949636,199.26310345149906
238.28784352155168,122.53676868684266,167.43439196836997,199.8399483149728
244.31229919195655,114.42096746414498,166.9419141095762,198.73690053734413
244.42079878669747,115.10298132177024,166.72491492009436,197.3728728220936
244.6709879403188,119.0539323007463,166.22453661285167,195.1997137074309
247.93522077870864,128.63644271587737,165.38321689117802,193.09613074248674
248.24995125804105,132.8257913648817,164.75375593251314,190.3585586055036
248.84820539737655,136.49207075080966,163.55724765384218,188.61468432751718
252.14314068228998,140.2629760799507,162.50988107228602,186.61537765750577
271.72950855665107,141.0808733598873,161.80045319404368,184.97958309763254
272.2774870335693,141.9102850623899,160.70449624020733,183.32075969262732
278.29962530321603,142.2789694123061,159.48980572316648,182.58339099279493
284.29494238958694,142.36158324448078,158.26699070916118,182.4181633284456
284.47853851104776,142.59558283865053,157.89979846623953,181.9501641401061
273.98411156004005,142.62654415681692,157.49418637479107,181.88824150377332
274.0159123157238,142.91273787790072,157.43058486342352,181.31585406160573
274.3275783236054,142.83129328409797,156.8072528476604,181.47874324921125
271.7973226815116,140.12179965791697,156.54396874388442,181.57393511360965
269.1482651503976,136.9234014354802,156.52104110105935,182.64968885343012
