198.5,249.5,95,325
197.1060943294235,243.40504516769957,96.78781134115297,323.4670985074766
193.00936836805727,243.52493930353185,98.6083029461494,323.227310235812
192.20423967224568,243.40733076391348,100.21856033777259,323.46252731504876
191.71619690740792,243.12106060472377,101.19464586744813,324.0350676334282
191.31234831337176,242.8328374303649,102.00234305552043,324.61151398214594
190.79274214942285,242.15363740755845,103.04155538341823,325.9699140277588
190.389324088622,244.45145030375213,103.84839150501992,327.8983572398592
193.28376226047942,246.15396105313613,104.62581468861734,331.0596352684033
193.04186509310495,245.42236665780243,105.10960902336626,332.52282405907073
196.06694328123018,244.78137849155996,105.71461163451839,333.80480039155566
199.34529086012486,244.0173912980181,105.84241382537114,335.33277477863936
202.62721547860983,246.20118945478453,105.98709829383539,337.67371217054074
202.52217603009422,245.4667159307636,106.19717719086665,339.1426592185826
202.45289629181718,251.52707192358724,106.33573666742066,340.56018728464994
205.83004134416393,250.45442694388595,106.37322572959738,342.70547724405253
205.66040019848327,250.02465842309965,106.7125080209587,343.5650142856251
208.85977076574318,249.60268658900205,107.15510527043901,344.40895795382033
212.0770269848617,245.69060958285633,107.58206917000355,345.3716356283102
212.08442515570493,242.2212822520962,107.5672728283171,345.4272818722822
211.8930983318054,238.76299100904149,107.94992647611613,345.4603401536122
211.91142023740093,224.61059900967695,107.91328266492508,346.2008990726255
208.71525291623334,224.16176452634448,107.4047364132198,347.0985680392904
205.55669021621566,220.27490921685882,106.81764802547534,347.96806487048195
205.78193191505824,216.28149656300414,106.36716462779019,349.0492093289659
202.60032837912374,215.7594949214623,105.81771358570136,350.09321261204957
202.55719207075083,212.01234906756463,105.90398620244716,350.67024278770225
202.55987418452648,208.12713346410214,105.8986219748959,351.5136450285913
202.4232715242748,207.32940856484203,106.1718272953992,353.10909482711156
202.32019909270025,209.67559886393857,106.37797215854832,355.38322868137374
205.95096295354531,222.77022955700744,106.11896388385189,357.20404508321076
206.02355560414122,225.7788534735803,105.9737785826601,358.21026536634844
206.18388687525243,228.80346283135603,105.65311604043771,359.1960470620929
206.2508179065053,231.59497957941915,105.51925397793198,360.6559892665789
206.20276193024483,234.7410652427028,105.61536593045287,361.4249386462827
206.08392933542854,237.99879413197598,105.85303112008543,361.9832577220521
205.83267896309744,237.53838753692045,106.35553186474766,362.90407091216315
205.33271308594553,237.38123676157568,107.35546361905146,363.2183724628527
204.77683596440033,234.34139146705647,108.46721786214185,362.16656428208233
204.36833395262275,224.2785407577893,109.28422188569702,360.8804562219899
203.8521321727242,221.24193767207416,110.31662544549415,359.8194450542957
203.67979688167043,217.80845669204933,110.66129602760168,359.54810017560726
203.14274781917305,207.58285235019187,111.73539415259646,358.5767964981073
202.91727222794617,197.37364841748277,112.18634533505022,357.5544576499838
202.35606991107693,194.58492604315572,113.30874996878869,355.99116343267355
202.2435492611944,195.2724041809933,113.53379126855374,354.61620715699837
209.553776940036,192.88265524346005,113.16105749372815,352.2718442406361
213.37585104884977,190.16916729774348,112.60062336217109,350.61510604599874
217.17273034226275,190.7417574743701,112.05674486967952,349.4699256927455
231.7723018557162,194.88827186682917,110.9520627045442,348.20051212327024
232.17060883693537,199.09255865401494,110.15544874210588,346.77720474984625
232.2620769738343,202.95071244579015,109.97251246830803,346.01129378356654
232.24925941096618,203.0757188978073,109.99814759404426,345.76128087953225
231.83600057567017,199.5988436996158,110.82466526463628,345.78195092360914
231.45996754128137,199.55139573010212,111.57673133341387,345.8768468626365
230.54192261798823,199.46081286719237,113.41282118000015,346.058012588456
229.91072422953442,199.35553542158274,114.67521795690774,346.26856747967526
229.17342567487077,202.8724351477066,116.14981506623506,346.2609372531805
228.4500926249474,206.56364658570183,117.59648116608184,345.9315568467836
211.1370894249499,203.80084783124678,116.84860740495407,344.38237832346914
197.4925766280483,189.86141300087274,115.9814126976207,344.1050276830807
191.1212422983266,165.25438466830948,114.68554598612613,344.1842105499242
181.52989813788497,158.33129803265953,112.87813216736268,344.03698239479303
181.76809379400908,147.74393585595195,112.40174085511453,344.3272081186945
182.24187290647717,147.86468885569505,111.45418263017831,344.0857021192083
182.39779307733778,151.45171304991467,111.14234228845712,343.84771380942533
182.63789555303197,158.6231987215952,110.66213733706873,343.358643126026
182.67360185706207,162.6460078284032,110.59072472900854,342.2242033870028
182.8816461129516,162.94668939884738,110.17463621722949,341.62284024611444
190.03700760218004,166.97512215151912,109.61903734664098,340.44353679470515
193.28193687589382,174.33269529760477,109.9797776423066,339.4295881887202
199.5822593081618,174.90234052579078,111.06477828709285,338.29029773234817
206.33148596097712,175.18157318688094,111.25940364084596,337.73183241016784
209.96232977212634,175.52542283011766,110.8398812242011,337.0441331236944
213.22047677319637,196.26401360841797,111.14828333307102,336.51512823315346
213.38191856118763,210.06648445795952,110.82539975708852,336.20148250598004
213.654034899158,210.30703705978516,110.28116708114779,335.72037730232876
213.59695339851388,209.98729767676525,110.39533008243603,336.3598560683686
213.1806130968801,202.9834025609825,111.22801068570357,336.7540143955977
212.98361272465428,192.59859191275038,111.62201143015524,337.04058815571915
213.4639231138288,185.82646951597803,110.6613906518062,336.9068813189955
214.15773587266597,182.21734443274093,109.27376513413185,337.3056591857929
214.41377298895333,179.38440586262476,108.76169090155716,336.1718589887132
214.8418493621573,173.3337836365534,107.90553815514923,334.72477923993233
215.39992188778166,174.04823772576933,106.78939310390047,333.29587106150046
215.6437767789145,177.96542697967539,106.30168332163478,332.15854997564975
232.96182648124292,191.7553820024234,105.02526625268361,331.26638579871826
236.54731622786085,201.71986575003248,104.49006221747939,331.24474467759484
263.16601201773483,208.36735166441278,104.2575260260964,331.20098669592556
263.360128315122,211.45456833837036,103.86929343132212,331.64725284135017
290.364829709203,214.70981076356964,102.81884550616435,331.7566373488272
307.21987609195656,214.44482493719806,102.11888840778761,332.28660900157035
324.07526455914865,213.91181862013866,101.39110696628629,333.35262163568916
334.481100623356,213.34542156587375,100.37412260206493,334.485415744219
351.1966778053188,210.0461603690573,99.92003748167468,334.48852428914483
354.0773087320951,206.60503189895036,100.74580664107688,334.783750216404
353.79739206767744,193.43970323940633,101.3056399699122,334.6882868313816
353.69097081340476,179.7160281007615,101.51848247845763,335.67340752351015
353.9848445671945,173.11832204230797,100.9307349708781,335.60192356250127
354.03516996160005,169.8582565327851,100.83008418206704,335.5005153708819
360.44216704367426,166.571542457841,101.25256443453942,335.45570631245965
363.55563673988974,163.5368887060782,101.65106231649338,334.8995765416003
363.46149394925214,160.6133762508456,101.83934789776862,334.1216525444056
362.9490638802001,157.4789429769299,102.86420803587272,333.7730990671746
361.56800113262125,161.069757446384,105.62633353103033,333.22291381538156
360.33855308490945,170.8891433361696,108.08522962645392,333.6079823714727
359.22455685212253,174.59946505255164,110.31322209202776,332.9126475791661
362.34999284143487,184.88517305509453,110.81863271376685,332.6100793751715
366.39343363055724,188.53218833538943,109.49298027073782,332.07727794979735
370.963773048585,195.04662569812191,107.08167596028035,332.5071522755284
372.0888480072458,200.98815763333005,104.8315260429587,334.0065493646939
372.83650487363195,203.32530667069207,103.33621231018643,336.0033330267784
373.2538325335023,202.64567761644602,102.50155699044569,337.3625911352705
373.2288580539481,205.1166619563946,102.5515059495541,339.0962006069922
373.28245345021764,207.66128749101102,102.44431515701503,340.7079978327631
372.75100981937567,207.3477366002865,103.507202418699,341.33509961421214
371.7534011042664,193.62447360720537,105.50241984891746,341.7798065591401
367.58802840526334,179.76448585129774,107.03948856725128,342.3250753522661
356.43062179452744,176.00095638399412,108.86491957828949,343.02234021672876
355.52610673886926,175.67724090536777,110.67394968960586,343.6697711739815
337.4810691527305,182.01847545646362,112.18495022119586,344.8189319280647
336.1581985090939,191.3320510616008,114.83069150846919,347.07147415369775
328.1449448445419,204.82010897233548,116.7763215715151,348.2571128643446
319.9549838106097,207.54588369718678,118.97041351256958,349.8984784780469
308.1267175440736,213.61070306284864,121.15783972837461,352.081577291568
299.47607810715084,216.06413763860184,124.00437793569604,354.4020784733236
298.44426392882286,223.62772644550694,126.06800629235201,353.89945468129827
286.70716386056796,227.7376534032522,127.51449999927368,353.0221695756705
286.18086455662683,235.1486399574543,128.5670986071559,352.91267008498676
286.09761486743633,242.75085543469243,128.7335979855369,352.45566427872234
286.24218560030874,247.48221515644758,128.4444565197921,350.3631281473075
286.63118666621165,248.8957084058642,127.66645438798626,347.53614164847426
287.44710253330254,249.51327073879511,126.0346226538045,346.30101698261245
288.68792881454317,245.9290583534608,123.55297009132327,346.23611124723436
289.89504761689244,246.3940047232425,121.13873248662469,345.30621850767096
291.1191035426977,242.79587571538212,118.69062063501421,345.3721106740318
292.0272962063118,239.2771902425306,116.87423530778601,345.3227258187278
292.4363695765853,228.77446015410072,116.05608856723896,345.16943143521405
293.38882175552067,221.92257598965676,114.15118420936818,344.80162205030433
294.45984408153,211.93797002502163,112.00913955734963,343.7837239214988
288.94739283139796,205.37472109786648,109.15012628158289,343.0263059997783
287.04537005745516,199.24277935953452,106.07552596882569,341.53289775515674
288.3003252583604,196.5741156932433,103.56561556701521,340.0694589277789
293.2770420923845,194.10986457760714,100.34579713475912,338.26434592325916
298.1569736917134,197.88521020632172,97.23428113379065,337.3620018635194
303.0372653563256,201.55874703159608,94.0513736092652,336.59260401766954
304.3744689654567,208.67777991322453,91.37696639100297,335.36922344966683
305.1100879688607,215.67358783277797,89.90572838419492,334.2575048504276
305.5512847827548,219.0669298603897,89.02333475640675,333.8674591328831
308.70295826011983,219.95743283436272,89.0945268364993,332.08645318493706
311.703195955025,224.23624679772675,89.44486663719991,329.87964044871995
314.5390481696635,231.45590241380393,90.09949795090172,328.0930007025232
314.30968839453845,231.99259713227045,90.55821750115184,327.0196112655902
314.0640115096013,233.01924803647591,91.04957127102608,324.96630945717925
314.02185652952755,231.22176593388497,91.13388123117362,322.27408133342544
313.8127628242362,229.32416736914683,91.5520686417563,319.8184863030767
313.897864375614,224.3275187298907,91.38186553900073,317.363889813372
313.61263326526284,222.51865093636252,91.9523277597031,314.7955123063846
310.6331009586018,211.11266737077256,91.75093164531737,312.9656365267332
307.95925141128714,206.48248864170873,90.96778000932719,309.96429252362174
308.43897188543946,205.0271159142643,90.00833906102251,306.80118210833405
308.91660437563365,206.85165079621171,89.05307408063409,303.1521123444392
306.71541038063845,205.19707401662268,87.51352070655857,300.5193245395513
304.55589097913526,203.44600136714854,85.95648334999336,298.14539367892803
299.35221739629964,199.08609543032753,84.7367817435618,295.2381567804672
300.05224922605487,197.61084812164862,83.33671808405131,292.43893216155055
300.35525252976083,198.96322006324652,82.73071147663936,289.73418827835474
300.6427727320423,206.01825730615886,82.15567107207636,286.8932577596258
301.0197548755185,215.74908684770375,81.40170678512398,284.182794496428
301.2009734781334,222.21647917462602,81.03926957989424,282.31079674656445
300.8020236480838,231.7134580350517,81.83716923999353,279.8114374542024
300.57634682772004,235.4721922020613,82.28852288072102,277.7717326226589
300.27493556026116,239.09916553473613,82.89134541563875,275.9751086708569
300.13603659424086,242.5907706485968,83.16914334767927,274.4349976431173
299.87421285065034,246.25085978997174,83.69279083486035,272.54126893514865
302.5757167455337,250.18695954492338,83.6991062088287,270.0783925889804
305.18485727843284,248.76142089292375,83.85536341321169,267.55493162279845
313.09893743893053,249.97892615111945,84.05213339965815,265.11992110640705
316.0213420537852,247.98876088216164,83.51804835409665,263.78952746017484
319.27299413905996,248.64516843486018,82.29674993573309,262.47671235477776
319.9400192045691,246.6216927800164,80.96269980471486,261.28279696528665
319.9581885120388,237.38420861817337,80.92636118977542,258.960521548859
320.5066876952845,233.10583038663108,79.82936282328407,257.18584667107456
321.14225178043824,229.07139867814132,78.55823465297658,255.0141091675559
322.02434673510527,227.04963781406133,76.79404474364259,253.99160054026595
322.81633417957465,227.46439932015554,75.21006985470379,253.16207752807753
325.9569629355317,225.22791737916805,73.90657398432035,252.6572797685218
326.7288708353413,220.9864195758738,72.36275818470119,251.24750303201938
334.8460630032449,221.42001186499004,70.82148951552556,250.38031845378688
337.8574062822793,226.96813488483497,69.65548816482858,248.99744282884092
338.042870076569,236.1313829159168,69.28456057624925,249.93241102120794
338.68671318634637,242.69413465173642,67.99687435669456,251.27170869464953
339.2800835742056,243.73158306691727,66.8101335809761,249.19681186428787
339.93207613251326,246.8148733552339,65.50614846436072,247.79499761912615
340.50582741630274,252.15226784076467,64.35864589678184,246.56116611290867
338.65196377893346,255.08832052142873,63.384896595764744,245.37053732733614
339.07008567686916,257.1581062411723,62.548652799893375,245.87730841530987
337.0610217086859,259.4948956878799,61.92914656505205,245.84136369310232
334.8488385115316,264.4856661555402,61.728126539090994,245.1105955983213
332.91160639914375,267.462348042621,60.99127459394453,243.7685479940818
328.5810464312076,268.3021700468903,60.495396063350775,242.0889039855432
322.0132110479966,269.59499831265043,59.994518424697475,239.50324745402298
317.54673533177464,261.8472246953104,59.92802080341905,241.4996211081194
313.3110808140063,254.18363126208288,59.346385941181765,243.24739212791346
307.13470491572247,245.51762719071746,58.07938557058663,242.4197307144273
313.9673965139435,243.96546944267456,57.926505371909656,241.01987854459134
303.45797670952714,245.49732137823193,56.53714333553553,237.9561746734766
306.0518581676322,242.0441619834479,55.761587040582114,236.03808022053136
308.1553283597859,240.65032100412597,55.92517631494007,234.4552325205098
312.51356860194466,244.58834863330088,55.91167622725928,235.28215765879668
311.82286676171486,236.1541650186354,57.29307990771885,234.699272152327
317.56465187068534,239.98662645899816,58.9524817500066,231.41533995834436
321.35455659978345,243.49469976837457,60.105526587150855,228.76562048726183
327.53129114001774,247.30454696913233,60.80502737392358,225.49691604149336
327.0094092838178,249.01579685799706,61.848791086323544,222.0744162637639
335.78662574896987,251.20166432401288,61.452553577854594,221.99223018719113
342.87452552196186,257.38870248617843,60.119650626361974,222.4610504573513
347.65256900616254,264.98479923239665,59.088656624832566,224.31904289865884
348.1229452866312,267.88580777109354,58.14790406389528,227.05557620137856
348.0697259488749,269.64503168632086,58.25434273940775,227.8270891330106
347.80555473132307,270.02084603843184,58.78268517451143,227.07546042878863
349.5557931758809,272.72657755458226,59.58445591927513,230.26849266424648
349.3229797636655,274.481135230933,60.05008274370601,231.12165229613157
351.3833773390684,273.7740750885219,60.312352890966416,232.53577258095365
351.54266827602567,268.73973851430685,59.99377101705181,233.78865336158043
346.9292101762042,257.7844326754797,60.38173658526428,233.60188846065873
346.9006832865735,245.78037773608992,60.4387903645257,235.4890491909891
346.41696299791477,239.38853131587402,61.406230941843155,234.91739236829352
357.72102272502207,238.85025817837376,61.10829259308508,235.99393864329403
357.5430427020872,239.93482506203304,61.4642526389548,238.29634433561066
357.022604470791,232.23456701366905,62.50512910154718,240.16499230015378
365.79570367195953,225.70314846694063,63.18516060821547,239.55815696185658
363.40237883375715,218.09965928669385,63.41094931816657,241.082552422989
374.3963534246654,221.09202156567846,64.35579124885169,239.68438608752012
372.00776989246697,224.98355818638012,64.54826842884489,241.07069261492433
368.09232983747586,230.38470184459936,63.16350019574374,244.09187781311084
359.01862504090656,233.69089075543693,62.814154166269304,246.72787780274228
361.7343978490978,230.495759058401,62.03721639593785,248.4635333507631
361.7886084451681,235.28940800800584,61.928795203797215,248.20470909622492
363.88325371592947,235.88628319823272,62.3980511144958,247.01095871577112
363.5724603516172,247.11543939698575,63.01963784312029,247.8061298410526
363.6029862842724,253.81679896617294,62.958585977809975,248.42433616905225
363.65255264671526,251.61496000674842,62.85945325292428,248.14684879806595
358.8653929453466,249.0859725346629,63.08299175077259,248.5294332897925
358.7949680682249,246.2448641842593,63.22384150501615,249.52665143933723
353.65866070307004,245.45189454975565,64.09311757597618,251.11259070834453
348.48711282757347,242.90460297444315,64.95539780653806,251.46676609875396
338.6005817188766,237.63152518081,65.68166148247221,252.48952241529048
331.10053716070684,234.62202905337736,66.31235165187101,253.71871502117557
323.11537221099513,227.05732193420874,67.82571093654144,254.39115864475983
313.0952679758762,225.22014343664702,68.43797491027023,253.20852951575597
315.7516130499061,222.9723702465938,67.97714654911509,252.8522141089577
315.7009118957762,219.01119995796836,68.07854885737495,251.09819824255533
315.3357559871392,220.1375465046642,68.80886067464898,248.84550514916367
312.6510208446331,223.9129825207308,69.38096777964867,246.0919962970429
309.69826624773407,220.3326507426251,70.51722797135022,243.71416184906116
308.70947437588967,216.72438067615724,72.49481171503894,241.41690587728863
307.7342211229635,210.0423272494359,74.44531822089124,235.73624188562724
314.30830597360614,214.62391622166234,75.44743780807607,231.28982703733107
316.4958397636516,218.56428754745158,75.74441697973757,228.081131137505
332.4514565287474,224.40275005789942,76.25619243664049,225.66792297006486
332.234368334715,233.79646011365557,76.69036882470544,225.30795599816105
346.4784608790698,241.0436424085819,75.8601519670453,224.64257552383322
347.2696727545607,241.95410827137056,74.27772821606351,222.82164379825585
359.77903247653387,248.48209239660224,71.90987294048433,223.3561940488128
365.5064216906066,250.86611076191141,69.44378910266225,223.0825046133561
368.7933420259378,255.4195097870773,67.31497974531469,222.8657691896541
374.02321200916276,256.9048833405392,65.6603952715048,219.8950220827303
376.8406847440815,259.4073411309417,64.3552941349847,219.2199508352426
379.6990567280263,259.8533810276125,62.93459336116943,218.32787104190095
380.5078764830064,263.6063697486313,61.31695385120919,219.3358454860435
380.9730140963678,262.28432033932927,60.38667862448628,221.9799443046476
380.9459245698751,256.85726277219635,60.440857677471776,220.0516884801604
380.56641187839125,253.17424835590367,61.19988306043943,218.94842866095632
379.7766862957697,250.94773755958715,62.77933422568256,219.16813082277272
379.5317589960633,251.244385834568,63.26918882509542,218.57483427281105
376.7455409725244,251.29195943695225,64.57492270957806,218.47968706804252
375.99614972657355,251.1725344044604,66.0737052014797,218.7185371330262
375.2601602390042,251.45965893607195,67.54568417661835,218.1442880698031
371.99844733938215,249.94395073397035,69.72914062550292,216.83573512364677
369.14791513507055,249.84478166921514,71.06855918809697,217.03407325315723
368.74883109690194,249.66012776902622,71.86672726443416,217.40338105353504
363.85459700909126,250.30415058966827,72.83731213690096,216.11533541225097
360.6495912030323,248.46804052721845,74.83895817517985,215.3791899633115
350.99932793589846,248.0409224406793,76.4020066298936,216.23342613638974
348.0777083103674,247.79999418797328,77.77027459829263,216.71528264180182
339.02170379049755,245.50820143853957,77.85560179452925,216.7921976797935
334.9289062794398,244.907907994193,77.022565427298,217.99278456848663
324.1075232517773,241.98934885387519,76.10852241743373,219.31854103608438
322.17548020592454,241.91256369023918,75.45893936783773,219.47211136335642
306.99385076434,239.30731933978333,74.29398852784729,220.17857010381675
307.5236053478619,239.06593876149105,73.23447936080339,220.66133126040128
294.3393691374435,238.14365331419884,72.7209244647585,222.50590215498576
292.3854162570461,239.57199938400896,72.13167123036813,224.14636901055064
278.89149922456795,238.81405898546166,72.06161830597057,225.66224980764525
274.62402277377305,238.18565278097623,71.53680037167055,226.9190622166161
261.2658741292272,239.85317852383008,71.02475738298645,228.12206744387103
259.06890971493317,239.3792203152119,70.87301394420805,229.06998386110737
246.00408562140427,241.25741563467557,69.66482178996262,229.8698999457306
239.21886236460628,240.97393563401002,69.5994217148895,230.4368599470617
230.2328567249707,243.0329778098885,69.3630471346198,230.87087206018987
228.48491937567601,244.86267641659367,68.30506566335104,231.76533101663765
215.4937130505815,249.0925384785298,67.0063264121541,232.39932419322741
211.26571815327264,250.6308970733699,66.39905207569257,233.85423906908682
202.26896103587433,246.99804113247302,66.22922300011821,236.57911512328778
197.65793795771532,242.0416315311947,66.29906828558435,237.3397334549925
195.68332692042134,239.94625868736713,65.66015618908054,236.94234497155588
186.73052803817063,237.65222488777482,65.28350324233652,236.9598498929291
184.20491914259247,235.595954326744,65.77097377063907,236.50864375213703
177.36512213271266,232.66532305094682,65.75099174983902,237.80338095687807
174.98895420710397,230.52477864848976,65.91892575465707,237.50006791539295
174.9145503984425,228.27741299427336,66.06773337198007,237.41152508911597
171.66528025498192,226.1562352117674,67.98145973553316,237.06906673075994
170.69613018877715,223.91939619591884,69.91975986794274,236.92698171400644
171.8814426725481,223.970764557106,72.19899474220223,236.82424499163213
184.64897972512333,226.43890113801774,74.80807979226046,236.57866502234347
190.95987127806507,231.371352218325,76.39250039588897,236.18456533473696
199.183642032136,236.08762039860645,78.98078393733188,236.26994149896638
205.73667940021085,235.9354148072811,80.29755440928712,236.57435268161709
219.17666101959907,240.86841361590552,82.43365035331692,236.38037479197033
226.59205520696167,242.95403414673584,82.21935444018116,237.0812978841729
236.61403750312599,242.20240192488848,81.68845037286164,238.58456232786762
244.21559343750891,241.45849652033897,81.15542522434495,240.07237313696663
250.0085205564069,240.40051517560613,79.37257319808813,242.18833582643228
258.84204007611424,241.68395247157363,76.40248590938887,244.52044515140238
265.31258961095386,243.2307556433211,73.21630360088812,246.30429718849672
268.9799080866601,249.9804933376812,70.72539739741164,247.33601404358444
277.38963935911033,252.61150482016143,68.34171051590516,246.8859162997553
278.4074210328537,252.2829548144753,66.30614716841836,247.5430163111276
286.5253356739202,252.04509816025524,64.26633081107654,248.0187296195677
284.16824310226656,245.64200577130174,64.2802964407839,246.72425585667497
293.342635184699,243.94246215967158,64.66067011099949,245.44105362116517
293.50269219698566,241.41982004844613,64.34055608642622,245.81491072399774
291.94975537092307,240.55186425194336,62.77578611754069,247.55082231700325
290.18286067797806,239.71353045147632,61.64413910023613,249.22748991793736
288.20307487954915,239.52016427656008,60.93622445434458,249.61422226776983
274.0209581583362,244.82346802658364,61.34381007275623,248.32649737572746
281.18231068439184,243.92653941381488,60.9685241649431,250.12035460126498
276.58680811782784,241.4850414566978,60.82522656476224,250.3361991488447
276.409374403957,234.48672400406915,61.18009399250397,250.33049174340573
276.5209615912894,234.22446335562913,60.956919617839205,250.85501304028577
274.1434432953513,232.93231782715696,61.034728291137355,248.76207617865214
272.2151574001629,232.66379667258352,60.2419309216078,249.29911848779903
270.0150145984028,235.36785655484297,60.00041895987041,253.17459385379556
269.5946599962795,247.59648338810476,60.84112816411695,256.8661825746455
269.2051179336427,255.96357440114394,61.620212289390565,259.1689130263037
269.11015359003864,260.1183903262582,61.81014097659869,260.4719957309561
269.0649196644982,259.44944845473754,61.90060882767967,261.8098794739974
280.87277322779954,260.8983632965359,62.52837489281076,263.76074442874744
290.3477310439878,261.0554897757863,63.130485867335835,268.33449812197193
281.86323009438644,259.4340100436251,65.20883688087675,266.6139072910739
296.47447104384617,258.72075688785986,65.86096422776268,268.0404136026043
288.66866577086176,257.09391405217616,66.43803723858956,271.29409927397177
290.57621380672424,253.89888162418077,67.69105541245624,272.6160498843709
302.9669686375086,252.48499476040968,68.46195373566073,275.4438236119131
318.09180805995265,252.77717856996392,69.20106049124503,274.8594559928046
322.9443153646819,259.1250585105205,69.83730202480957,272.50495225471457
324.58053635115965,260.4460821746852,71.71448260360565,269.8629049263851
326.28845603214506,261.91421209365564,73.44657362833453,266.9266450884443
330.52260296044165,261.51222493833615,75.25658422557034,262.5914671721688
340.3470158220228,260.6034294146982,76.05525062844974,259.29718518793425
345.6133473674659,252.9754268269459,75.68302680933004,259.3125314557889
351.08726141387297,246.46055051623236,74.88221525511321,257.1217592693201
354.27839427447043,245.24301226773883,73.52758908585196,254.52919621437343
357.7370733704639,242.47783970490534,71.57600397908237,255.09376825482315
360.98460521254066,239.93813622997837,70.0182294062132,255.2358860933927
361.38153288177637,234.2263579904397,69.22437406774173,256.8392426417958
361.7296718342467,225.99613843898453,68.52809616280118,258.54638298313694
361.9584585882086,223.377228584569,68.07052265487732,258.8555222374354
361.74267059286075,221.19216752905587,68.50209864557307,258.3012444730527
361.44889483704026,210.96859077395433,69.08965015721397,254.12468809447506
346.8185841631381,211.11356525388982,69.0882057966387,248.95772818320745
346.7895882777255,210.71637005997948,69.14619756746391,244.9479375832671
329.63434126824814,210.77663279303664,70.21566114313592,240.0786934823981
314.929644716602,218.25508686886906,71.42555739005874,234.5216176161897
312.0822009142483,227.53166430598543,72.47668206870546,229.89975152013906
295.04088392724447,232.8274809322802,74.37562503997466,223.90578841079784
278.43200594124164,239.09395239797735,75.76163745051446,220.46762935410806
271.2386063544819,236.8026369946299,76.57722016603182,216.0027825221348
255.1184004131594,242.42909314079452,77.49362911104585,213.69958535484298
243.77388225877343,246.13014314534465,77.88995532064723,210.7560273655768
230.91872358209807,247.31618300933363,77.05881873594346,208.38394763759885
218.65207628875612,241.89098980146582,75.34445761044968,210.4851154826085
219.2880569095731,240.85142189327212,74.07249636881573,212.56425129899594
202.4419616543176,236.1187267811029,72.7225723328892,217.64937720502962
203.1966889966335,231.395659738537,71.21311764825737,222.66740328967532
192.98972457117173,232.0409492923564,69.26828547636126,225.84857638660048
191.6572886310591,231.5272526521524,67.45216809660356,231.3569589269915
187.860489526141,231.84997665243407,65.99533551532909,235.23672632198353
183.97436969025122,233.41506492458814,64.66199348863678,236.65934062691133
180.00512861087753,235.42214063168964,63.50477612482288,237.19303897398896
177.9936063348343,236.14004115676425,62.994212315779926,235.75723792383974
169.52123187071294,236.96683307537018,61.923800935789444,238.6074441636862
167.05611788839497,237.70720118863102,62.33034684014842,237.12670793716447
164.80379435999419,237.65767203958328,62.324451807381095,237.22576623525998
162.65181648514618,237.85406059886358,62.11658373490663,236.83298911669937
160.37931285884017,236.850555796599,62.15921276679451,234.33762050050436
157.4788919692052,239.16216060377667,63.49196802450499,234.18249740770844
156.27316568769885,245.73328638507346,65.90342058751772,234.51320412255546
157.24639649818846,252.57122843401797,68.49782496084404,234.4599180075831
160.91346667122065,261.475068313811,70.34074994417152,235.00636890678086
160.4431081955091,263.3192790909902,71.28146689559463,235.94846237871968
161.9959808639448,263.12305274436056,72.83701716767739,236.34091507197897
163.6103034962585,260.5873848315783,74.30402223390298,236.71660056669052
163.09590141813092,255.90550065704804,75.33282639015812,236.62423702619398
167.77676264004532,248.90109063823945,75.46252912732211,236.395919292322
170.1277641942757,244.2305146672275,75.50538472381814,236.24735382443234
172.4525254612017,241.66140184656606,75.59940023253769,236.64204142318368
174.42346784870625,237.3016522800309,76.40838714345492,235.85979718440126
178.41316574554125,233.25277072090597,77.93825892975791,234.44829272267816
178.03899770356895,219.20264264814355,78.68659501370254,233.97286000029175
177.8242355805726,207.98478932674797,79.11611925969521,232.5608936769856
178.07057454739714,203.37511164615012,78.6234413260461,232.26571453242016
180.95914373998437,201.12859471896078,77.59037175385507,232.0146795738155
181.1999336063804,203.73426446865744,77.10879202106301,231.52495528737165
181.13933619158897,210.94713829981106,77.22998685064583,231.2167124227732
181.00849720747297,217.56830540759384,77.49166481887784,232.0853745258101
181.07868040127534,219.5281320388515,77.35129843127312,232.88653720685414
181.1736400900752,221.3637682560332,77.16137905367337,233.9449131023479
181.12279245095317,221.44336343630053,77.26307433191745,233.78572274181323
181.3559781849002,223.73182078835325,76.79670286402335,233.9496330435406
181.42560080314655,223.64642896399778,76.65745762753065,234.12041669225155
181.77180259819806,225.27865888120795,75.96505403742766,235.59044063881728
177.51996400995475,226.93418384076273,74.98340749188071,237.0220525807246
175.3292778000096,228.6446643946914,74.61985656170444,238.34601482293374
173.3106254460925,228.46568155262952,73.90015892100139,238.7039805070575
168.78639350672373,225.88842570704688,73.45104398677084,239.1097027917387
164.10494358669146,223.0604734814812,73.32147130116515,240.019370980035
161.6592943477002,210.503191651465,73.4560447102162,241.35030929540994
156.7297155152753,207.7310605017251,73.75907058519115,242.1165056999523
156.76013576818877,200.17558591447659,73.69823007936418,242.84387231773132
156.54862642287634,199.94527067983054,74.12124876998904,243.3045027870234
156.2244396780619,197.435747949053,74.76962225961788,243.50549046597826
156.13806188463803,189.9692764716043,74.94237784646566,243.9397219759877
156.18945264227796,187.57974623424676,74.83959633118579,243.8765311808492
156.01297922066306,187.30942202767278,75.19254317441563,244.41717959399713
155.62940950624974,191.3029070366003,75.95968260324224,246.13749498010984
155.3732834944463,200.23321050994963,76.47193462684912,247.84570093161526
157.675201381617,204.41677852379408,76.79397855591779,249.33032431074656
157.585667985128,208.7085720718794,76.9730453488958,250.6524800241785
157.6995285069276,210.92532706099814,76.74532430529658,251.19388631609286
160.14491480964563,213.31573258251132,76.83292393720541,251.39144751041135
160.17109956647772,220.73669961687628,76.78055442354125,251.4978889969787
160.27204066113427,225.4121858365174,76.57867223422814,252.11357681757312
160.25293899703752,227.45959010618503,76.6168755624216,253.00707922032257
160.19327893067285,229.74821955271523,76.73619569515095,253.43148972629618
160.18418490510993,229.2339928399789,76.7543837462768,254.4599431517688
160.15741314818325,228.87900998818753,76.80792726013016,255.16990885535157
160.1311951161095,228.36545941915955,76.86036332427766,256.1970099934075
160.2272665440973,225.59822728954663,76.66822046830208,256.6801398894729
160.23197726654814,225.12696078097656,76.65879902340036,257.62267290661305
160.2131639125002,222.07124664058205,76.69642573149628,258.6663386128474
155.10902881594572,211.11881332961704,76.7382506878421,260.23831476125116
154.87677036637143,207.99215154692556,77.20276758699066,261.3854101498535
154.84861001381734,197.41724268048193,77.25908829209888,262.0108946043375
154.5909338728851,192.2509788649751,77.77444057396332,262.0614740378026
154.45227633931623,176.70495629153856,78.05175564110105,262.2459110000583
151.46778613981564,171.38367237845833,78.86170807721913,262.57042290045257
151.46243304382438,168.4778354259975,78.87241426920164,263.2034439347111
151.46638105420897,167.84925991637903,78.86451824843252,264.4605949539481
151.09618980441107,172.8592594344915,79.60490074802829,264.8514935229932
153.4276642337255,180.3930602811871,80.16667154316822,265.45805079090826
153.03548518765626,185.58973029013708,80.9510296353067,265.55215369568884
152.5577897592292,188.24569154501194,81.90642049216082,265.4998158443226
152.2395183268334,193.63371105996,82.54296335695238,265.27681269987903
151.75149139994647,198.87394799741912,83.51901721072628,265.36657343439515
151.34472498472195,204.14860886836158,84.33255004117532,265.4260506278953
151.18122660861704,209.64081190863513,84.65954679338512,265.0821112793264
148.61873261010086,212.23392361677907,84.46316444839546,265.2172582050606
143.4410603334031,214.55433148195394,84.17916002372527,265.89611696374374
140.82024076182495,214.3123806246246,84.0967198163518,266.3800186784024
140.8373627878112,214.09616771660484,84.06247576437924,266.81244449444193
135.82636880402617,209.0289503212095,83.41460248563448,266.27701803891784
133.62642927870854,206.39222472964997,82.49909365703878,266.235081342806
134.07216042225917,203.7380228927173,81.60763136993748,266.24559358023225
129.4718115126007,203.54164061987953,80.24521116377647,266.6383581259078
125.06286168147506,203.04619721343892,78.53934296659433,267.62924493878904
123.22168936606045,205.14220151370142,76.97747621816204,268.68144771752554
121.34833158741249,207.11837370985086,75.49422123450935,269.95907386617534
121.91555484031424,207.10934908556325,74.35977472870584,269.97712311475055
119.95109195519788,204.34671804667923,73.08943209298853,270.3031167865685
120.87309524940372,201.38742064098926,71.24542550457686,271.04170708873664
124.14108809990834,203.25818470872665,69.86510679513171,272.45584594482597
127.46114618738046,204.87158446166944,68.37444961751456,274.37850543626746
127.90262543633102,206.80068859246674,67.49149111961343,275.66848668924837
128.1760257728321,209.1255830063151,66.94469044661126,276.16819230996674
128.11747587362518,209.1639759822293,67.06179024502512,276.0914063581384
130.09014670457643,209.62222469885552,68.26368903356443,275.1749089248859
134.3053526421266,212.5909357302503,70.14779333995412,274.3947449528414
135.83071618074985,212.8194465770712,72.27911046263611,273.9377232591996
137.46859384267356,215.59164399222414,74.21924835550053,273.60922164560554
136.51909290047035,218.5821081026993,76.11825023990689,272.87608843929047
135.63114626728895,218.8614993223963,77.89414350626973,272.31730599989646
134.65466010121702,219.24630650239786,79.84711583841357,271.54769163989334
133.91298584184372,219.51606068528994,81.33046435716018,271.0081832741092
133.04887264712755,219.57844049372784,83.05869074659253,270.8834236572334
132.47947207229623,222.22899789519536,84.19749189625512,270.9564151735239
132.08145094243335,222.24245223131845,84.99353415598092,270.92950650127773
132.02210553388352,224.86855916883667,85.11222497308054,271.0877938343217
131.77347185708106,224.7310153886453,85.60949232668548,271.36288139470446
134.58530323764083,224.56255583585678,85.41383576851534,271.69980050028147
134.49694738357954,224.44734829027223,85.59054747663797,271.9302155914506
137.31185152635538,224.23592789720522,85.39644500076064,272.3530563775846
137.24683010039536,224.28643403907634,85.52648785268073,272.25204409384236
139.9573929693386,224.1499578235041,85.54445200411254,272.5249965249868
142.72538855680023,224.0790574230034,85.45175371140685,272.6667973259882
142.8014253265272,224.2182091954061,85.2996801719529,272.38849378118283
148.62218401265866,224.1391154907849,84.53184607747333,272.54668119042526
148.75010250442728,224.4665392535826,84.27600909393612,271.89183366482985
151.84049186014443,224.5156786102243,83.50613135111159,271.7935549515464
152.11904846930247,227.2582851844507,82.94901813279549,271.70361897063674
155.22276251475554,226.96707020111546,82.12528483956443,272.2860489373072
155.57339897992156,226.82079772282498,81.42401190923239,272.5785938938882
158.62050126003328,229.47270279305215,80.69761868740048,272.6425950918254
158.98267717549874,229.5497183780005,79.97326685646956,272.4885639219287
162.13192216995327,232.48180521164966,79.01435374417773,271.9639671312476
165.1627383797483,232.8311450768334,78.26703200862706,271.26528740088014
167.85536277973202,235.86178731599372,78.17229590821314,270.49451562211294
168.10176547875474,236.4305218512743,77.6794905101677,269.3570465515518
168.4788214107619,233.8785934260749,76.9253786461534,269.2082965941634
171.68890797169996,234.00721485732146,75.74164127858049,268.9510537316703
174.70365855642603,231.59825841897836,74.92282521908268,268.5582814984021
175.00630545079804,231.7762295152541,74.31753143033868,268.2023393058506
177.51275538799297,231.94613155943517,74.47809437180783,267.86253521748847
182.83440716111522,232.20430193125082,74.17815359490407,267.34619447385717
188.21346449554386,232.4595267946785,73.7376034141058,266.8357447470018
190.89488984214864,232.92195611595147,73.51808204640021,265.91088610445587
193.40727244641985,233.47819403905254,73.61949525518321,264.79841025825374
195.98224827408774,229.19862635117534,73.58194100234927,263.1327508290045
201.33852480455658,227.11263127433836,73.04580470700083,262.21653259988386
203.84561313331108,227.61172193574563,73.09687763484476,261.2183512770693
203.65094408587385,225.55019401753808,73.48621572971919,260.28927636837483
206.39014246012786,226.0808910690871,73.05412899733228,259.2278822652768
206.1576148847603,226.40227207972958,73.51918414806738,258.5851202439918
205.83701670665818,224.15452294840532,74.16038050427161,258.0577390211272
205.83674035252582,224.25563969297613,74.16093321253636,257.85550553198556
205.913767543186,222.1130443258704,74.00687883121603,257.11613654274066
205.9706886449922,220.09407068711096,73.89303662760358,256.1428384526862
205.96980724012784,220.31831113324247,73.89479943733232,255.69435756042316
206.16384059677029,218.4019534538113,73.50673272404744,254.53799705888164
206.42711281151304,219.34515615399832,72.98018829456194,252.65159165850758
201.9144750409236,220.71216248661761,72.14736704374761,249.917578993269
197.4076267177501,221.989252976541,71.41125059546657,247.36339801342223
195.277383494096,222.72832887047343,70.84662944274723,245.88524622555735
190.6845714735054,223.4253084033889,70.44484716386515,244.49128715972643
185.9855560865428,223.76938154673206,70.30982932683492,243.80314087304012
183.56765877968832,223.95359537169674,70.39133585556382,243.43471322311075
178.91469329494262,226.57437719383364,70.1960584428641,242.9437537699325
176.34600705036343,227.0886814242201,70.59340162377914,241.91514530915956
169.23180335566653,227.79557496254418,70.62310694927872,240.50135823251145
166.41493874308117,228.34276814658944,71.54336385347673,239.4069718644209
161.11074041040087,228.82004221636507,72.72156556283895,238.45242372486967
151.320184407287,227.1786787532731,73.40896960261736,237.01172365944132
148.7060369567938,227.78943124754278,73.92153648202256,235.7902186709019
141.73752495001213,228.34234852591587,73.7349462542857,234.68438411415576
139.22913799368666,229.01636147238332,74.0629754412926,233.33635822122088
129.62527114502524,231.6707189547118,74.56805651034264,232.7033064136322
124.74743560000407,232.19928002517952,74.97178320009422,231.6461842726967
120.37937255262308,234.75474786184125,74.37115330300381,231.20362659529945
113.76833290068761,234.75872483580727,73.64007181342689,231.19567264736742
109.30303930695553,234.98028509573376,73.29567597131347,230.75255212751443
107.25819719127209,234.93407558708918,72.7604993426614,230.84497114480357
102.70319534960748,235.00283463025616,72.63787889830401,230.70745305846964
98.22988603632828,234.99019263115173,72.3602963193304,230.73273705667847
98.16915605282512,237.47335346084427,72.48175628633676,230.3737557301318
98.19184915801651,237.94063450114896,72.43637007595396,229.4391936495224
98.32229932434771,238.5220202637263,72.17546974329157,228.27642212436777
96.27203315047853,236.70847562467765,71.70691591856263,227.33442522999766
94.07757006086521,237.2856134015409,71.5487566916259,226.18014967627118
94.09644271008366,235.59605992197586,71.51101139318901,225.03146383724646
91.75656424782258,235.81271936806667,71.67997272252892,224.59814494506486
91.9943093858042,235.7443076026675,71.20448244656566,224.73496847586318
92.03720134470639,233.83332963807362,71.11869852876129,224.05598227877348
92.23580967773387,236.27164538000653,70.72148186270633,223.6690767093911
92.14631418873218,236.76313946196484,70.90047284070971,222.68608854547452
92.23946866733954,239.23441732723032,70.71416388349499,222.20979645239794
92.24263660412498,241.6487656997873,70.70782800992409,221.83717252986958
92.28876681194197,239.79913876025594,70.61556759429014,221.08575972703608
94.59058394395507,240.14443316117496,70.45023445545799,220.39517092519804
97.06362663800468,240.45779029290978,69.9296031142407,219.7684566617284
99.44789462594039,238.87287972262214,69.5680418472434,218.53130309342953
99.54552650187091,237.01587137203836,69.3727780953824,217.8625625811121
102.0627300981446,235.0705134648276,68.70804065483637,217.38360864353234
104.54292162059485,235.22087537471913,68.09828683131047,217.08288482374925
104.74398216278735,235.60655136480472,67.69616574692547,216.31153284357814
105.18225271667748,235.99126200471898,66.81962463914522,215.54211156374961
105.40920041295328,236.30217914850522,66.36572924659363,214.92027727617713
105.49179698877737,236.36528337582803,66.20053609494545,214.7940688215315
103.48713075663548,236.43411776511533,65.94224039673293,214.65640004295685
101.52506312135685,236.7341591086258,65.60547453122064,214.05631735593596
97.34383625370995,235.0634110006774,65.4755882792018,213.15164357817645
97.50348538114815,235.43805985380146,65.15629002432541,212.40234587192833
97.58128433177095,235.76502095308945,65.00069212307983,211.74842367335236
95.39332784065017,235.99582276886008,65.17431884074838,211.28682004181107
92.78810242674263,232.37137613513255,66.18581330281533,210.13780057776992
90.55252832003902,230.65874209436362,66.45562412289208,209.36173126597728
86.7511778511201,228.88608047944945,65.66773163262386,208.71175778175254
86.79302251586373,227.08037598548202,65.5840423031366,208.1516114414798
86.73017635762443,227.21394457088448,65.7097346196152,207.88447427067484
86.72489087118153,229.1458643616989,65.720305592501,208.1812269683345
86.88174477586234,229.4988266440293,65.40659778313938,207.4753024036737
87.01186286699621,231.73764879265076,65.14636160087164,207.1468580519136
87.14492245239053,231.76231531352005,64.880242430083,207.097525010175
87.08155076837147,234.13870934888195,65.00698579812111,206.4788716768329
88.84061812041469,236.48682281683097,65.61654795520799,205.91034160210816
90.71669942859405,242.68399042513383,65.99524333125419,205.90858036271726
95.06275386770241,244.65318480325487,65.57873647402685,206.10799261696994
99.35984282491945,250.79167043358726,65.25049377413822,206.22992417812333
101.96024973721124,251.04002389033963,64.17833261142269,205.73321726461856
102.35290622292659,252.79791135003614,63.393019639992,206.3192770148356
105.21073927729,252.2039321690644,61.77298463174709,207.50723537677914
108.26419179108866,252.08550066484153,59.748503348257906,207.74409838522485
109.24257102317556,251.91001977033852,57.791744884084125,208.09506017423087
112.12969361655436,253.3634334368544,56.03395853382636,209.20469167769895
115.27264233807034,256.8152842470647,53.74713790139872,210.299143678487
118.33016951199565,257.82583020659933,51.60337697974522,212.2493451856149
119.12651854703248,256.6713606173452,50.0106789096716,214.55828436412312
119.19579927612693,254.41882214224273,49.87211745148268,215.10349827708197
116.9471941115975,249.22210101149,50.40448993420928,213.60242699959065
114.87834113456891,244.7763875898476,50.58817718847454,214.58581644329166
114.72464290166128,239.73967177700928,50.89557365428979,216.71665283037385
111.00624700443618,233.35368587723391,50.31835662241225,217.46761139043298
111.18360473314617,233.47748730580565,49.963641164992254,217.2200085332895
111.16218145931961,229.46139557926423,50.00648771264535,217.25979498171063
108.71185370121941,229.9902739169191,50.90956665913632,216.20203830640088
100.32973489509233,225.91991309506625,51.67353033096794,216.3426229798953
99.71308417350704,223.0732725937243,52.906831774138496,214.00263686785422
96.93099192666288,223.06962320633434,54.46368527585418,214.00993564263416
93.96687618353869,215.12871099696068,56.35493926228797,213.74385006212304
91.47807106073623,211.78837140564656,57.26356355229147,212.28655733354842
82.98757267236545,211.20599869802493,57.98218979241837,209.3857101146381
80.98974750564221,210.82612156996743,57.93961869905439,210.1454643707531
76.69984464412258,212.94388877094758,58.42316205331434,209.9580611531824
78.78301556740757,216.18266208818176,58.31137332260229,207.53506763457196
76.78650581424047,219.51813357919963,58.28610114006409,204.88241634140863
75.18623970072831,224.2021281813008,57.506240954133155,203.47521196311686
73.25825303661182,228.8101649829004,57.41625332405168,202.15106027654645
71.7433783196481,232.50448430422682,56.52040830322962,202.6136105433926
66.13733129163892,234.377510847207,55.986416264007694,202.78291948917905
64.41249304125417,235.71195860622254,55.52835064740117,204.02176608852403
61.21370173046268,234.7113270612225,54.09273579334668,206.02302917852407
59.42266201418283,236.35667982973473,53.75708264179266,206.6500562256133
59.672344322585985,240.10719092223314,53.25771802498636,206.98945450597589
59.61195101757485,246.25686308691323,53.37850463500862,206.43672787447093
59.26753414056226,249.79564905837464,54.06733838903381,203.26921329769027
59.067096541108285,251.65232143374735,54.46821358794176,199.55586854694485
54.98067632474973,251.5865781723945,54.97348465591601,195.85357038727915
54.59550282201842,248.5015138189139,55.743831661378636,190.65048309932658
56.58632806935147,250.04808234997137,55.494172490401354,187.55734603721172
56.72490571018936,248.1946500036753,55.21701720872556,183.89696783998087
58.515105898755,244.41113354658026,55.263312425459546,180.5839139725752
62.55160211023303,244.56365849080328,54.35161336806293,180.27886408412917
71.31355978455503,237.58349071227747,54.624897210138315,180.0014402886053
71.74047480958868,235.9131536635229,53.77106716007101,179.78153709126786
76.05116896379934,235.2730280598235,52.23294380435621,181.06178829866664
80.0688082753644,231.40470090905336,51.25989544297131,181.73621233846174
85.75790463094364,230.86612113786381,50.44909561639693,182.81337188084086
96.30835915330616,236.1450693717578,50.48300073070664,186.34535151907605
98.40046812721299,241.56259321308613,49.871643743344826,189.8017476782269
98.70811528649926,244.30412050298048,49.25634942477228,191.53866155447247
99.02416503272025,243.97251077856617,48.62424993233033,195.82465303712613
101.07617073606711,234.73827536284054,48.19119473927555,199.6092990140216
102.90192287112454,236.00905117198826,48.25546591957832,200.78352284614374
102.79558428133058,234.64645547090112,48.468143099166255,203.508714248318
104.8231874046372,233.85152400632307,48.18862197163503,208.87426229655614
106.40431171501605,233.25219788438764,48.871807824178774,213.91834901372846
107.93210878737605,235.5862960491447,49.74529471807092,217.10831476143863
107.47047116235886,237.54960780789202,50.668569968105295,217.17213968779024
106.96475232469774,239.72762866777344,51.68000764342754,216.82513314986966
106.57819710050596,230.87080662858443,52.45311809181109,218.44471648993968
106.27874350867467,228.99785181005763,53.052025275473696,218.12966911679874
106.1428226470872,226.4112244641493,53.323866998648626,219.23496449829267
105.97808171744497,226.15397432238947,53.65334885793309,219.74946478181238
103.83116037895917,226.00990123148927,53.8450751224551,220.03761096361282
101.75739513360894,225.03291458467606,53.88279974087093,221.9915842572392
97.77215681019413,221.65236171776286,53.57744775317603,224.6147756738034
97.67651627147629,217.07463419558317,53.768728830611735,225.43254575449606
95.2371528458487,213.66316077358394,54.46350762466837,223.8875964840974
89.25507074554567,212.0929663090604,53.90101739722519,227.02798541314453
82.96981357402052,212.226420853689,53.84507856013826,230.96989405059963
80.55510771344557,211.26522539888168,54.41156277224084,232.8922849602143
73.68895757271773,212.2124755452857,55.241842609970035,235.29845814864834
68.97834451726382,217.46288706352686,55.96259442344539,237.8483465583147
66.37661954421984,226.65242827339165,56.76632894991609,241.46784123667135
63.64234736740642,232.75453983169402,57.76912034392426,242.66087699892267
60.722313928444244,239.75157102178824,59.10756502930987,242.17168119635045
57.354188026357185,243.0222283059681,61.32352642574729,240.15065703572748
51.90245946045445,246.08103702605496,63.15896685542867,238.56704794661582
51.43736445262619,249.11512471368178,64.0891568710852,237.0452992431018
48.98895729951618,253.00689343108667,64.44344872528829,238.34680671232596
46.37192212567062,255.18611118073977,65.11001043996077,238.55587984603835
46.16183658752844,250.37418394246086,65.53018151624514,239.01377901477377
45.76843598725607,247.3148813357583,66.31698271678988,240.53506788453237
45.110487471811425,242.68023377800083,67.63287974767917,240.5373351135725
46.61728396245468,242.4301518683451,69.27748137635831,241.037498932884
60.10892767942417,241.60849562071863,70.4700603324539,242.6808114281369
61.97723194991645,243.45433901063134,71.47487346572827,243.73054632257043
63.82124696152507,244.87490994214102,72.56180792506781,245.66436894210793
68.41177685607727,243.92430711404015,73.02578558199973,247.56557459830964
75.45183630149046,240.72988203301531,73.51974513777128,249.09639861149336
80.17020567525921,237.6787370878212,73.8607148138053,250.3098342900958
92.1044188398283,235.22610165778678,74.5540399031703,250.30275486646394
94.36472004230284,232.74601484659792,74.95857069909616,250.33779528796674
103.87136816072055,230.43036307419206,75.67782890875172,250.03596022115568
116.03034589989076,228.49917406044122,76.07089881386565,248.95613317196643
118.64193472644408,228.8151591519006,75.78191507322481,248.3241629890477
121.37617503608212,229.1863251587312,75.23332826140849,247.58183097538648
126.45708026420355,231.234922005709,74.86996403157045,248.3838603946333
129.04549349073284,230.60758000024916,74.59698120352337,249.63854440555298
133.9542932684941,232.21952436799359,74.6124499342768,251.3311898132021
136.54895921653446,233.57914752522535,74.3638826121433,253.55270807268568
136.53811978374182,232.87883740635394,74.38556147772856,254.9533283104285
138.98756593874262,232.5211443245168,74.47441967135136,255.66871447410276
141.53210689923242,232.30992219740415,74.3848515442315,256.0911587283281
143.8684001507087,234.32495480846637,74.71607902089731,257.064907485822
146.30092060873963,233.8749879102358,74.87477984548593,257.96484128228315
148.61239185321702,235.8316656127929,75.2912497762166,259.09089829685433
150.60103780772903,237.5808715459185,76.37703799649924,260.65556655990974
155.17673290704678,239.4241730416373,77.43646218130395,262.0743707601923
157.32022945321205,239.14747472609258,78.29463841599181,262.62776739128174
162.1182066945707,238.4233438628289,79.03656367846907,264.0760291178091
164.36090154165322,237.7665805345372,79.7543757912733,265.3895557743925
167.3804237246709,236.98314586186984,78.9504382509779,266.9564251197272
170.23559262517614,236.29417641489388,78.48244475492552,268.33436401367914
170.4755049404048,238.43314859727494,78.00262012446822,269.3095381062395
173.29259923806703,237.76966259938004,77.62639128076728,270.63651010202926
173.24092437274172,237.20332603637237,77.72974101141791,271.7691832280446
172.81422708886305,236.98797212366364,78.5831355791752,272.19989105346207
172.53219594617306,236.92710638425825,79.14719786455522,272.32162253227284
172.40083037467775,234.28403638273815,79.4099290075458,272.2859240662445
172.16107863586006,234.63475307612075,79.8894324851812,271.5844906794793
171.92335399054386,232.0106675172829,80.36488177581361,271.50742425932344
171.76932377244947,229.47056675540674,80.67294221200241,271.25463793903253
171.592535082192,226.79902389112783,81.02651959251733,271.262587252137
171.63476441076006,226.23420624368302,80.94206093538122,272.3922225470266
171.50783313651453,225.65029019746936,81.19592348387226,273.56005463945394
174.27542048245084,224.9027614456013,81.03820727853632,275.05511214319006
177.0873501347009,223.8338291879251,80.81001546520314,277.1929766585425
176.97592601245591,225.90275443242012,81.0328637096931,278.47676370024726
176.82200662098552,225.26233387837232,81.34070249263388,279.7576048083429
176.60595103260403,225.37953069164735,81.77281366939687,279.5232111817928
176.29463704909108,225.70460791300638,82.39544163642279,278.87305673907474
175.95083662764702,228.05871342003582,83.0830424793109,279.63972910019584
175.58371167752097,227.6110807308672,83.81729237956304,280.53499447853306
175.11688799478839,226.29161155404262,84.75093974502818,283.17393283218223
174.53503438924588,224.81881045034854,85.91464695611319,286.1195350395704
174.17397600687966,223.20486312682797,86.63676372084564,289.3474296866115
173.77874405903788,221.67170718140736,87.4272276165292,292.41374157745275
170.86703593775115,223.3549220990305,87.49077482397523,294.8071807773339
170.7007341394416,222.4270214089796,87.82337842059435,296.66298215743564
170.66249337941596,221.76283359386207,87.89985994064563,297.9913577876707
170.62099545601438,223.92130588828752,87.98285578744878,299.5219485070046
170.40464999106433,223.49746488019053,88.41554671734887,300.36963052319857
170.2123698190921,222.97989125079823,88.80010706129337,301.40477778198317
172.98087386838893,225.23465251612518,89.17563369815382,302.80778998678346
172.84124234530447,224.5653084404492,89.45489674432278,304.1464781381354
172.52005489279406,224.17554083766922,90.09727164934353,304.9260133436954
172.287322283757,226.55852565178841,90.5627368674177,306.1464823673769
174.90474060477857,225.94786778915324,91.34024862361375,307.36779809264726
174.79753372483094,225.05631037986234,91.554662383509,309.15091291122906
177.79009728648316,224.3316519786424,91.64280451325234,310.6002297136689
177.83330349995146,223.0942554975619,91.55639208631575,313.0750226758299
180.59172070464754,224.80454332535072,92.1683337524528,315.7832230957815
180.54701529971712,223.47569048218668,92.25774456231365,318.4409287821096
180.50314631366393,222.19050963014115,92.34548253442,321.01129048620066
180.19208761233511,220.9879069199834,92.96759993707761,323.41649590651616
183.0161512630458,219.921090093576,93.62063457533796,325.55012955933097
182.81392696096714,218.6582666201987,94.02508317949528,328.07577650608556
182.79814233311964,217.28032733209434,94.05665243519027,330.8316550822943
182.83168121693316,216.20967275579164,93.98957466756326,332.9729642348997
182.67164380630783,215.0216814191098,94.30964948881392,335.3489469082634
182.54210021354635,213.6113182315786,94.56873667433692,338.1696732833258
179.24435631031724,212.66347039532667,94.6249565162079,340.0653689558296
175.81458316290698,215.0157231305075,94.91745226277573,341.9279140337206
175.73521811043173,213.82953402962647,95.0761823677262,344.30029223548263
172.16511024482003,210.17342502312573,95.58119489502147,344.9773070445559
171.84561283008432,206.79437905106593,96.22018972449291,345.0811859404765
171.5280171582115,206.64409730494404,96.85538106823857,345.38174943272026
171.05510349497263,206.43265786711248,97.80120839471631,345.80462830838337
170.37088918855088,206.38370205764386,99.16963700755981,345.9025399273206
173.21785730938586,210.06991429180053,100.21007832546789,345.26449301858537
176.35260874902824,213.66191412644991,100.68534311623216,344.8252610193357
179.61238751552617,217.22811094796828,100.91319913865463,344.4402809317173
179.38971686121945,224.12964588678688,101.35854044726807,344.1296392829727
182.86298601866494,227.62069124434996,101.16211007688752,343.89765651235695
186.5267812716315,227.87912057193586,100.57769461592083,343.38079785718514
189.95601217517716,224.5895101877568,100.4442287504126,343.2350226839602
193.29288762204231,221.4090990168543,100.49092950776983,342.8753933746777
200.08878343053465,217.90669254991465,100.33161387009102,343.163968318904
199.75342990967494,215.23090147243448,101.00232091181044,341.79819919592
202.68528021142137,202.82258740357526,101.84914159976591,339.7727421678451
202.28457656461688,200.06485864262285,102.65054889337486,338.59060099074037
202.10318069763318,190.85352312137036,103.01334062734229,336.926095002353
202.41815662163643,187.9420729917766,102.3833887793358,336.0701232307792
202.62287992610968,178.79440072416543,101.97394217038932,334.4002056805865
203.2288728701782,176.24127706835802,100.76195628225223,332.8825960967661
203.94461663746063,173.7020259014163,99.33046874768739,331.381179633391
204.29844773527208,174.3627928673002,98.6228065520645,330.05964570162325
204.6118665099022,174.77876967879783,97.99596900280427,329.22769207862797
204.79847133273563,175.57775822765348,97.62275935713737,327.6297149809167
204.38443816726323,182.93946730201299,98.45082568808222,325.80099685322216
203.97149099690336,196.52597404931592,99.27672002880193,324.37532299900505
203.70604285126305,206.972097440759,99.80761632008257,322.7789032669725
203.85253075332145,214.1134175207126,99.51464051596577,321.3345435579752
200.7904391444532,217.75943096362937,99.24556867012397,320.43577173572
197.5474876742737,221.38025987576665,99.35592718325337,319.5696583386751
191.10704755208428,221.5776476619581,99.50619677850867,319.17488276629217
188.00163384391905,218.80331803953192,99.35454147954533,318.36105929585085
181.78880131986142,215.84157771517522,99.08391892317857,317.93639614232325
175.55970724314116,212.86319453075942,98.86785333043508,317.5560356380629
172.70992612924064,207.04089644823665,98.2396706290379,316.545141944712
169.7375426414876,204.3801226332658,97.88262473492678,315.5648767050364
166.5773401245552,195.56373390807062,97.92170781765407,314.35368830201423
157.68909436116212,189.87288527754433,96.90358043707147,313.205639624821
158.41349417621672,190.79811569487566,95.45478080696229,311.35517879015833
158.4582371699792,188.47102349064232,95.36529481943727,309.832578553595
158.65565767893497,186.08608661388396,94.97045380152574,308.44889489153906
161.77018861661463,183.51984520620223,94.86804228967173,307.4547273433972
161.94882613159479,177.90511537890012,94.51076725971143,306.462848596193
162.28505692318873,178.59932219549836,93.8383056765235,305.0744349629965
165.12835350000665,182.0681400078704,94.20961403781826,304.194700853183
164.85769237842584,185.3570558293196,94.75093628097986,303.66916704836655
164.76088548934462,191.6007866859735,94.94455005914234,303.29139361608895
164.452037047879,191.75258699085222,95.56224694207356,302.9877930063315
164.03820210374295,194.8546908898191,96.38991683034564,302.84372964758495
163.2099230430813,197.74115813095653,98.04647495166898,303.14414168258304
165.31479899697467,198.02977934514877,99.94480058387873,302.5668992541986
168.0021235118496,201.56830906292143,100.70484850970227,301.62453677422667
170.99937538374053,205.00873143918614,100.84554731094104,300.8788945667178
170.8538317082331,208.5672329311027,101.13663466195592,299.88905362982086
174.12775947819586,209.16494137821564,100.70716745889322,298.69363673559496
183.98822162731506,209.32661358646757,99.26679849820627,298.3702923190911
184.13080556839446,212.6912698024991,98.98163061604743,297.7035569396106
184.1609361736135,213.14592482291386,98.92136940560937,296.7942468987811
181.07106340057823,213.4050461695029,99.06728735447206,296.27600420560304
181.34268243860524,210.47165103287332,98.52404927841802,296.1136734505946
184.7173631406313,204.67214237792166,97.7915595447011,295.6789474198275
184.97467528495588,195.74279997308795,97.27693525605198,295.5458066145504
185.0325192521884,186.70019418255652,97.16124732158694,295.67316126220703
187.59568123462157,180.83682878249064,98.02056612036878,295.42860653504243
190.4949021512203,181.09887205582288,98.22003178717553,294.90451998837796
193.19924080882816,181.04653631127235,98.80545569604067,295.009191477479
199.02276850237988,180.84589200188717,99.17100037932657,295.4104800962494
201.94940792748255,183.59351048578614,99.33641770626294,295.9339393055931
205.31857155073175,186.48536893562223,98.62726311226949,296.1793950584259
208.59779812543746,186.5659137939049,98.0885057884725,296.0183053418605
208.53354037505426,189.20026160094204,98.21702128923889,296.75715096564704
208.4786502168048,195.17068817686476,98.32680160573781,296.85710927025787
208.33606974584671,201.4929287410975,98.611962547654,296.26030463652455
204.9645732058298,204.38414134564442,99.33438843136985,296.4984466237487
201.62818697800378,210.21668914971713,99.96998881121006,296.90769516722696
198.55908525260963,213.21869494645688,100.05357526310726,296.95830057263845
195.64889167880284,216.18730593020206,99.81709748667654,297.07794352919245
189.3743165099717,216.3577186890347,100.25775391456686,296.7371180115272
192.8295411300729,216.5621817460111,99.40474958955123,296.32819189757436
193.09741677261923,216.80305058648312,98.86899830445857,295.8464542166303
193.41765276892158,216.8024476362951,98.22852631185386,295.84766011700634
193.49827657694186,216.96962896599092,98.06727869581326,295.5132974576147
193.53175376154897,216.9065102958889,98.00032432659907,295.6395347978188
196.72731534913652,216.9776205599301,97.60973896418923,295.49731426973636
196.8109017270666,216.6419747422393,97.442566208329,296.16860590511794
196.94949426890335,216.6801475775609,97.16538112465555,296.0922602344748
196.91790481098352,216.67253910453857,97.22856004049521,296.1074771805194
196.7749486044179,216.335616959861,97.51447245362645,296.78132146987457
197.01528641762258,215.89975996886037,97.0337968272171,297.65303545187584
197.13394529752185,218.14906666904704,96.79647906741855,299.16587444550873
197.2534519738828,217.40424248902923,96.55746571469668,300.65552280554436
197.6530706933164,219.5948511174233,95.75822827582942,302.3196660252085
197.54387730916957,222.16860636611352,95.9766150441231,303.2264309479251
197.18868691127966,222.26024582783822,96.68699583990289,303.0431520244757
197.22765714166582,221.9222129866036,96.6090553791306,303.71921770694496
197.56355829788745,221.32015793814554,95.93725306668732,304.92332780386107
195.0555584979458,217.16419875611177,94.8587357804887,307.1407292818467
192.22630306105668,216.48231825037192,94.41119932968917,308.5044902933264
189.25608104122713,215.8426230004685,94.2345502803676,309.7838807931332
186.31453079017135,215.38524555377847,93.98570796497954,310.6986356865133
183.54973143498836,211.3668988178693,93.37502227633189,312.59504475931806
180.50438185459387,210.56087069256407,93.30992609474262,314.2071010099285
170.94298805631507,209.80644341989037,93.90054469619517,315.7159555552759
166.8213338245638,210.18469424726604,95.9341513678934,314.9594539005246
162.92303713882418,207.3157764263287,97.49403645368936,314.460581256716
158.7951939756634,207.27678354771564,99.49123262426484,314.53856701394216
151.5136147654586,207.52480936116297,101.46150501901963,314.0425153870475
150.09045509082628,207.8688668039999,104.30782436828427,313.3544005013736
145.68136153363523,205.0710729167196,106.75795039977454,312.5819271930424
144.62131139250715,205.37243619577404,108.87805068203069,311.97920063493353
140.54848225853866,205.3713181466636,110.59187073677577,311.9814367331544
139.81594142918695,205.00914340694018,112.05695239547917,312.70578621260125
139.93282610207302,204.84519746293006,111.82318304970705,313.0336781006215
139.89571599406156,204.8703719146876,111.89740326572995,312.9833291971064
140.05283100825454,204.5845761044986,111.58317323734397,313.5549208174844
139.92272383981768,204.06519146312513,111.84338757421772,314.59369010023136
139.94725130756416,206.69618427954316,111.79433263872478,315.85472959078334
147.08670925062873,206.1184428563358,110.59571157881221,317.01021243719805
147.2336970449504,205.63917696518942,110.3017359901689,317.9687442194908
147.80272531241542,208.1187632305733,109.16367945523879,319.55276426742836
144.5977037277947,208.134437703831,109.028678986581,319.521415320913
147.88322905177247,207.99244490067576,108.99976294118898,319.80540092722345
151.4170284419592,207.883951569972,108.4778181418697,320.022387588631
148.37055085294435,207.81588917941846,108.03155327875717,320.15851236973805
148.39597101255927,210.67059302524376,107.98071295952735,320.98211382210786
148.21121203300183,210.73722465900764,108.35023091864223,320.8488505545801
147.8532986185882,211.08527124888977,109.06605774746949,320.15275737481585
147.5089445511042,210.70016517059844,109.75476588243747,320.9229695313985
147.00076906814388,210.62228538284992,110.77111684835813,321.07872910689554
138.96358715506972,211.20313566794536,113.65329287855398,319.91702853670466
137.8403762757726,211.3972054286465,115.89971463714825,319.5288890153024
136.88240147588002,208.3233910007617,117.81566423693342,319.009465309384
136.43459367422335,208.3788362068933,118.71127984024672,318.89857489712074
135.47122509736369,208.12051844937042,120.63801699396605,319.4152104121665
134.95018540913748,207.93664633963638,121.68009637041848,319.7829546316346
131.48907139713177,211.61164296163884,121.8274041095615,319.20788167249816
131.66845566662204,211.59500351374527,121.46863557058094,319.2411605682853
128.15861634137218,211.63488292343757,121.72496770488388,319.1614017489007
131.7981468851986,211.08610644757812,121.2127150724875,320.2589547006196
131.85826035350482,210.81084849450008,121.09248813587509,320.8094706067757
132.5909695414628,210.61086573579797,119.62706975995908,321.2094361241799
133.3582239006314,210.62100508774824,118.0925610416219,321.18915742027934
134.2471849268523,210.16260762252222,116.31463898918015,322.1059523507314
138.49510348089586,209.98926564926293,114.53021861495048,322.45263629724997
139.6776222408044,209.46492184390664,112.16518109513342,323.50132390796256
140.53474526368115,209.6232652142352,110.45093504937996,323.1846371673054
141.38326622297663,209.39651552694346,108.753893130789,323.6381365418889
142.17767798899888,211.79892374097167,107.16506959874448,325.4290773368038
142.87388088037483,211.6593873875737,105.77266381599256,325.70815004359974
143.08726129954422,211.77947811072357,105.3459029776538,325.4679685973
143.18521829899026,211.96597116939915,105.14998897876173,325.09498247994884
143.2773882167385,211.74362813651572,104.96564914326522,325.5396685457157
143.18893850612295,211.51315040200254,105.14254856449637,326.0006240147421
143.03054449633134,211.4738601808869,105.45933658407954,326.07920445697334
142.36486841407253,211.53193541734544,106.79068874859719,325.9630539840563
137.66619195434018,211.58606884880288,109.5951499505616,325.8547871211414
133.29095740751106,211.30317322894928,111.70292481839311,326.4205783608486
132.4350847462975,214.36390584496198,113.41467014082023,326.98834391472093
132.04282375908556,217.9194301865298,114.19919211524412,326.60580430398574
131.8005093309013,217.68520517628076,114.68382097161265,327.07425432448383
130.76993288083435,217.68356928901633,116.74497387174654,327.0775260990127
130.45485148411223,220.6406137533587,117.37513666519075,327.9537149073735
130.26015139078055,224.23749496303145,117.76453685185413,327.5741741511223
130.20596763655004,227.6571177742925,117.87290436031515,327.5507803795473
133.85000196135152,227.3591909889417,117.40231580566841,328.1466339502489
134.027469652935,226.97112033925129,117.04738042250148,328.9227752496297
133.90448598020157,226.75810812045515,117.2933477679683,329.34879968722197
133.72534839442486,226.57686140867565,117.65162293952177,329.71129311078096
133.42744622103746,226.164608033173,118.24742728629654,330.53579986178624
133.05060434938298,219.24594448062862,119.00111102960551,330.63926168606724
132.77387995172796,208.88611959333213,119.55455982491557,330.7127130815643
132.5320300388924,201.5656258902187,120.0382596505867,331.5674281001393
132.41656486764543,194.61783738671144,120.26918999308062,331.6347789022935
136.52537096513825,187.52119623877363,118.970832460193,331.9895518739731
136.64877129648315,184.01509458890294,118.72403179750319,332.1009357059293
137.13366237075084,180.47117093311022,117.75424964896781,332.2908445502593
137.35341263551192,177.12059474132647,117.31474911944566,332.10893429075423
137.68607939139304,170.57966463194776,116.64941560768341,331.4458205383087
141.40068771414326,170.99551538259473,116.07113507545328,330.61411903701475
141.79727012526567,171.33223524739392,115.27797025320848,329.94067930741636
145.4434739557184,172.25286952732964,114.79009049023156,328.09941074754494
149.12275448956723,176.54980372097606,114.20090999289181,326.27492293061005
152.53349977890488,177.71150295891837,114.11205029623682,323.9515244547254
151.2364773377952,179.22062724349237,116.70609517845615,320.9332758855774
151.04304904312494,181.05565065922332,117.0929517677967,317.2632290541155
150.25270981531656,187.0220314667431,118.67363022341347,311.9866567622754
148.82663837167485,202.850848782168,121.52577311069689,306.7651447104762
148.2698124461902,208.90465740599168,122.63942496166621,301.24266628767776
151.76308704150432,222.10571348145348,122.17836384669567,294.4170183637273
155.0328700686795,232.08161591654078,122.05764547266966,287.3029088542014
154.74053098826434,239.35172536995515,122.6423236335,279.07664050517917
154.5541897957644,249.35526968747456,123.01500601849986,271.47996800714134
154.69355024997859,259.168850033685,122.73628511007149,264.05588866907254
158.25795060819868,265.49606308508396,121.59619756930367,257.3901757419469
158.46867730606328,268.468917038289,121.17474417357448,251.44446783553676
158.78086201206509,270.7939545846373,120.55037476157091,246.79439274284022
159.11091954121716,269.7382079805751,119.89025970326674,243.20697404400647
159.81652180391416,270.69320843607096,118.47905517787274,241.2969731330147
160.606064233604,274.24159851073216,116.89997031849308,239.7828141822712
161.3119747491274,274.4503496790701,115.4881492874463,239.36531184559527
161.44329827937506,273.80241752791125,115.22550222695092,240.661176147913
161.77815869725117,269.83143488156804,114.55578139119872,243.08634278000693
161.79645778002958,268.3483478185725,114.51918322564188,246.05251690599806
162.61282771337068,266.6987091808793,112.88644335895972,249.35179418138438
163.58253767357863,261.58122821879783,110.94702343854381,253.9843323644815
164.34084979576096,256.2288482093023,109.4303991941791,259.0535855124926
164.44856853437545,256.7279535686034,109.21496171695017,263.7374180315626
164.88342247222192,257.33303417759805,108.34525384125718,268.2731129478047
165.1644601070443,257.57219891393765,107.78317857161242,273.5905546832475
165.58011270342186,257.8486480127028,106.95187337885734,278.89992129185845
166.09884581400223,255.20963197145232,105.91440715769662,284.1779533743594
166.61205635815983,252.7847740050833,104.88798606938137,289.0276693070974
167.26978342586412,250.6209339900156,103.57253193397281,293.35534933723284
164.84948268222934,248.39961323208286,102.34355190157096,297.7979908530983
165.13547407787223,246.38852250158794,101.77156911028518,301.82017231408815
165.19359399419915,247.5510894557642,101.65532927763135,305.6525274371854
158.89133086123982,246.3869230137765,101.84001993173149,307.98086032116083
156.12326987882892,242.1799551336858,101.1297165713013,310.1483707560903
156.00115156762294,238.11430014519038,101.37395319371325,312.0154577193116
152.8935946575227,237.86761488255922,101.29382526945341,312.5088282445739
149.57579209013153,237.28724284664725,101.62864926714505,313.6695723163979
148.94769861061258,237.08341055609847,102.88483622618295,314.0772368974954
148.32545118120396,237.40087735868053,104.1293310850002,313.4423032923313
147.11966192564384,234.89619907132752,106.54090959612047,312.0856149950783
145.8122209589431,235.72808727656383,109.1557915295219,310.42183858460567
147.51017431984283,236.54186879749497,112.17454310712702,308.7942755427434
145.86560916828154,240.7035943323795,115.46367341024961,306.9169444215861
140.87916347983477,241.60189509334208,118.95798085678905,305.12034289966095
138.95034785158424,239.10247571886126,122.81561211329011,303.60363808935523
133.54176849148897,239.80594079046313,127.07012377777357,302.1967079461515
118.35408753250418,237.28763976859398,130.97359784341816,300.61533802680856
100.20282820544624,238.28848528669286,133.95549699826964,298.6136469906108
108.18734488754691,242.72861832012686,138.04924493850166,296.42097469188724
85.71261065256198,250.89983431286237,142.63400818616162,293.5334444471862
90.58580627360438,252.02058709639144,146.41807731404353,291.29193888012804
127.54060451781886,249.2492166335897,147.28675579394033,290.03665480861105
123.82854755791732,253.25413911974525,147.91623042374965,288.82144912629366
134.15154800903179,254.19088589086797,147.63326897904548,286.9479555840482
81.20281854605476,269.05084062983576,152.20103960340325,284.2492963198717
64.40699746716483,270.77056943564423,158.61614468947053,280.8098387082547
65.81163953444634,271.5238805583384,162.6597403675282,279.3032164628663
67.40847918977641,268.75071479695185,166.36524166456087,277.9503673779467
72.97834223532945,265.3915069768385,169.108941212135,277.72707019883325
75.03952796372438,265.45299538531015,171.97118916720157,277.6040933818901
78.33957559391561,264.882359130211,172.40199224340478,278.74536589208833
81.25055969212826,264.41150404296286,173.63518979613121,279.68707606658467
76.99417585076287,263.81053577057827,175.05803128726274,280.8890126113538
80.85461971170557,262.50949179185625,174.46889235724296,283.49110056879783
81.11727203903328,261.28460929006167,173.94358770258754,285.94086557238705
85.38532309044929,259.7307512708819,172.59586881995662,289.0485816107465
89.41732563663338,258.4909884844984,171.74379661361,291.52810718351344
90.12895836503604,260.41205315749187,170.32053115680466,294.92037371732096
94.89635108195786,258.7192721937249,168.04638788734556,298.3059356448548
96.14114484256551,256.9514635023427,165.55680036613026,301.8415530276193
97.7831691088334,255.44304698161554,162.27275183359447,304.85838606907356
99.47419845353105,250.37319277485022,158.8906931441992,307.72787738817874
101.2325885342005,248.85749501164094,155.37391298286028,310.7592729145973
103.16191764464418,251.19314766868823,151.51525476197293,313.325965625298
105.18718230478085,250.04683537133874,147.46472544169958,315.618590219997
107.02003404082306,248.8471972286809,143.79902196961515,318.01786650531267
108.35914234693924,247.8960371519837,141.1208053573828,319.92018665870705
109.58605050271157,246.85786472423575,138.66698904583814,321.99653151420296
110.65364708898959,242.535807212189,136.5317958732821,323.5311742362368
111.49143911073767,238.24415343531052,134.85621182978593,325.02059672576604
112.29811920256628,237.34948980033855,133.2428516461287,326.80992399571
113.0747223680434,236.4054177487145,131.6896453151745,328.69806809895806
113.76502643876749,235.7772131713489,130.3090371737263,329.9544772536893
114.35075974033948,235.33660490359074,129.1375705705823,330.8356937892056
114.63813702495544,231.47637048413853,128.5628160013504,331.48873680039884
115.18490844459345,231.15338380716554,127.46927316207439,332.1347101543448
118.92949486653465,231.08126369149468,127.03627002689572,332.2789503856865
122.23014813456967,234.65734592172794,127.48542828502428,332.17725071941857
125.35993822678728,238.53049002334657,128.2829185019878,331.48803291758003
128.49315162917378,239.21101084638016,129.0779737843765,330.12699127151285
131.37197295433478,243.43816797357303,130.37650412665238,328.728850009725
137.65380032322506,247.54260181582512,131.93144269994127,327.57927898075553
141.15470939925544,248.475991764003,132.00013265622783,325.7124990843998
144.18639510779434,249.56026157784063,132.98160283073761,323.5439594567245
149.98211816813728,246.97549342890065,135.45226127793532,321.6824434706627
148.84461066550392,247.88487910755973,137.727276283202,319.86367211334453
150.72737218968985,249.04361426896966,141.0237587906774,317.54620179052466
149.34766139985254,250.1307058756139,143.78318037035197,315.3720185772362
151.68627147963196,251.58786329933585,146.20940155156885,312.4577037297923
153.3922440008183,252.8284094030286,149.90095152112946,309.9766115224068
151.6290846256794,250.3681232086075,153.4272702714072,307.7655453356528
150.11361752118205,251.35080865816386,156.45820448040195,305.8001744365401
148.07050207746636,252.27709508437277,160.54443536783333,303.94760158412225
146.55332433474354,249.1627113883457,163.57879085327897,302.9492108323568
141.8151825669458,246.1592377057802,165.79059864620305,301.69168245481643
140.41230417091327,246.83811351641555,168.59635543826812,300.33393083354576
135.52531703600022,247.39874241426693,171.05881672297164,299.212673037843
131.0490994391361,247.54029534732476,172.67447032297977,298.92956717172734
126.75722358152858,251.53804063559684,173.89822353409565,298.29407509928245
122.84650672059306,255.50034147741724,174.34835066,297.7407800116083
119.24931947329894,255.36562225237031,174.17201173563856,298.01021846170215
115.55281323327614,255.34688314305436,174.19329542884736,298.04769668033407
108.06881990051214,258.9645157971614,174.4159913652472,298.1850767366839
107.75983961140159,262.8340978576034,175.0339519434683,297.82436658490406
104.01850243682121,262.80816162975907,175.13307279327884,297.8762390405928
100.25249042443049,263.236722974542,175.2790964865628,297.0191163510269
100.07126937838503,267.6550073367744,175.64153857865372,295.5582847999316
96.08877269007155,267.9249340560912,176.24638205388567,295.018431361298
91.91771540820733,267.9191149666381,177.22616431943817,295.0300695402042
87.47739320756305,268.13306982819233,178.7277760280938,294.6021598170958
82.91661016623246,268.3497061916272,180.45137834155076,294.16888709022606
82.08623036701326,268.8220458953407,182.11213793998917,293.22420768279903
77.30613539777606,269.2953636906704,184.23801981948444,292.2775720921396
72.3233123554383,269.62452381301756,186.7478590053637,291.6192518474453
67.7587573069428,269.90552888323543,188.3890228833084,291.0572417070095
63.24098584530765,270.3208497408551,189.91763380285704,290.22659999177023
62.54020500472953,270.9958679123703,191.31919548401328,288.8765636487398
51.201468705928576,271.44579885421234,191.4276045276782,287.97670176505574
43.719357879387786,272.0153522793734,191.369225748413,286.8375949147336
40.10363844794078,268.64523284777,191.10746044939808,286.0846296160316
17.31230805125648,265.5249771147232,191.82493162813478,284.8476094796865
13.264497768321576,262.29028663558915,192.44971847128676,283.8461567152368
9.669033726447026,262.23623954602374,192.1745276843589,283.9542508943677
-4.926075652062181,258.306211459767,191.51201201985555,284.3511234615007
-3.884661310931122,254.16473069946386,189.42918333759343,285.1759172117611
-2.714625472030164,250.27567192639324,187.0891116597915,285.51805937773594
-1.1329246497552674,245.916935365637,183.92571001524172,286.83336342143235
-3.0113249301281257,241.64000710060597,180.3133974933353,288.01810686884227
-0.8345203973224784,237.22158611903427,175.959788427724,289.52857051960825
1.6421705430433349,232.72748382243523,171.00640654699237,291.24099802058987
8.255336113790207,227.96333122719125,164.9977364177231,293.5516421988533
15.180581867097928,229.77216252506173,158.2971981781534,297.08393287015804
18.601736634706057,228.13710849218268,151.45488864293714,300.35404093591615
21.987539904163427,223.36728022128534,144.6832821040224,302.8758585136202
28.475814215012107,218.8131926405825,138.64396857370204,305.0467985836488
34.58867339546788,214.55298786712245,133.28155637801447,306.7039019653449
43.99873427632325,217.35321107207034,128.04746413998095,307.8964703172877
49.53539482543248,219.9518097083818,123.69175744650495,309.4168874494072
54.32334234787781,222.5629619146686,120.77785009717343,310.85657073239275
67.8766275469529,225.5456553516274,120.19356757961829,311.52175582862384
70.64755705771637,225.5023248682969,121.28135864626374,311.6084167952848
76.27223823588906,225.50741997785792,123.3327900464887,311.5982265761628
78.62283162831092,225.60245195216987,125.31856718654765,311.4081626275389
87.05543621867577,229.09312579764432,128.61241379662,311.1465002001907
92.40665184022703,232.790053551179,131.4590832833445,310.5271950580349
93.97714264091464,240.03026350002725,135.13420780218595,309.67898740077175
105.72149037652942,247.1676817819955,139.12064636724725,309.1417178549807
128.5136424563912,254.16689617341137,142.05435183274219,309.00557753649707
130.69913989937646,264.85666838049303,144.66396180446145,308.5678476954029
134.69315866270767,268.1977677509975,143.69578401286336,308.9055086894583
135.25492728285025,268.4431144221966,142.5722467725782,308.41481534706026
136.6047762838059,265.20068586763267,139.87254877066684,307.91859672303065
142.49276832260097,261.420979133881,135.02313976508376,308.5514351185269
147.89006601209928,260.63847448622926,131.07903558208284,310.1164444138304
164.30994682320883,259.3548549973314,125.45302817332784,312.6836833916261
166.93131691946934,258.08423363254326,120.2102879808068,315.2249261212024
169.58648011021293,254.39046463737225,114.89996159931964,315.92935599233795
175.4360710681466,254.15326412690268,109.79825948989273,316.4037570132771
