147.5,110.5,34,33
148.5007416121508,112.94123188999313,33.10869423404116,34.5031573242133
151.96231543171785,116.86291545565236,32.573728306088384,35.1773658078034
155.421464299172,117.23091260145158,32.05592687797363,35.50812090067055
159.29459924655464,117.63954201589777,31.75523127823384,35.754515542496094
162.04099633377052,116.95613068362334,31.575832818091733,36.05865906418705
162.10449174353502,118.01498752826777,31.44884199856274,36.069995496576766
162.14233481623853,118.45614379406689,31.373155853155726,36.25034895773446
162.198751153964,118.98814207100006,31.260323177704755,36.25059682803665
162.78914723585018,119.41048599361673,31.141968736052966,36.46834670492383
166.81062021991968,118.75091637025679,30.54634406606226,36.723582909051075
166.43286801416795,114.23641362685956,30.243596754623844,37.2865746123108
161.95562971347968,110.14806573451514,29.63989030861696,36.96710768821434
158.42997998768683,108.02350296749296,29.35980135117245,37.02686841709863
158.6517174383035,104.3818364564402,28.9163264499391,37.00419752751023
156.2846182691852,78.39160719727305,28.46970839536676,37.17649211775438
154.1249490478258,71.68825341558245,28.662956019668837,37.17340452128133
149.8782851756823,68.03041672087454,28.879281945460107,37.24670131951336
145.567337992677,67.61139326055911,29.187034394235333,37.04548050048983
137.70797332048525,66.66692532439359,29.287843532055536,36.85202701194574
132.13135474168763,66.13532731580847,29.00252786001018,36.87535459005776
131.70904912535175,66.17264341848104,28.81154585385891,36.80072238471261
131.17777068340473,64.5703462481452,28.84275538921377,36.91127467976692
131.19157692447553,63.43208632472368,28.81514290707216,37.120703036760986
131.7618922412578,62.85982126090836,28.710810549559234,37.22893488833998
142.99299014466683,65.74769883675867,29.04617704078815,37.67069672701578
147.73654007788036,69.94776104461505,28.995239281294015,37.658271961910074
154.1749533348049,78.13835257409137,28.687726652464853,38.036174082983955
158.98623246923373,86.73005125777942,28.49886593647751,37.623794587377255
163.18771929444355,98.10997310387219,28.4064519937791,37.7179900914252
167.39633611544272,119.04560104930167,28.29918168487412,37.396550866032946
167.88526434304185,126.46476815317243,28.353420835193457,37.00755513553838
168.59102840941188,122.25934188880541,27.96894131851277,37.20201873579778
168.6391725202071,110.52233835876764,27.872653096922285,36.10635925982396
168.19663298916254,91.47742197783583,27.75227670176416,34.983429189045125
165.2365357368532,60.35568578975428,27.75454052739876,36.074951215706264
165.12521964341954,52.23307563518179,27.977172714266096,36.27134685428484
165.01335473215718,49.849676237268,28.20090253679081,35.989756860302265
163.95591434831528,49.9844078048913,28.297754528101887,35.72029372505567
162.53910016074985,54.47596177391235,28.111994757760655,35.79535022342982
162.74666559741547,69.99499950803971,27.69686388442943,35.899714934700164
163.01746985718262,85.24147656233228,27.155255364895147,35.389841725066816
163.13216820213194,101.11254533149179,26.92585867499649,35.09812606407413
163.69313459760008,118.82972277394597,26.778559606039348,35.72521889239185
163.39369371624193,122.09010899297327,27.377441368755612,36.076957961436534
163.53049001206182,100.08890387505794,27.103848777115864,36.2143912331753
162.8641740169757,91.6851161628881,27.441926929760598,36.11455141954838
161.44628889393394,88.21791245394013,28.280582924099505,36.05905895633821
160.33077839159878,89.84055061411935,28.488864246766973,35.84789215898403
159.951431931583,93.72750602592889,28.236038240627465,36.166132744733574
157.13545901974038,109.84682866206475,27.79428355038251,36.32055688008957
157.214908004603,121.42299923096304,27.6353855806573,36.339520742714875
157.24923299966622,134.22410316339494,27.566735590530836,35.865936510232615
159.8679297635008,153.76037217082518,27.313341948182913,35.668597600878144
160.22896378001263,165.34009283248668,27.580931152969043,36.260929984988984
159.81402063987997,157.8256929988986,27.407759595106512,35.240804242120184
159.53805860475794,135.69686457882926,26.975021904516378,35.188681844718005
158.1325738010218,123.24138281936803,26.855539683245556,35.679213457448206
156.05848246424068,115.23727839558111,27.074340869956103,35.96989635761496
155.84852716219396,108.32015692556465,27.49425147404953,35.9392567347394
151.56404218154435,107.31413959510732,28.089323478027616,35.95781690632379
151.5342795195611,110.23139132209603,28.1488488019941,36.163583466938945
147.97105061278697,117.36045205866454,28.199523683390844,36.05702785810505
147.60780583518957,128.21569348042064,27.915992232666,36.56700714482615
146.56451567407524,139.73679349101445,27.976186454247838,36.8282472810769
143.8994786184884,142.60418955757123,28.215464347840893,37.202410609060045
140.21524245489857,127.10859585670843,28.389549769299386,36.33274171402057
136.3421335158633,105.91012166076601,27.997144561456544,36.00191890486037
132.83286105837067,85.85633439697318,27.97448430329645,35.87403530018679
129.5796433186128,77.19442534022843,28.459543468457838,36.13728718967247
124.88178613824138,72.0415086407196,28.715983015124202,36.2883707952718
123.86600709760137,75.02938136526089,28.703635702499863,36.444341527902345
123.57484253295158,84.73313448396648,28.26182452622521,36.49550109640154
123.26619945574824,103.77995439886385,27.86137315949347,36.05814954872881
123.44769256090734,117.95375424271099,27.49838694917526,35.8375407892382
125.99267254194014,144.0323298883198,28.379941764820696,36.42877003446831
125.13494328978248,139.72992494947198,28.058120285617186,35.8658199863291
125.55176459692245,122.29939400288075,27.224477671337233,35.55897866081363
132.94131147810086,101.88502879670413,27.24341613530232,35.939754321220306
140.31822045485765,86.27828425390591,27.379371973574337,36.38104423712651
145.08227700580252,74.23529024362611,27.867221269079415,36.42872250393846
152.06327276562155,73.263131118515,28.04926037238141,36.352464950883494
156.60650549211468,74.74405721578583,28.071612893603437,36.42688541441129
160.14008298135877,79.79215245016273,28.099598513185605,36.4666100857579
163.47478536610396,87.23291189834383,28.532772175669926,36.80490211505585
171.79645326314153,111.00783421379859,28.319453490575455,36.49135667246577
175.31951087797927,118.23191829654257,28.403624682515115,36.303761350208006
175.42984815012852,111.02617627325688,28.18295013821659,35.45854287127151
176.02548749788573,94.9460081662229,27.992261022768314,35.60001252322242
177.04330871837905,82.62888593262261,27.9559383951963,36.24241922944783
180.82292849074418,70.94595736230818,28.467819438812285,36.40380467858124
181.15392439698334,70.79454568245562,28.825515116094415,36.70662803828634
181.04665326182044,74.68016188388191,29.04005738642026,37.17647403107627
181.2290044249202,85.15937581573837,28.675355060220717,37.03424839203404
182.38741387236482,100.91791359490695,28.423939387346255,36.49822116391845
179.2836644243138,135.69379101574035,28.50893287957636,37.355278466778934
177.15454289316784,140.88105637555344,28.627615478405495,37.32964890580959
174.12633289400608,130.63310713675818,28.4654280092686,37.09685582519858
170.0271169455236,117.50765255579697,28.4219592858464,36.561587970862824
166.36962157505795,107.73046877871822,28.587472015530743,36.71022949449275
162.60218595210733,96.87792611380083,28.938108272721003,36.8626098581947
159.8770373562851,95.26238960435865,29.2166484166708,36.99062864846224
159.44684439455057,95.85627323833181,29.036198479859873,36.84369724079584
158.05019970690591,102.13134006987522,28.722520865723066,36.72143153541343
157.62124996608298,110.77239706780183,28.551733270753733,36.926997842018324
153.43562669021082,130.5418854483397,28.690578460250237,36.49192755161967
149.45430499663416,126.1557609324153,28.45596974507635,36.04226796835034
142.3473118982603,107.43604304634228,28.474484342228493,35.965100227279514
137.76418469523762,92.35214225015787,28.52300860836567,35.740468019954385
134.02100444531678,84.68920207367475,28.93638478041605,35.909953384796395
130.2634488821835,80.09652100067686,29.31342193155999,35.9177918484917
126.72048392168847,80.09422067406388,29.21772916004217,35.92239250171767
123.82415156785459,85.61995451339746,28.863577808824218,36.14008759767427
123.00998443583495,96.18896435652883,28.44776186855789,36.46564505661998
123.23572269860283,109.44542916346154,27.996285343022144,36.48069803795411
125.16207426622633,129.29729119551214,28.196323997232998,36.291206421066875
125.32833282403021,121.70161232318299,27.86380688162525,36.279322436864064
124.99764481340883,107.73113573991337,27.517230665099667,35.9976129458891
125.0650083162289,96.63578318290249,27.382503659459534,36.23226609933731
127.80277729426818,92.15776554621746,27.90325150844589,36.193872665109936
133.701887589183,89.11888253579181,28.19251569337837,36.227896298580184
133.57131377883334,93.5126616560635,28.45366331407768,36.55301590768952
137.6524496907835,101.85248897221227,28.46530224986865,36.221182794774535
142.14386674157174,113.8889153648312,28.634141476011003,35.535939624818
150.34387381734953,127.67463656850586,28.37956953027633,35.209930939791505
161.28148452924475,144.1013386776134,28.50356000101943,35.35534456337671
165.6377932353613,136.14407750263325,27.824573138430424,35.20260581404874
169.70470410452415,117.38361046630246,27.61757045232327,36.0620017701997
172.65236489739073,103.92058792448742,27.72597576171674,35.97127582575993
173.5515366510539,96.23233381423451,27.929638469075435,36.332737436128106
174.83869059101352,88.242208918002,28.384852369845703,36.1555377315825
174.81965094078322,88.79779236149811,28.422931670306312,36.05891155009522
172.88605142749074,93.10104400896559,28.235408694168363,36.575532761286695
169.48330606371638,104.52740370437515,27.911190262857446,36.13047072688346
167.0140231208615,119.5357093089654,27.817499111804345,36.30740173828017
166.43189648928126,132.72592059653584,27.974126507705414,36.125251711885056
164.41726232099424,122.58179062025317,27.97380864429511,35.25818411453253
164.61026239440616,106.71243683568781,27.587808497471265,35.18485520724589
164.05551126617658,95.62641375559339,27.710576431806,35.64874628069678
163.46543388374397,90.61783054526971,27.89490630347062,35.70766376933836
162.73817086496507,84.6522080938237,28.349708016070437,35.64221677273457
159.65486504285101,88.05853339225513,28.479662145092682,35.87233327694524
156.6214417707259,92.90965692426784,28.47604410394174,36.28752718858847
156.1506452941131,102.70524769587416,28.399594681078135,36.03915079106953
154.60080281135842,113.94125194871242,28.46028285490845,35.85311875770647
154.2507924089444,121.13162133496165,28.149168419091154,35.62827335424228
153.36432970546312,108.78201417920488,27.916811490272597,35.26145846849199
150.3808325891608,92.2307403509562,27.92429861373791,35.586717024723015
146.10854856577166,83.1453460064554,28.482050374100922,35.78716906929026
139.98041727628566,80.22509016830836,28.61257864290918,35.56481359050246
128.67350050504453,88.59064688677496,28.01518072343862,35.9898277558822
124.67082857278727,99.605964032167,27.972563833644205,36.09108553944765
123.7789185685037,114.18610431576246,27.742685678705108,36.12942834309763
121.85231310999825,130.2894057958791,27.58113675485834,36.04090410972576
119.29869351790248,144.6857502918382,27.68985041533933,36.23966315532889
121.25765986135436,152.37352012939968,27.789960182265737,35.93178268206896
121.85868829503282,140.1431154107937,27.589345414182635,35.35653963743503
122.78283986011064,128.51566571535125,27.719812895423168,35.85557699726442
126.16179236066594,121.51902052833717,27.95585750834339,35.86096814323086
130.11935892951718,117.54857511088599,28.0652037934053,35.77737955536884
140.93651753692544,118.06329020344177,28.509193834452763,35.751508790978406
144.89600674023728,124.14542907272067,28.673187837801677,35.711689667379474
152.58804037073813,132.83033619681882,28.475409983558755,35.55300341350979
160.3734162915647,148.1057332007476,28.006361788595587,35.20561669903218
164.48160576402302,160.42446125716438,27.740773932004014,35.41438273721432
172.56554533200165,161.2530860117399,27.456611858371197,35.742597860853905
176.6762189140159,145.2016928561228,27.180243287357925,36.06546980002728
180.79448507273986,131.2060795300948,26.891992838080988,36.237709913484885
184.9872668150216,122.55793974494837,27.429401088411133,36.67948731786751
192.2287925601924,117.05143664302031,28.050720598256984,36.61595478825278
195.82241499526924,114.14168649288621,27.976435796555247,36.33863217270509
195.86730385720108,118.72020762302196,27.88665807269157,36.277828722058146
194.02902521713673,126.80814891854808,27.530007827605033,36.23477623186655
190.19415701283313,138.65999468942258,27.18512116916522,36.57495389125876
182.51717995967533,150.05681536852168,27.51852713490203,36.81281968194797
167.81670167161695,143.51326949976314,27.616569451746095,35.753676949471334
159.86799614306375,124.43283397287978,27.57961703094079,35.07453702582828
152.6115095975283,101.51036669073075,27.318893489040498,34.628555473483324
148.53782062991195,88.7103009266497,27.675463300519002,34.908560599444336
144.37170554988816,80.0580026465944,28.136267746445334,35.486377517047266
140.27784276834822,75.9919189456752,28.321925290463625,35.616476899824114
137.74119009628853,79.83702366874392,28.368908541669768,35.968382802347776
138.3571455592855,88.62812338655267,28.14841474605536,35.58027458318177
139.46016528810688,104.47941784291274,27.94616306088903,34.9363961438458
139.90358203599772,119.02939507302376,28.048075264231123,35.498812657336565
141.42730615096326,111.57814770618546,27.997678816185314,35.41604848158657
142.34287519020916,102.40988352055356,28.16040391419097,35.8078082643736
143.24601670560432,94.59679150125197,28.36526510215575,36.35041066231322
146.10373047925427,91.14503213616845,28.753056389948327,36.13350741820574
149.62389235925588,91.08135035622837,28.854005158978758,36.26087097808591
156.90010727133205,103.25306700783678,28.6343727000457,36.48794744381643
157.04205762330724,112.77081781695236,28.35047199609526,35.8787261805718
158.79839621285612,127.15584348761789,27.867029732421123,35.38153404986109
158.96946698222195,146.18610936733486,27.52488819368947,35.10369388975194
159.46087430638087,160.02448670218308,27.526543407216895,34.9920953517219
160.04980642681605,152.01673202829835,27.331468198921563,34.30019114571505
160.01646146821724,138.34588719996344,27.39815811611919,34.50918151391873
159.4027491655782,132.0358820446844,27.65227321268665,34.476168211238814
159.23579422222525,132.02676181686246,27.986183099392584,34.49440866688267
159.21840649394207,132.89112306600327,28.020958555958963,34.73090802398253
159.37475990301488,144.0285951942831,27.708251737813313,35.15247857730105
159.11250928286765,156.04932334490525,27.24455712689846,34.82772270507941
159.20473074793762,174.13880193989448,27.060114196758544,34.749327750042504
160.710645895343,191.59545014368192,26.9627606082309,34.80975181786463
161.16666716256088,206.0461375859207,27.02154934363412,35.03331502855615
162.22984726617312,201.29431901357057,26.845596434981257,34.7849156803983
162.39232886383132,183.35296396111698,26.520633239664818,34.831502959966805
162.40334204994852,171.21878979461894,26.49860686743045,35.000934449883225
162.4204256471532,159.96589045918319,26.464439673021094,35.28459158061847
162.3251961223223,150.66622201703586,26.654898722682898,35.455021329263985
161.47803235594674,139.5258938811002,27.37357480748792,35.29569429837471
160.86232957194204,140.03644049559648,27.620036077768948,35.259545367110505
160.82898640304046,146.38225580166667,27.68672241557207,35.4171259391391
160.94820443297192,154.96597484709218,27.4482863557092,35.111910886709595
161.40244555103743,166.0949100899112,27.523154319868375,35.47109500774605
163.02360068764645,151.0226925604786,27.251022444979,35.91374608332415
163.15562356108776,120.41908683278174,26.98697669809639,36.585818333340455
163.24285771471952,100.62611057006676,26.81250839083285,36.24019901916856
163.1461107654287,88.7153868199468,27.006002289414546,36.29739226663412
162.5003812019488,81.46397006959762,27.303245734307893,35.88699053633648
159.50398181839648,82.37953259201254,27.339101248831017,36.04151324236712
159.13655931405162,90.26555995609553,27.078181240355253,36.20169878884843
158.27328339171427,102.62367830667942,26.816851496968116,36.333981938453576
158.8059948888128,123.13402046292431,26.743102418103206,35.97192815458059
158.67005093446744,134.42336403464202,27.014990326793896,36.047350639058315
151.78390263184946,119.62612025289502,26.919477572593053,35.925103860902034
148.76250351827184,107.89956978437502,27.039466921778516,35.68696928606288
146.4642239987082,98.96870142676114,27.694152570532175,35.81027574460953
143.16525542178232,94.87917656780428,28.30393509425276,36.00511928901497
140.41674763545018,92.45074756202686,28.74633089104725,35.80735752470001
136.34406574934974,99.97898133040545,28.77111863101382,35.976970048382086
136.58682071918398,110.58284435146368,28.285608691345374,36.14882084202101
136.2861515611155,122.73687131584887,27.874122283750893,36.14856028280447
136.06636108929834,134.23240615699834,28.313703227385236,36.29833999540868
140.21155972492014,133.69546384511608,28.147852027586314,36.3566563602426
144.31175202079828,106.27626446401626,28.05755184773551,36.45198534208048
147.14197567105907,97.18996340686815,28.479578521054798,36.37716553485417
147.7740935944801,93.12112440620429,28.23481388024448,36.35907388792833
152.445840023008,89.18624040682477,28.02823911485228,36.10713691631971
160.04349592810496,89.3188255490653,27.95293698707843,35.84196663183866
163.62134471936483,100.35816040975436,27.81629261290648,35.82317842241061
167.6116576128859,111.07804504635385,27.837357731363728,35.387847776147616
175.44684524449517,122.58650678722765,28.069317684894884,35.230531168477725
181.66129777196448,127.94986507308697,28.578687763706004,35.451585863778085
182.21983537953332,120.68759539683427,28.468510052712595,34.872662654119594
185.72396394653583,91.51327271637169,28.433816498391444,35.44035264052131
185.75212859023395,84.51817855491734,28.37748721099517,35.36924390025193
185.75922724888244,81.08439803773494,28.36328989369819,35.220181120910524
186.0374743523671,80.92668486328054,28.80665351615893,35.53560746981934
189.0424567223663,81.92073501987656,28.86795516950575,35.571262621075704
193.20022319548664,94.11296932622602,28.659760123440467,35.50880770890299
196.9957790774141,106.32383898788903,28.13226825440243,35.30519373923488
200.64710682490775,118.8963903863565,27.811533995927544,35.0955239298442
203.031700370877,124.39412475669785,27.987350293800574,34.979062646746705
203.23560406783193,117.15500763450285,27.579542899890676,34.6062825226021
203.28894141024605,90.63712521400628,27.472868215062395,34.84408136759547
203.1198481198639,83.29972730420207,27.811054795826735,34.82410584838888
198.6980176278266,81.39825135785765,27.79121387445949,34.68772356088134
191.2474213659184,81.37797703717446,27.956097161085925,34.72827220224772
186.62400267421765,84.84494207525424,28.331507322074394,34.69434107685386
179.80507371750838,99.26812313626812,28.091616883847724,35.58601113692291
177.02161233203654,111.16335205110809,27.65218268456929,35.820981188131285
175.98468724432655,122.69584684190391,27.731021357970665,35.69862387975331
172.14617153065876,121.22627252602442,27.432693152524934,35.64701264921928
168.24404856306657,111.01416222282002,27.306752769963268,35.25449417154484
164.2854992514615,87.85038430614209,27.358035976425285,35.37038443150542
163.67952067526195,83.53065641306378,27.58416065985483,35.13734799693598
160.06250552308907,81.69186467962649,27.916553960938977,34.87113889051821
159.10535970524555,83.71136850910484,27.856315529553022,34.78119136570756
158.71124729596377,88.54027628270894,27.65963111324548,34.972468167209904
155.40422543335256,111.5332836306426,27.38112444177198,35.2650061348722
153.05015734705944,124.64796552135205,27.16626956227124,35.619794034723306
151.841714474923,135.03910519364615,27.610127619313914,35.55430540605156
147.83715127161832,130.79549762688393,27.677280217118664,35.10680000467083
139.92702048890536,119.33603027897381,27.705645630563094,35.32488398201766
120.57992304528588,104.01651288220978,27.758950089366238,35.249364845250625
117.04294564242083,99.5294410032739,27.899387358036364,35.30898605547384
116.97274606525636,98.21080988578355,28.039786512365314,34.96515980525501
116.47744024150765,99.24037052313666,28.039693883963377,34.887447082347485
113.02170692107002,104.61973141540203,28.024586108089853,35.01334223842192
119.54290811814262,123.34687858327675,27.867743177525444,35.224529411600955
123.5887448574474,135.37035926668364,27.71118186801497,34.98290455208432
127.5843419839807,142.3705028003396,27.60516167717302,34.78167209366556
134.65573019363137,135.1516997312256,27.19419306488428,35.48747042488101
141.66560776572854,116.43040823707005,26.963744505139335,36.48688601143295
147.02768753133003,88.4785913811737,27.200039592709597,36.59184166401664
150.91307435424827,80.53533189061403,27.444233781296294,36.448424976289616
155.4180217056628,76.30490939492813,27.467482441900515,35.876126604228105
159.36689150497867,76.04753662272456,27.532442402124012,35.39553470377836
163.39673324992444,80.01585417793312,27.385205095177817,35.37134577630663
167.47834234163238,100.21581196883047,27.112303334461174,35.40930186084565
167.60451798321736,113.57125249823807,26.859952051291202,35.22382482784327
166.95118509248297,121.55262671056806,27.191141139293695,34.868703498644166
166.6431944105304,117.64800856946752,26.83167360872255,34.87434862503539
165.76178469853295,103.40564395056681,26.655127711114115,34.26859803878623
163.2620207550808,80.86339288178803,26.866885508439957,34.34806133430634
162.72874926641052,77.16883125014081,26.97121503439471,34.03947698651399
162.2154794724173,76.67715890962864,27.0385696423424,34.06363668749955
161.80932729483436,79.42306773519691,26.890225782034143,34.33570832920763
158.0308476177153,84.9675758812136,26.747953418409967,34.79553961396766
150.9580166453227,107.68069056015086,26.386888175626414,34.82372211047513
148.53475960681553,119.7675683710973,26.425128382291,34.69133584033095
147.70783083900383,125.67772856275127,27.118725287639634,34.39414302032044
144.24302368466542,119.76670771360835,27.279261125261762,34.612050196798236
143.81452127460807,107.25412811579318,27.163311320836883,34.3403891544
143.74909599508132,99.75984743772887,27.29416187989041,33.85835611841347
144.2709197086568,100.22288603981372,27.21215820534924,33.89392266685359
147.80063664485627,107.26493762243462,26.87875245597704,34.222736908097716
147.7714453413256,114.30282722978123,26.937135063038408,34.554292911309616
148.819541007848,121.64133918727441,26.773963230801762,34.37491525238443
148.96016306409774,146.89634259411454,26.492719118302283,33.84277350223049
149.01313370928315,158.84964918207885,26.386777827931432,33.64618627083148
148.91482751963298,169.47589390206872,26.583390207231794,34.09813918000198
