69.5,48.5,26,39
68.82102750842392,47.89804924028812,26.35794498315216,39.203901519423766
69.15922972867546,47.93530728686798,26.709043913028452,39.12938542626403
69.60316846362082,47.88155578872153,26.853369429488602,39.236888422556945
69.52684113826544,47.84970831597619,27.00602408019936,39.30058336804762
69.99727312986306,47.86564035932063,27.10486144534319,39.26871928135874
70.05237624723745,47.68927131712706,26.994655210594416,39.62145736574588
70.01081263412155,47.66785555610931,27.07778243682621,39.66428888778138
70.00290574687051,47.64162018089836,27.093596211328265,39.71675963820328
70.57353411598594,47.6880566520006,26.999765611441735,39.62388669599881
70.53647041516292,47.69966333418099,27.073893013087762,39.60067333163802
70.50679872350923,47.70307475902313,27.133236396395162,39.59385048195374
71.03836633358901,47.82175177266147,27.116330913795338,39.35649645467705
71.54709961413545,47.85162604926444,27.141234321403708,39.29674790147112
72.55745688720403,47.83355104884251,27.20428043991384,39.33289790231498
74.01524236025611,47.84505923193797,27.419114838525715,39.309881536124074
74.529192891729,47.853204007864036,27.437884789697282,39.29359198427192
75.0456619750596,47.85862958112245,27.451681511276878,39.2827408377551
76.69787467930949,47.826431719197956,27.28765235001028,39.34713656160409
80.3029208569247,48.45952568099395,27.392991488710607,39.12601028000221
81.89525546527672,49.633705346647105,27.338706726391173,38.864573918285664
85.49060013395494,49.76857565811491,27.41831381069875,38.59483329535005
89.24433863604796,50.80446378964218,27.161755198956048,38.59474800156504
89.26255637084051,51.046671867445355,27.125319729370954,38.11033184595868
93.39429116259802,53.660179453024526,27.051332978076065,38.00174344493795
97.27978227883634,54.47187965598488,27.446934185298524,37.39916596897962
100.7741730131342,54.602588046878125,27.585463574497965,37.13774918719312
107.11920515665882,55.08491658364444,27.093210010283105,37.18957634056335
110.97636561685526,55.521946065598854,27.452496735457608,37.32471833235045
111.37781175272218,56.07595077050348,27.666752056212612,37.23385651503002
115.53855563464178,56.45804671064613,27.499479182277497,37.488941495982736
119.88948494962544,55.772943758781345,26.960921289631322,37.83873480754717
124.20149294400598,55.62718156771894,26.471834125069922,38.130259189671975
127.90644371730136,55.466636249595815,26.154372639627354,38.45134982591823
130.62925619994246,54.95974214196869,25.772722709852292,38.452343034071056
130.77414395508214,54.440481957988354,25.482947199572944,38.48438480639521
132.9142246338382,54.48442084536202,25.211362532903774,38.396507031647886
133.40805554941173,54.10014445127351,25.220004747989364,38.16875577359224
136.52236302455026,54.18311393769622,24.94955563500805,38.00281680074682
137.03537723979565,54.26664052708434,24.909560778022012,37.83576362197057
138.0099448353303,54.788934324469935,24.92614432312468,37.774035395285345
138.00526842761428,54.86212947981772,24.9354971385567,37.62764508458979
138.5216725729693,54.88667191437473,24.882853477241234,37.578560215475754
138.5212593707841,54.9986921732993,24.883679881611606,37.35451969762663
138.50718350137066,55.02996130388228,24.911831620438505,37.29198143646066
138.48160468630982,55.055159671069354,24.962989250560142,37.24158470208651
138.48413450933825,55.14393763195223,24.9579296045033,37.06402878032077
138.49585355342197,55.22238620317395,24.93449151633586,36.90713163787733
138.48516728382464,55.30867294396185,24.955864055530498,36.734558156301524
138.52196865434004,55.26763411099475,24.882261314499722,36.81663582223572
138.57371129258576,55.15593625478372,24.778776038008285,37.040031534657786
138.5592282151246,55.22257393072625,24.807742192930597,36.906756182772725
138.57845405635857,55.23209415164316,24.76929051046264,36.8877157409389
138.59558613381358,55.2438958597556,24.73502635555264,36.86411232471403
138.60827616108583,55.2691283502903,24.709646301008153,36.81364734364461
138.6138030096905,55.24394200314363,24.69859260379875,36.86402003793796
138.60559905750878,55.28046877727743,24.71500050816222,36.79096648967037
138.62202720754965,55.27334098899236,24.682144208080526,36.80522206624051
139.1043112971515,55.20419279243513,24.68116434261953,36.94351845935496
139.58002942926305,55.14311734187582,24.695380393752664,37.065669360473585
139.60143488479716,55.02540973772326,24.652569482684463,37.301084568778705
139.54150902450468,55.50783475418024,24.772421203269417,37.30678598742253
140.04713752187266,55.576594226207995,24.733794862385423,37.169267043367014
140.08432920253443,55.616715930269486,24.659411501061882,37.08902363524403
140.08109820571673,55.583220143394556,24.665873494697298,37.15601520899389
140.07475647271818,55.55308135254823,24.6785569606944,37.21629279068653
140.07532898390562,55.60260702227065,24.6774119383195,37.11724145124171
140.5327057805666,55.613117178055646,24.730860314177402,37.09622113967172
140.55641016946583,55.64450590730661,24.683451536378914,37.033443681169786
140.55026358537808,55.597965739204554,24.695744704554436,37.1265240173739
141.04809258407914,55.651090686159705,24.668732985834502,37.0202741234636
141.03490565673613,55.609556584883464,24.695106840520523,37.10334232601608
141.01857252199858,55.96228578596552,24.727773109995596,37.36617110815271
141.06151608346303,55.84541380362532,24.6418859870667,37.59991507283311
141.06674625909042,55.81698567345911,24.631425635811922,37.65677133316554
141.5442921245936,55.78516684830432,24.65187387718573,37.72040898347511
141.59135994491098,55.72100423768042,24.55773823655096,37.848734204722916
141.62406291482714,55.67276641483146,24.492332296718644,37.945209850420845
141.61408432989606,55.6639884604143,24.512289466580818,37.96276575925515
142.1160975236066,55.69166065173178,24.486405211196697,37.9074213766202
142.6292223588894,55.74663059123952,24.43703611706919,37.79748149760471
142.6574759699307,56.07051283332355,24.380528894986593,38.124125721943756
142.23773694429536,56.09256247802344,24.241648498275957,38.08002643254398
142.25028769068447,55.571194263715554,24.216547005497713,38.147386693575214
141.76173121356913,55.52404718091253,24.21769571503937,38.24168085918126
140.8183678468717,55.58521953810528,24.149634153209853,38.119336144795774
140.35819899763365,55.64409338272176,24.095547018460934,38.0015884555628
136.91716450009807,55.3307832484832,24.175308958835032,37.656450573368915
136.49989493057072,55.40268577542068,24.041922889320183,37.512645519493965
136.0810871526839,55.47791176844041,23.915995707475503,37.3621935334545
134.10931483952646,54.964837760515735,24.0227994008617,37.42915631607166
132.64328497605604,55.03297694971195,24.068940841126395,37.292877937679236
129.66720971654516,55.1142171010609,24.256882255908874,37.13039763498133
126.36410073578926,55.15993986919421,24.13330194038833,37.03895209871472
123.05233513301437,55.12572483009592,24.051058011336455,37.1073821769113
123.10281731866185,55.039689946230766,23.950093640041512,37.27945194464161
119.72658609728896,54.961208340986204,23.99294604466793,37.436415155130724
115.71192003441922,55.05107972109968,24.329616710029953,37.256672394903774
111.71866922202224,54.82006163332084,24.60006493405156,36.754201895364915
107.86935260320178,55.175542785258926,24.607036848219106,36.04323959148875
103.49247896880239,55.286232418761976,24.802971296363353,35.82186032448264
102.98437025046684,55.35345696003668,24.868417554978514,35.687411241933226
99.26016974470991,55.24498676793459,24.718238702836974,35.90435162613742
94.94891563597784,54.66629220203518,24.785215039108103,36.111126104470344
90.68830053535788,54.223242429569126,24.712868123007777,36.04238374747575
86.88550547474436,53.80659844045181,24.69759685536233,35.92306405210133
83.05783725572597,52.456072172984406,24.74849029225584,35.77245046160741
83.09542282304179,52.43245341802876,24.673319157624213,35.819687971518704
79.79698368133411,52.301437985629406,24.63003790043604,36.0817188363174
75.95743942738062,52.25662626854481,24.69449381306056,36.171342270486605
73.08325245570568,51.75869570006243,24.717382092048712,36.2129557967244
72.68552293007343,51.675475033797866,24.557587175845768,36.37939712925353
71.31234215132268,51.53498994654361,24.438612023393894,36.660367303762044
71.35535073499867,51.358525088728726,24.352594856041915,37.01329701939181
68.90554366659738,50.74262053453157,24.446027336681745,37.283869796553574
68.899507688034,51.04210833519049,24.4580992938085,37.65174864493088
68.40933292099395,51.09718349961988,24.4658736686501,37.5415983160721
68.39126445692783,51.01377342971669,24.502010596782334,37.708418455878466
68.36737922645047,50.957010655525195,24.54978105773704,37.82194400426147
68.423326172052,50.519453951675324,24.437887166533994,37.72040079565794
68.91429575705706,50.55485588280669,24.429215389965503,37.6495969333952
68.92672534591952,50.5369521290819,24.40435621224056,37.685404440844785
69.44160245500423,50.625291119900076,24.34678523863303,37.50872645920843
69.45370636048152,50.5788439736812,24.322577427678446,37.60162075164618
69.94430526916119,50.62111564614465,24.310942193147987,37.51707740671928
70.44132146797106,50.569385118787984,24.285010794330994,37.620538461432616
70.45007868421041,50.557135136295074,24.26749636185229,37.64503842641844
70.92493016141545,50.55601588224311,24.287087279777065,37.64727693452237
70.96146545951615,50.58654288631644,24.21401668357568,37.58622292637572
71.39777157867483,51.0120067039373,24.308924032207766,37.702814878083444
71.43536841176788,51.049807744733144,24.23373036602166,37.62721279649176
71.43622979357951,51.03315410644764,24.232007602398383,37.66052007306278
71.92596244314949,51.06861057742922,24.22147553444041,37.58960713109961
71.90926941456574,51.00396176329065,24.254861591607884,37.71890475937676
