331.5,39.5,38,42
332.15301623957816,33.13401313656762,35.693967520843714,44.91583242532616
334.5135788861592,22.977893818560478,36.042311062123716,44.950195723571504
335.2641897473194,14.763212725678123,35.814631834187125,44.82350548234817
337.1114276599916,11.116667604077833,35.92388342778827,44.50914088765779
341.9174030083968,12.440257283968748,36.430785772781825,43.12681815810146
345.04135072937913,18.576776198544962,35.189953358617274,44.62320365539932
349.8108878507525,27.2413490986687,35.68850666517633,44.85990606643705
356.62633860562255,33.738820412556024,34.72182131476973,47.0620228298626
362.6486861650642,41.7414023085377,34.2355021183138,49.036554917230625
365.9373607117436,49.346136791315885,35.4952449852217,48.19508787882998
369.72518512080035,55.80266524849789,35.804549377819754,47.10946078053326
365.2130557592095,57.3221403321314,35.70994505796025,45.37320533370069
366.17643213932604,56.73064998935001,35.05782328002155,45.281555036969024
354.56606111290637,47.97124725089277,35.55134482401482,43.861010089845024
349.69092690957115,39.90281967451927,35.310609693145125,43.76248449408932
339.8702401326271,32.24699488350158,35.056527715002524,44.152542427101665
330.39825025199474,26.70454729683816,36.56590089128565,42.784147182584555
324.2935055481124,22.230173857602313,36.288915768890035,41.74371443692802
319.7792593951058,17.82738980070998,35.49253228790127,41.95251623708597
320.0050767687366,14.34904041451955,35.04089754063965,41.5979397888546
324.27740153557176,18.787936515476858,34.93688984599304,42.36659540296698
323.979786230096,24.370958764949506,34.31614920938616,43.36026337960594
324.6204643168171,26.491563855060885,34.255968964506195,42.78258098507015
331.004908783835,28.008857847693065,34.811890018091454,42.170685724827806
335.4577517262688,31.56352816455945,34.3827738466042,44.74885333495821
335.86933358658257,33.434397542633924,33.559610125976576,47.22457149734886
336.359238276636,28.439770799494596,33.84743425498442,48.34039041982446
336.81950562216275,24.070090878870573,34.21615533384053,49.34421564161522
344.28420001484596,16.549154287601723,36.32338163911828,47.34947373350883
352.36357884129256,16.20714611324074,37.25727697304362,48.0334900822308
357.6370716961327,20.699815536053364,37.43412174444056,47.09102409741337
367.3519342899586,30.480373429288687,36.60943130150615,47.463874108854235
379.9708138074973,42.0755221849917,36.474995774809365,46.73444499968352
393.30632110245926,65.00663468146871,34.65393778086839,49.26424074627549
397.4605630199615,77.1192902118587,35.561159418385394,47.41992869019056
394.09046072023983,89.0933387489057,37.08757025654763,45.63045510154096
406.66266110678237,97.68368585965452,39.26224016277042,42.75975028349029
401.12417794864837,113.99871476847224,38.71668498376478,43.70586567442332
392.59247366971897,114.62742131617247,38.91391574737325,43.74585087088825
393.0699902695326,118.86466877059024,37.95888254774602,45.68073577956693
394.9182236438366,117.52355718128098,36.89392628121912,47.047203717144896
395.6042662011384,111.5405349649927,38.160816771799546,47.1378579263935
381.38590603468435,98.81521770236662,37.086183774468495,48.44283972690455
380.7084293118235,82.24677119219436,38.44113722019014,46.63723895565944
365.6214269180271,50.67652598067135,37.83512161871348,48.2176886005666
354.36984065095936,30.333214374427026,38.69518714214327,49.67618035615097
335.4335774893865,13.988640903226866,39.06507878720031,50.41863849869793
318.93230286728425,12.42563803896202,39.72148913766911,50.73193649733756
308.2281987541112,10.72430234036387,39.802357371372366,52.71278522835766
302.6983066685681,14.157421251423187,40.68847794842101,51.66006945997479
302.6040450714093,19.043427106713107,40.87700114273854,52.05023517052923
307.7803301712069,23.478324170235737,40.749849677557705,53.40585977789836
311.3830836369999,27.164788938920786,40.94141541556672,53.430002910123235
315.1391636906855,25.59131247275011,40.84379136809639,55.09404863048441
309.71295555748367,19.300553133027663,41.149589951779035,55.6222899582481
309.3994793494209,14.39412626468075,41.776542367904504,56.316944366120254
303.51265972496185,11.067962515903773,41.22593592474835,58.347679729146336
301.2685026844917,7.4715962902975335,44.15196778076773,57.72900105575384
296.16353779144873,7.756187827414969,44.75674308871266,60.361536140899275
295.52992747003015,7.625799741611999,46.023963731549856,60.622312312505215
301.10208867819614,7.389117295428143,46.608355692684654,61.09567720487293
312.50883747113664,4.646601642406857,47.48686403445008,61.503850097848414
323.9219113783496,1.631686468419371,48.64043325386676,62.39516965285711
329.6112388650543,-1.4012713546845994,51.22365691101935,61.48014598378404
328.9835155491639,-0.026632978550573227,52.479103542800175,62.27691867526317
323.63257959945923,4.494515053020038,52.34777154346065,64.06782651087079
323.3525828721829,5.831687003591341,52.90776499801332,65.05546736612965
323.03806232602903,6.408836994856742,53.53680609032108,65.75639193848993
323.43347501632707,-0.16790104555998653,54.62214817201276,65.77669578330878
316.53771020965894,-1.5086424669523417,57.049621501550035,62.77615048419402
314.4045115190216,-1.4109746616903855,59.429537655768954,60.69433364661428
309.7633287463945,-2.109983273896809,61.145150026487,58.30897428375906
298.8650064133784,4.206634506102702,60.36937768431505,58.842981978545836
289.7522571926447,3.277090232619983,61.698982428709726,60.702070525511274
282.22280405324454,21.242904650224215,61.33741147732904,63.32163476575554
291.7974383088695,71.57207279200813,61.81886710309807,66.70613640838822
307.58748322115395,117.42673221030704,58.569876419952315,74.15566456677075
316.7845916304774,148.1868332237438,56.86814037165743,79.40538562130537
338.3382552710638,162.2040367692214,58.673304344885985,81.31263936661777
339.37340272825276,172.86100968759666,56.60300943050811,81.97153173535361
330.7046862998318,171.7529846357222,56.55552254456205,84.18758183910253
330.0733956256099,166.0469379450032,53.406660164705784,82.3653440356404
318.91280284698905,158.7263684789849,54.46836145451117,82.12484398047161
302.6149636856624,147.3686882190612,54.96369957683272,81.29995502007574
277.2579000166181,123.31789848015204,56.55348621669688,80.27719379966967
261.98432405512995,102.28423138066825,59.19351598023715,79.41049390719718
251.98382942060843,84.25090841463069,61.77908366963295,80.64629667997774
242.2719858858135,59.55789073719435,63.29881893558576,83.03445855030323
232.26858478148628,39.76074805246236,64.91189695829388,85.84129554787447
196.51951620063173,17.787850769444617,65.35985557749842,89.52532227315737
174.77161048404113,7.570118191768863,62.65330234342683,92.93886360373155
169.8898289968089,20.208264707150263,65.10095012644683,89.61031614730231
155.39146357817586,11.199456801577604,67.38151225660188,90.62673369028609
155.32303124500334,27.318539614516418,69.99995493942723,93.13066029513315
137.74407015028027,27.97328143743301,64.15752977079036,102.07126348882075
165.17081326306348,33.77317478531563,69.12009917734815,100.8742690769032
175.84588463221513,43.74806489908249,71.75833002746374,102.24748759463071
176.82021867890035,35.839146295483935,75.26908699316463,101.68704962461375
156.48613393873157,27.66232216534906,74.25321260466137,104.1460165952699
