289.5,67.5,64,236
285.027311049783,65.79347943507689,67.41925008831188,233.88691331772404
281.15039581164183,66.6864324437681,70.61273958261084,232.10100730034162
273.23912521317,67.60669860261743,72.65198341811723,230.26047498264296
272.2601144909273,68.76136300115324,74.61000486260255,227.95114618557133
267.475081341587,69.55826801298302,74.96162635276244,226.35733616191177
265.13145837178337,72.5214582862945,75.05587171857452,225.02395618908392
251.29837554164584,75.39843396046754,75.26751944653986,223.84575782945615
250.80323783644423,75.79991745842047,76.25779485694306,223.0427908335503
247.93146557611234,78.92425742212097,77.43184832769141,221.36360195606466
248.03307164797567,79.82473728034302,77.22863618396472,219.56264223962057
245.21827744947836,83.84099607587427,78.32070535852179,216.06764387099565
244.33564769612525,90.50740201426161,80.08596486522796,211.7495832588435
243.9826124659587,94.30937568604898,80.79203532556106,208.6230136953336
239.23743874555484,100.38166380678723,81.39201540204971,205.36880481817627
235.7569501509285,104.32432389097706,83.94384729986805,201.89262994123104
229.56540930612852,108.9708057255555,87.51790679715961,197.00417736822834
216.79048648685026,115.58390245873437,91.08302589974716,192.57187451625822
217.10615722840058,118.78055565386724,94.846629797665,186.17856812599248
223.04136250856226,115.24854993325421,96.076537352376,184.5090341571956
243.78168621970158,96.82580816108319,93.86703520462362,186.44683301306986
244.8855803064153,96.51561546199962,91.65924703119616,191.4210040266067
248.19338312413612,95.20668997198027,89.43184461398263,194.0388550066454
235.6519437117728,112.79086082456449,92.57742998685612,193.970182824442
232.2170590062009,128.6260726818972,95.00582420731399,188.94801025389177
222.50935978127995,128.02812204209192,96.7807845508339,185.7338020069218
213.01116698293205,132.31383767929572,98.2028939960018,181.5559397703962
218.8097962305288,133.92297849443702,99.67510371742452,178.33765814011358
279.56556098317265,111.8021238680009,95.18478212681555,183.57229808809296
285.2448493494729,105.4652950847539,92.49491651216056,187.57724453664156
288.05321949316215,102.40582540455662,91.22475425341214,189.349605868406
290.33156751940186,108.6307561935518,91.0184743460032,189.95099272562743
291.7598843149848,97.32409952247284,88.16184075483734,195.14189441457614
290.5566274578297,88.4217976681131,86.18712238316107,199.80280186533594
275.1947703928019,92.68715323203176,86.01260395990596,204.5141904032032
272.76374082771264,86.90831182012322,86.39559619652655,207.11373943990438
272.0767117922496,92.95474784240085,87.7696542674525,208.59107153443836
271.3159927233428,91.93258703212584,89.2910924052662,210.63539315498838
269.83691779912033,100.53321352400897,92.24924225371117,207.3109449011747
266.2147407342975,100.43650352493191,94.86392937886887,202.87469789484095
265.5929964893831,99.73432363477835,96.1074178686977,199.66803758559917
252.97208338912066,103.86733756589548,98.41950458490012,195.98795762022937
280.7283564423902,103.01409337553703,97.77388407755076,193.12220220101378
285.34186055549304,104.17203801267118,97.58507751359855,190.80631292674548
305.04411432222,103.7164428368892,94.03566250333466,191.71750327830944
311.27889451365024,103.0114636596044,90.43376461015046,193.12746163287903
312.33413652761124,103.16231310225649,88.32328058222842,192.82576274757486
313.1339737859218,100.01285286534792,86.72360606560733,194.77427441761063
312.0029275758586,93.7310014316412,84.63506942640134,198.63671916635917
321.9243318054386,91.4256690213107,82.27116418629926,203.24738398702019
289.84101033126717,85.24862647615016,80.52339324441795,206.8128805586447
293.13235386412435,81.21719197440116,78.35507001961092,210.46138572123542
293.8989718095725,78.23267577715674,76.82183412871464,212.00267413937422
291.73451620411674,77.88396581893684,76.72862822541586,212.70009405581402
281.694829374747,78.73409384834024,79.08638716924492,210.99983799700723
283.91755031271083,79.6390763601233,79.08958241325722,209.1898729734411
298.0578869724762,79.65649518472422,77.3453787475155,209.15503532423926
298.69011639465486,79.46260823504184,76.08091990315816,209.54280922360402
299.35415621902433,78.03033879894076,74.75284025441921,208.03381904246254
300.02105790231417,78.30394949173454,73.4190368878395,207.48659765687498
308.8345822603762,76.86891319590544,72.97561757442755,206.06076289785517
308.35539157349103,77.09056314568299,73.93399894819788,205.61746299830006
308.2735980065934,74.76618419778224,74.09758608199314,205.98768371540936
308.492184822545,72.48743660470706,73.66041245008984,206.25838628249062
308.3210062036069,72.72890388526804,74.00276968796624,205.77545172136865
307.98832671347856,73.38647007963557,74.66812866822279,204.4603193326336
293.29475273470746,71.36820200019137,74.1283887281916,204.22158579186865
293.8152907664557,67.67884234684144,73.08731266469513,207.33821017729736
292.56686493175994,64.60738440682314,71.29639877712066,213.48112605733394
293.3722781989839,64.4114004431401,69.68557224267272,218.21578648011294
278.48995094135125,60.95909670469152,68.78713751721995,220.7399526369075
278.6786280247735,57.6540801473333,68.40978335037555,222.9502912135198
265.4626805179949,63.90391247353102,72.72143911941302,219.29872225893223
265.1229391556493,76.79577503954695,77.85247976807563,215.7727867467575
299.10379689140296,68.03734448226626,77.31103956035804,219.80559280856096
298.84949789219445,67.05044376460269,77.81963755877501,221.7793942438881
295.81554888609094,69.37889907986974,79.30763336244225,221.7023858218938
292.6437552914898,69.91583604670953,81.04541358508372,220.62851188821423
289.8876398349105,70.48066945931025,81.93575696454928,219.4988450630128
286.91560321971644,72.49646035952968,83.258060132618,220.08903332489328
268.4416604278105,72.23593751634618,87.62768638712843,220.61007901126027
266.52926581299437,71.73580783970118,91.45247561676072,221.61033836455027
267.49949586041146,67.87830077688749,94.33443866205363,224.5029293500505
268.1620535466458,69.12579154348838,97.92465977519713,226.92328430246081
273.2715402733533,56.85870827896494,97.73341280367644,231.40199786771905
280.47812235712536,50.30820884596929,98.54599459797363,234.35249942581618
288.6910078009853,51.733805380106446,97.5170556669261,236.63358367643264
296.78630722589327,56.35629740874063,96.76727665494754,237.68247951105582
277.41308051121945,56.967440891059965,99.47266146632845,236.46019254641715
278.86935105616055,60.38873743475071,101.73927149376863,234.79675057635802
280.0761181938252,63.99094204220131,104.5209271456241,232.78753128864167
280.9621631139448,70.50779527770004,107.96388337288928,230.1839169526532
318.84328214843566,83.26089019166713,116.00134712941181,225.62765258109505
314.7032004932945,85.35418157365311,124.28151043969412,221.4410698171231
313.3106116693924,90.51674405209548,132.4571200530007,216.5063768257408
310.02600260240644,92.77046438863277,139.02633818697265,211.9989361526662
312.52456595216825,94.77922468092521,145.02523963816463,207.98141556808133
304.01997025793696,96.15037960936849,150.9604032482004,205.23910571119478
294.05051751289136,96.72679713022596,154.11990191572065,204.08627066947983
290.1787409917857,96.57612486488188,156.23614974387908,204.387615200168
284.309399079472,93.19919347552121,156.64194528116997,205.4750338352211
280.91318039938267,92.65254786808197,157.74473112311875,206.5683250500996
272.85267823112986,85.91252269450601,156.69277894319865,208.59973771963433
259.72489239514846,82.14255967293045,154.25784884118826,210.4015634079908
241.47488365862557,72.31636931796857,150.67847820085646,212.87706349789556
243.57037792573146,70.96483252875557,146.4874896666447,215.58013707632156
246.4131583861931,66.08794502185138,140.80192874572145,219.65807339809302
249.07788035208543,64.55904476060714,135.47248481393677,222.71587392058152
246.09318071404445,57.027513681322745,130.24433388996573,226.58138587909724
248.03915316389447,55.553841428309255,126.35238899026567,229.52873038512422
247.26313325534173,54.802862892327184,122.35919757877235,231.03068745708836
246.61154637602695,54.0906581583005,118.16335271405029,232.45509692514173
246.13492949584642,53.91595021638037,113.66886808095653,232.804512808982
245.81203610050864,53.48243619452711,108.93962590645502,233.6715408526885
230.36152530847306,53.71949305711061,102.70349000353532,233.1974271275215
235.6205587616532,53.68332576228909,97.37444748902765,233.26976171716456
222.68335192022252,54.91907653391861,92.6736878542286,230.7982601739055
224.47779423253323,56.64662270956086,89.08480322960719,227.343167822621
227.77795764712528,60.61990109140223,87.3472231461816,224.25935780469678
231.00713118310983,61.59562147999054,85.67618513200355,222.30791702752015
248.59048481573757,62.04706309864213,83.61471060074906,221.40503379021698
248.91456563917438,62.15364515626558,82.96654895387539,221.19186967497006
249.62974239625805,61.615854786115875,81.53619543970808,222.26745041526948
250.36148333037912,60.7518926648103,80.07271357146597,223.99537465788063
253.26616951206248,57.53817936773777,78.91578439942981,225.77035806069506
255.94591031363893,56.54771921470261,78.21309127681013,227.75127836676538
258.48894825161176,60.94963015485101,77.79926760286091,228.2919608904615
261.29691731842195,60.71884075274713,76.85574221612576,228.75353969466926
264.1791547633214,61.65164577639494,75.75302508071647,226.88792964737362
266.3700461969241,65.08970216189127,75.9862782144953,224.6268528773652
280.1802878698064,74.67305770196565,75.88842988631293,223.80856514227125
280.12862351772014,74.96458957239298,75.99175859048543,223.22550140141658
280.0383377603069,83.0514146622113,76.17233010531199,220.75357735754324
279.8908012568871,84.0540516619005,76.46740311215159,218.74830335816483
284.46667075936944,84.35006919875048,76.33978632350265,218.1562682844649
286.82115767965354,81.17977144231625,76.13210424345729,219.99557203681036
287.6337039734004,69.30219009008638,74.50701165596365,225.655713257765
288.26709666572964,62.28500465381373,73.24022627130508,230.54069852690822
286.05690852833425,58.44503790499775,73.03976967960843,233.5997991580527
288.2924605336573,59.83786215228508,73.22920358373251,235.47468857824822
283.90541034047914,58.74533166938761,72.62206566422233,237.65974954404317
274.00378542662486,61.220884275379206,73.5838824775297,237.41900258566022
261.70598283474146,64.73360591504917,74.55582526606597,235.1182917853664
264.0901534588554,64.9600592494202,74.49751416567423,234.66538511662435
278.643998928881,59.948392873420445,73.6049934625912,235.2836611229678
282.853743742112,62.03383534880828,74.57519827982605,235.80762339404055
282.43595910974864,59.073489246279365,75.41076754455275,237.0081463138646
280.3487844203051,53.153661962666575,74.83251992202634,239.3426068782631
279.41060582009817,45.52231066769427,76.70887712244014,240.2801304441716
278.2881937100552,44.866446696125735,78.9537013425261,241.59185838730866
278.0397312280286,42.60260760282188,79.45062630657932,241.23671564847643
280.0058660710902,43.0546951077997,80.40523968060185,240.33254063852078
284.9848588670616,43.860752853673546,80.23024450229599,238.7204251467731
284.41270340187623,47.539230335692224,81.37455543266678,236.22881541045206
287.22110824290246,51.66167947822015,80.60847026925889,232.83464164404086
287.8154448212432,53.216030500314574,79.41979711257738,229.725939599852
299.49388215602096,60.48267249744379,79.67487598336751,224.63743702173184
300.0371663169723,62.073632674500715,78.58830766146488,221.45551666761799
304.33054880828894,65.59995914460573,79.1800129686471,214.40286372740795
304.2359149079356,68.92765127293463,79.3692807693539,207.74747947075016
305.2380197160016,64.31102891079532,77.36507115322182,208.16656385124773
306.1289411099068,58.15931289609614,75.58322836541134,211.71595671143973
307.5355487046051,52.1041030558721,72.7700131760148,215.0352055910818
310.69506572755824,45.89713121772451,70.84273208378919,218.6656433600155
310.94354344329395,41.765699445807726,70.34577665231782,222.52040260440205
313.5485587579753,38.091424503128934,69.58944190058637,225.41525661212836
326.296893948736,36.47884889051315,70.97750092837887,224.15961960247427
325.95755769694256,37.22482676797986,71.65617343196578,222.66766384754084
330.0537673036772,45.12310044456291,72.42356230566104,220.3108286251216
325.6048878810276,46.53312340416855,72.40032816727296,217.4907827059103
325.75490846012633,52.80309189458541,72.10028700907546,213.79075579715544
325.1360917608354,57.181748418849565,73.33792040765731,209.3952392877173
324.3299275294447,54.09183992444966,74.95024887043877,206.93168833496492
323.60017240927596,56.16968258999955,76.40975911077629,202.77600300386513
323.3219912833501,57.63000162790743,76.966121362628,199.85536492804937
321.9365363567552,55.38104679707868,75.48638418506013,200.10262755894934
313.57476270797184,55.110675947009554,75.29950767526186,200.6433692590876
313.1848359164834,55.73171284581946,76.07936125823885,199.40129546146778
320.7011036068214,55.4218051097275,73.73144887366027,200.0211109336517
323.86696635582655,55.79037419541277,71.59453295214286,199.28397276228117
328.2637386018624,56.18304687556689,71.09223456394835,198.49862740197293
330.58060978918115,61.39354346007508,70.58378922956038,196.32822831345538
339.03079949558287,61.68434241950128,70.02365825399451,195.746630394603
326.93583916214266,59.6633767754513,69.81397676007965,195.7219613225704
328.6687457147752,57.19356202185327,70.41061033947759,196.59914414510348
327.6817661487065,62.19359682146687,72.3845694716149,190.6848715747319
314.1906378528808,65.43967393934744,75.14635128802634,184.19271733897074
309.95990484341905,68.08201126823772,79.61501657411463,178.90804268119018
305.975609064927,70.41155732925739,83.58815545179507,174.24895055915084
338.90796323038603,69.48593916492644,81.67835878193304,172.10300490899675
339.95073789851847,69.80540541205698,79.59280944566824,171.46407241473565
336.69936797831264,71.4140028894784,78.32173164295554,168.24687745989283
332.4814264678611,71.51037591399412,75.3040202099813,168.05413141086137
336.70129732299785,67.34530573231537,70.62646127892977,168.859906215775
347.69706079910316,68.25326642628475,67.09127582685545,170.73525312786344
347.1944346925627,68.1753859838732,64.44122235018556,170.89101401268655
319.2286811743405,71.93083704023836,62.612901566388416,170.60009037748645
264.7232304634155,77.35988728369978,68.01086780978355,166.88770955804324
264.8213899981574,78.64478664135461,71.43088056067465,164.31791084273357
273.0828167071864,75.04401556439511,69.46731759175398,167.87963038436826
275.59221989701183,71.57812631727876,68.10505111430112,171.15486897640295
276.504424113333,65.31823867513951,66.28064268165869,172.6362465354887
276.07647387312556,64.51372137633864,63.468455044140164,174.24528113309046
264.68687094223003,64.10700016642257,60.76426436782575,175.0587235529226
267.38770437283824,64.44181051034714,58.965651982728346,174.38910286507345
270.0258838001759,66.41002188823954,57.25001318864631,174.01340016988192
270.40125994372664,68.87806974165801,56.49926090154482,172.60128831719766
273.9647398816267,69.56478490914587,56.3525805170508,171.22785798222193
274.15532050762704,69.67083049639695,55.9714192650501,171.01576680771979
274.65805169020996,66.03303187832131,54.96595689988435,171.3755298377862
274.9490038044697,63.865676867008034,54.38405267136483,172.26567802328572
275.8513091206519,61.154391241942875,52.57944203900051,174.24176528959754
276.1296988844087,58.662851686676134,52.02266251148683,175.7837128579833
275.70563610214634,58.854176372894315,52.87078807601152,175.40106348554693
274.999989191972,61.169391257623516,54.28208189636018,174.23357610963836
274.2165479979089,64.11660145680806,55.848964284486485,171.8116704216081
275.61478355837784,65.29560649711672,56.51947611824269,169.45366034099078
277.23500522025944,67.96414818840319,56.72476995390086,167.5623141178392
278.5312451671614,69.63598532538529,57.55485057261662,167.64120035639468
278.3573692330789,72.79920351695922,57.902602440781635,168.19241886238612
278.2025045684869,75.20509289143635,58.212331769965495,166.83366303405478
279.71550497368133,79.66711895951752,58.62561059323854,164.788170165216
280.8614263955638,81.70606326717396,59.75134802821459,164.12786182864403
281.2800640819388,82.46100351991532,62.342599824478086,162.6179813231613
281.55662623709065,82.93882371520752,65.24305418904046,161.6623409325769
280.2813587248237,83.96535862432269,67.79358921357439,159.60927111434657
280.6749565855207,84.85210741223747,70.51380682653313,157.835773538517
283.32017028141433,86.05926717180905,72.28280229083697,155.42145401937384
284.47497517167136,86.52921192255512,73.49882540293115,154.4815645178817
293.82753772988326,84.80827582575547,72.45950818414785,154.3902751319529
294.14733387911093,83.02026635878273,71.8199158856925,154.4525887914048
307.1491464148188,83.40163224855543,70.3403707941905,153.6898570118594
308.0585719786816,83.20675978582935,68.521519666465,154.07960193731157
299.8308484670331,83.54771343931311,64.33584652669067,153.39769463034403
302.49649644629426,83.33529069405759,62.36094680286171,153.82254012085508
300.8825893703975,77.8272579445926,58.93391829120706,158.183762956337
290.5724181795046,76.87418816826886,56.25358441527767,160.0899025089845
289.2651211983495,78.26246192345634,55.56075398179986,160.62077939439766
287.9037439427426,77.58692534603263,54.98111012366387,161.97185254924509
288.28255028138506,75.14913842001157,54.223497446378985,163.53633646322604
287.2490195535164,74.08179150094324,52.97104639816337,165.6710303013627
287.1706992474187,75.01254829334056,53.12768701035871,167.13638056882576
287.41126600375156,73.9339883658694,52.6465534976931,169.29350042376808
276.3099785608649,73.40754878775145,51.24319036500009,170.34637958000397
276.281643287241,73.13879922430169,51.299860912247965,170.8838787069035
275.59797372737194,75.53076158487345,52.667200031986155,169.46983144767088
269.3634240460566,78.18586447916901,55.010825512918416,167.53478361964588
270.6509561513464,78.41691543587197,55.826570229977015,167.07268170623996
270.4571802086535,76.80589190307631,56.21412211536293,166.89555521780187
275.9233707655712,76.06245977297192,55.492952108213245,168.38241947801066
277.7406924369143,75.2428112945267,55.27000899295617,170.0217164349011
291.77998622342506,77.06920624216258,54.63875342635194,169.79984304043154
299.87737476889725,77.40242608186328,55.52481364102496,169.13340336103013
299.7360175727489,79.73248218494705,55.80752803332167,171.3192186736895
297.78907891750896,79.69980099390929,56.242181783532715,171.384581055765
305.95932147624336,82.03298634439089,57.242328206482874,170.18633666288562
305.506563342779,83.3300053944052,58.14784447341158,167.592298562857
307.30723033399227,89.64367407274332,57.99544048758848,165.311751195991
307.61197619797906,89.7800793076257,57.38594875961489,165.03894072622626
311.9093245290084,93.98687495578753,58.98717347482686,163.42263034808303
312.23808812728055,99.50668897923606,61.73426104971003,159.19223184404103
331.9810881081721,103.85520106737957,62.96993061352665,157.28215258868732
331.4684381150272,106.22764605321305,63.99523059981654,155.9253695713084
333.1055237107796,110.55352981770466,64.10788521832075,154.0472536623435
334.1105354275523,113.0841941008535,65.45959226898673,152.34765558025708
345.9997897502086,113.7237965085232,65.20886431563379,151.06845076491769
344.44286484847146,111.03356034197144,64.984543372268,149.772581604341
341.2746783050936,111.54401915266342,64.69001374143116,148.75166398295704
341.24470058386134,113.59081574766307,64.74996918389564,147.95354194039152
341.5047128667878,115.22417762363332,64.22994461804257,147.97178640529688
341.40782892734256,115.40264318376063,64.42371249693318,147.61485528504227
337.56987504820427,117.08297962048762,65.55100153559353,147.5284917713964
331.8653907517977,117.74922413078642,67.08123186412189,146.1960027507988
322.1013238400478,115.8419871865137,70.10726353600542,143.40963577869775
318.5192004691211,117.0658224922918,73.95894800000575,140.96196516714156
308.24276232805926,115.3219532840918,74.45256974323917,141.1064944937265
315.355211070976,115.1040226370833,76.9967422875373,141.5423557877435
314.3402284292284,112.39278355856538,79.02670757103257,143.56100692237948
313.4604773120882,109.37630066710467,80.78620980531298,146.12568116067777
310.1919793138614,105.85199526274786,80.25083554051082,149.63810683876352
309.37137296805315,100.64292044000497,78.31321400439509,152.8985880287847
298.8376453617177,99.00291164543913,74.22647554195427,156.1786056179164
298.6273448381981,99.40534061796727,71.07649169983472,158.94433256201884
292.50217931720476,100.50604858332481,69.10407248019723,160.29860419670976
294.74288654960793,100.0961443834012,68.16321608855853,161.118412596557
293.3642660940332,104.11628948593776,67.38468555129774,160.1496652883044
295.73654886719044,102.49133643159298,66.14809946363852,159.89159193833856
282.31501409520286,100.76901049536008,65.13269736148999,159.85393485503891
280.90558027110546,101.09396007117014,64.48785872903665,159.20403570341878
274.72934079331696,101.34247671595202,63.06891688428686,158.70700241385504
273.09042600871226,101.23744572330446,62.93636497208644,158.91706439915015
270.0108427074003,101.35078076270062,62.27346175860906,158.69039432035783
270.3241202478292,101.1115996140081,61.646906677751204,159.16875661774287
263.7816147707714,99.04548510038327,61.165640922347805,159.90941646761274
264.0951070790737,96.95475997406203,60.53865630574323,160.69729938459824
265.135348291894,84.88642183537655,58.45817388010262,164.4723936386348
267.84610582111713,83.30976906203999,56.446690749260696,167.62569918530792
270.1342249334603,84.2660056184066,55.288836298046455,169.13160984604687
271.72675795350693,85.14088894796555,55.52238071877707,170.80045364775282
285.12462751126833,86.35725288098332,56.29957433949356,171.81434237374717
287.9769790741921,86.75701968643719,57.54544959692567,171.01480876283944
293.99668967382354,92.74717071382526,59.45291297440235,169.49467014061793
292.8297887606278,97.27868840433062,61.786714800793774,167.43125468740593
292.7517924507487,107.79329118115156,65.45528405876254,163.96493232481717
290.23654443144653,109.35716934063635,70.48578009736698,160.8371760058476
288.0928144933299,112.25976895751123,74.77323997360024,158.6047142631411
287.41834463510224,117.51991963752593,79.73765954592756,155.31537261485585
293.4069401455738,118.03877175536638,82.37436076363471,154.27766837917494
290.48522164110545,114.42830318893766,84.53425067968107,154.13151132625183
289.22172496845155,111.23039758940445,87.0612440249889,153.0906224049516
287.97289235328816,110.75653602406129,89.55890925531574,150.292334393293
286.63592091962084,102.52698332893229,92.23285212265034,148.0174896027561
285.22301673449454,104.00418810703138,95.05866049290297,145.0630800465579
228.95006461679415,114.6591710833522,91.01696251498953,150.07934685176141
230.55296250454387,112.34925665673612,87.81116673949012,154.6991757049936
234.39995669130016,108.53224247040694,83.8997481637909,158.55063427983856
238.1682442388263,106.42399596351241,80.13577167956402,162.76712729362762
242.72607651182793,103.60683568417792,78.55911158410508,164.63194562702444
247.14503043487477,105.22792355237354,77.25987422580879,165.1591051345319
263.8991968232725,105.26579210300908,77.54076539844806,165.08336803326083
265.0286969909203,108.04874813761552,79.03992458438553,163.27561548528092
270.4812250484661,106.74829216610536,79.40859123375289,162.11861984014826
272.2970599432203,108.49835846122208,79.52432946759231,162.36589527326257
270.86873481764246,106.54723253205381,78.6279492547681,162.5151166676191
269.52202243863604,106.03532262305231,77.5817316436671,163.53893648562212
267.27866757983753,106.0730579339253,78.3320730748806,163.46346586387614
267.3024226962866,103.72695629124578,78.28456284198236,164.40733183156124
269.1973107259015,97.54880009827555,74.49478678275261,169.2410897643899
272.6614780099677,93.02134885339021,71.33161395581094,174.53083051296994
276.15709111817296,95.20034777052597,68.12600691255946,177.74407102501644
280.26317773408226,90.1539009802758,67.46291274281438,180.2878855434432
287.8340980609855,88.22048543176972,67.51746905400134,180.35561739920698
288.14838789342787,87.67286265977756,66.88888938911671,181.45086294319128
297.258778103109,91.09390945604893,67.69514644642683,182.21958434131753
285.48827707153663,78.96428772229095,64.4194095562638,187.32401427075638
295.33989280530824,87.15226656119273,63.93883680355785,190.17071530779015
294.7122989487964,86.12051564874255,65.19402451658155,192.2342171326905
295.9147941279707,94.41518096950864,66.71767083211324,191.35943318667978
297.01452510602036,94.6422458409174,68.46213663363831,190.90530344386227
296.2244139854864,96.86849938755155,70.04235887470624,190.42190599996107
297.5589933339026,99.13480050787223,71.36397708375638,189.88008066520223
296.627745193965,102.03852747861052,73.22647336363164,188.079470054747
291.9828527708395,102.49585361456866,74.48735676988314,187.1648177828307
279.6750139691435,105.64787913161157,74.9599046123914,184.88462170889215
277.19975096299,106.24994352876035,75.91097883630138,183.6804929145946
275.57444106028566,103.31249106294001,75.16258564535238,185.5563848498776
276.1788941696035,102.63980412678453,73.95367942671669,186.90175872218856
274.8795365979083,101.34769819361274,72.5418609025915,189.48597058853213
269.7904914626027,99.81861411383794,70.65284357661933,192.54413874808174
270.4420295617917,96.33105522342211,69.34976737824141,195.48707525270845
283.01705947316077,95.72467649670436,68.503733552347,196.69983270614395
280.82438890938323,97.49550485691194,68.8364610783698,197.21078958726122
284.5794773962531,99.69886576378984,69.45819597130945,196.8700237068451
281.7884596690154,104.1637077671226,70.96784172215283,196.08511910744343
285.2216379094861,106.52164636549507,72.27856324848791,195.45778091433672
284.7467174848822,108.91382387815227,73.22840409769572,194.77667122052225
286.54688408022304,109.56864648193624,73.73867592519825,193.4670260129543
282.770981216834,100.7680316927529,73.08848306025601,194.6642584078804
265.02086423229855,97.82524181814655,71.63044762567648,196.44336377890968
265.13119966342384,97.44504063664905,71.4097767634258,197.20376614190468
261.0791447129866,94.21365099116085,71.28881759669929,199.55401089908054
263.93676654462297,87.80429955682972,69.71751657269226,204.08482848921128
276.820700400837,78.53515483302346,69.0298260732244,205.90299979485036
277.4081637664732,77.8725044408979,67.854899341952,207.22830057910147
278.135299009403,76.71008460856847,66.40062885609235,209.55314024376034
278.45303830689807,76.78924312851218,65.76515026110224,213.5918234612396
245.33302133447785,82.44638389992815,68.36704808636458,215.00516914232333
246.0578142384595,83.71228959837437,71.22805633488817,216.78395180191788
246.37426240093083,80.80149444395195,74.9835881717099,218.21711394899825
248.88063293219162,80.63782809920514,78.92579824538944,218.54444663849188
260.76141833693885,78.2113851514798,82.48670978844872,218.84358547518357
258.1740960855356,78.31328726725953,87.66135429125515,218.63978124362413
260.639339464389,78.21449896845316,92.1550637215947,218.83735784123687
276.7660494347474,72.70805554167156,93.46566489822125,220.26052437555913
275.9965907684595,76.93838465150556,95.00458223079701,221.47715068909255
274.6490600656646,73.97446269590453,97.69964363638678,222.52153385156973
273.1695333909339,70.27598389001746,95.71254948637934,224.97234396387498
259.8695478974195,68.9847291049323,92.63333400922474,227.5548535340453
256.9314630067322,60.45729693453319,88.65120984409091,229.82227695508078
258.12903451920755,59.68588080554835,86.2560668191402,231.36510921305046
271.2399756803983,61.54975629182189,84.38247630070121,232.50701660129187
271.9819919488761,63.591860594642,82.89844376374556,233.27498403723214
269.17517613236794,68.5584685274007,83.67580491441933,233.01430913639982
266.5343847344452,69.09242574082403,84.11075016458295,231.94639470955318
259.05475828021406,69.47765419848783,84.55227839123056,231.17593779422558
256.4778717199656,69.21713719194312,84.8698497020611,231.69697180731498
253.27172563162947,69.59240225774991,86.43274527567459,230.9464416757014
252.94611897758367,67.22523863923449,87.0839585837662,230.81392656584634
268.20222278778795,61.50471248701092,85.8317529145109,232.50164488657578
267.96850674801857,61.14770601824446,86.2991849940496,233.2156578241087
284.83281482517884,61.33587790692397,86.8491809475802,232.83931404674968
299.2483583141424,61.5627737585732,87.42691917372899,232.3855223434512
294.27525485990554,62.507555519243795,87.56238059046376,230.49595882211003
294.30049811303036,60.39719393747872,87.5118940842141,229.83597079126733
294.4117103540156,61.575922857476485,87.28946960224353,227.4785129512718
283.1024542001022,59.268563092079404,85.74544601122737,227.26072530229737
268.3518712980662,51.27951795745291,81.63518873627012,228.83391996625213
269.1036724635692,50.78752600693835,80.13158640526419,229.81790386728125
268.5741846406075,46.69105066186762,81.19056205118758,228.53754309343373
268.0470595387241,46.76233304080341,82.24481225495435,228.39497833556214
255.9785285710725,50.56486680017878,82.60845998197786,225.54459365846736
256.3546785572892,49.98262550236069,81.85616000954437,226.70907625410354
271.18039987756663,46.79777089856597,80.54596306234527,233.07878546169297
266.84202374807086,37.24325886281949,79.64128799145985,237.81566853837057
264.44868348972,33.346209820186886,79.58627123253032,240.76806934800447
264.5248248289312,29.535460178246467,79.43398855410791,243.50686586702233
264.3635264709582,34.03343449380145,79.75658527005386,244.34862658323357
263.9865342126241,36.27694018742949,80.510569786722,244.79835440012403
263.9233057749702,39.841599862537805,80.63702666202991,242.62599600060855
266.397540488982,44.09962733219686,80.61693319833444,239.03831702561848
265.67296781268294,51.074024459261125,82.0660785509325,234.84339863681805
269.58662129685774,55.53803051479625,83.92586639542968,230.7589339321712
266.3294180457805,59.84464513194786,85.62136146415587,226.96461613129634
265.2643722573451,63.72100367522597,87.75145304102668,224.00705217867244
263.7247675531119,65.24892198043965,90.83066244949308,220.9512155682451
255.75670706366836,65.90772571311342,92.36119985946215,219.63360810289754
251.49233728109084,60.18368377649607,91.26990567931344,221.46165823082848
196.48108088940276,58.121677704082344,95.3176882198129,220.76863718279787
198.65441526433816,47.71139619212727,95.84976064300253,222.0742355144664
201.17222149464425,46.16225811709282,95.72118306478042,225.1725116645353
201.99628517373816,55.90628502083807,94.07305570659257,225.482768984103
203.11263428209145,57.385991872651175,91.840357489886,227.44820554636738
204.8672741984514,53.71752362904155,88.33107765716605,229.8716599435714
205.59398593629464,56.48997965288724,86.87765418147963,229.21230780936
205.6322639452724,62.839322617564505,86.8010981635241,226.2135950366262
205.58827929414997,63.11187176690211,86.88906746576896,225.668496737951
195.76019885055229,62.928246033714075,87.34788850338481,226.03574820432706
189.79168428839978,58.87267862215596,89.65923829211782,224.52120369187136
173.95486134222597,53.43868895777986,92.33833811232206,220.89190998455186
185.99607950160885,58.42833619008128,92.39482473293006,220.56818469569853
206.89279006080199,65.54953719441336,89.19429808060188,220.7981181118062
206.1383606630127,68.03802183044705,85.93263631904638,220.5916693968729
214.85361734895454,71.4253608612284,82.62991517317293,218.52625541064697
211.46518392295502,75.30524176121834,80.16613100073529,215.38681912288544
219.22560102897404,81.8255378183712,78.23816973318024,211.40814230490173
213.66828789984544,80.16670610345781,76.03520398570718,210.2866083994851
216.85370426414707,82.95305968644774,74.04771129346108,209.09724126986237
216.90090809052538,80.95163232027053,73.95330364070449,208.76977475181775
212.94260930226915,80.7919304358931,73.22203959393846,209.08917852057263
208.48426056326045,78.24676281837849,73.50831844077595,209.86430444001192
208.93025915277897,75.38991532733671,72.6163212617389,211.24652333636524
211.61999956663277,74.70307106420938,71.57179987432627,212.6202118626199
212.94884669024816,79.87083066802927,73.24957719277506,210.95563578633931
216.13327325226356,83.17484962060749,75.56540940450341,208.68994054906244
217.20178356004223,83.6404439381468,77.78039280285695,207.75875191398382
218.0056661615484,89.2216209225079,80.55128866831217,205.35372008219662
218.75317748096091,93.68705772327036,83.45015766045448,200.81673811163898
217.58786255810716,95.43175616968716,85.78078750616197,197.32734121880537
216.8102552725199,98.91658117729773,87.3360020773365,194.72871484091826
213.50911340608445,99.80265203510935,89.57755363766333,192.95657312529502
198.68477658635746,100.68109529301609,92.98065897306704,191.19968660948155
196.4825122688044,101.55182639071995,97.38518760817311,189.4582244140738
179.0104744196129,107.92961024715106,101.11863019863755,185.61998044633117
177.1084909675464,109.14945199290423,104.92259710277054,183.18029695482483
164.00146197413295,111.25597031881844,108.66158631555427,178.9672603029964
164.8594268191196,115.25913646977172,111.4412888417553,175.45656021726413
166.29495227135115,119.17354419551734,113.06010879366083,172.11761562214156
168.26069385058943,119.6874372366471,113.59547328617934,171.08982953988203
170.51009386654343,119.2252713551571,113.55699067512836,172.01416130286202
172.78673981922805,118.34855102774202,113.47726446626359,173.7676019576922
182.91820255628943,109.7291394250232,111.20858662053324,177.51073944183545
188.79691337856332,103.9149739041572,108.4845441740268,180.10569128552618
271.54303672161456,96.51887293023262,100.82839980189085,185.87868738686296
279.3330281124962,93.46257049367443,94.17867933211713,191.99129225997933
291.3042538992646,90.95220501229628,87.99748583942457,197.01202322273565
293.7964738391663,88.37828533082266,83.01304595962124,202.15986258568287
293.4465441596573,88.44462291021885,79.32107898097094,206.41901376455868
308.00212219560996,92.04254857286142,76.53280092393844,207.99745511089782
262.4131080907945,92.92239648592225,76.15962812317659,210.59734028527103
262.46622196613487,94.14293606302944,76.05340037249579,212.54629669534066
264.77578882533237,97.51087338449955,75.85024066353297,214.64237007126474
266.79836054723046,98.55724441248388,76.24733032420836,216.99186111976766
268.33341431073035,97.51427889797708,77.66021378252954,219.07779214878127
