138.5,57.5,39,137
136.78426161429144,56.802487798652194,41.43147677141711,140.05709393094395
135.32771802382217,57.6544823966463,44.344563952355685,141.10366640235355
133.10674258853967,59.91644396467858,48.786514822920644,139.39905723567463
131.7894886259695,59.738819947552116,51.421022748061006,139.75430526992756
130.81580345409628,59.648583607420704,53.368393091807405,139.93477795019038
130.50956414086733,60.465786519182785,53.98087171826535,141.26722273615707
130.13878235269803,59.90747627402679,54.72243529460394,142.38384322646905
129.12875709579686,60.737364054826685,56.742485808406315,143.75038513234017
128.90931129080434,63.752434272352446,57.18137741839132,143.88453178319304
128.74734310518028,67.61021325994597,57.50531378963943,142.35281015397533
128.5909699128847,69.73053733589693,57.81806017423061,141.18780921082933
128.77008161942177,73.8440635441922,57.45983676115644,139.08961123479472
128.9077594275328,78.1478328811445,57.18448114493441,136.5376631335605
129.2272932363622,84.57656879614802,56.54541352727564,132.6384038360364
125.63222836355088,87.68058697019974,57.89873719015364,129.34877052930526
125.87556484989685,90.3283153625161,57.41206421746169,126.94792669560104
126.30048875088303,92.65030794891152,56.562216415489345,125.15515283839225
129.0575282330331,92.73159202964177,53.85839803078113,124.99258467693174
133.20989185316697,92.46446382712713,51.074262751057965,125.52684108196102
135.4387742279229,93.2189227233833,49.33512794930662,126.73655323720922
137.45439908924578,93.9415667200749,48.00885153326149,127.99623855042663
139.13210875470526,93.78524503856744,47.35266024623981,128.30888191344155
140.6536809899099,93.72843025872301,47.00139290468414,128.4225114731304
140.47820712063836,94.76828875826178,47.35234064322724,129.02995490766364
139.61082106158995,93.42394317898504,49.087112761324065,131.7186460662171
138.5070223628921,92.39422753452412,51.294710158719774,133.77807735513895
137.24603084010758,92.16393062844095,53.81669320428881,134.23867116730528
135.98566298518807,89.93472076259171,56.337428914127855,135.804082939347
134.88628544277606,89.54178824922522,58.53618399895184,136.58994796608
132.8585940631843,87.43852164044682,59.58080383584486,137.7857182613463
132.32838885025396,84.9649891920926,60.64121426170555,139.68625973782517
131.83980869345748,82.65432590423983,61.6183745752985,141.21482900732522
131.26319038239862,78.95108784197058,62.77161119741622,142.35703911010012
130.15053464996052,78.78323469179638,64.99692266229243,142.6927454104485
129.1883992077403,78.57312155162904,66.92119354673285,143.11297169078318
129.85124259138422,76.9250747573005,68.84826845285724,143.1563036060281
130.96870525174967,74.99527662909001,69.90032806689314,143.72891492768227
131.11861593540598,74.78532455645191,69.60050669958046,144.14881907295847
131.3628742544946,69.86737106348154,69.11199006140322,144.04106052098726
131.68185835723995,68.4421448459234,68.47402185591254,143.5870283564662
131.97223277828238,67.01554307258851,67.89327301382772,143.15347783117676
131.90219707578606,65.929399657387,68.0333444188203,142.05545143716785
132.38916882199226,65.19515061071847,67.0594009264079,140.267209249153
133.15091709011344,65.48645969844414,65.53590439016557,136.47089365912038
133.66789013919004,64.75509697638758,64.50195829201239,134.80182683197725
133.40511826281062,64.62625876044274,65.02750204477121,131.97005892079278
133.2878072375898,65.6530777595521,65.26212409521287,129.91642092257405
130.87243416230086,66.62762978790627,64.03042053812241,130.99854171969986
121.75571178905318,63.19266345684433,64.10956014189703,131.81703933425015
114.90929033947882,63.126833054331144,65.64620275795363,131.94870013927653
111.52733370016935,64.72587948559715,66.2748688760385,131.81823085701154
107.67445747981206,64.83694055409627,67.82744054048149,131.5961087200133
107.22549795313776,64.55368986691514,68.7253595938301,132.16261009437557
106.38464261205712,64.23262342785937,70.40707027599137,132.8047429724871
107.36953343104696,63.73634946481505,71.59953389507888,133.79729089857574
106.50840223267797,64.50182204500284,70.12449151082623,135.4636505191908
107.98252953258535,65.41884041974902,67.17623691101147,136.8260833454949
109.80712303983674,63.985425705310746,63.52704989650867,136.5274342092946
111.32065597492954,64.15506252284462,60.4999840263231,136.18816057422686
111.10318621865378,62.83704515711425,57.89534738784499,135.78461915465797
99.21280339395408,63.40531218820885,57.77386068067651,134.64808509246876
99.9311463255067,63.05096171304021,56.33717481757126,135.35678604280605
100.03345710110837,61.597621214318124,56.13255326636792,135.30948094939194
98.75808425392108,62.32673952115226,58.68329896074248,133.85124433572366
97.718923825456,62.92914713101321,60.76161981767265,132.64642911600177
96.50136868730361,63.64959902537734,63.19673009397743,131.2055253272735
94.6250953949856,64.50128527604656,66.94927667861346,129.50215282593507
92.85121096767378,65.45824785827963,70.49704553323711,127.58822766146892
92.95950168746582,66.28702518375714,73.36735644362076,125.93067301051391
102.90961677543889,70.1139024249878,75.24512206971232,124.49920304292048
102.20126411639552,71.86953730133646,76.66182738779908,124.10951349147314
108.59098607402063,73.80974133980851,76.44079403462815,123.36870805504886
115.4082436258764,74.5927307552707,75.30561838941871,121.80272922412448
124.25449489427956,76.69386228380867,73.02512248230119,120.6828674929863
125.17151679988994,78.31464750527509,71.19107867108042,120.46864753242559
126.48042736668826,79.68473539442178,71.56647660637364,120.72169082302207
127.82321309909803,79.64837938218558,71.88422777146175,120.79440284749447
126.60924757922749,79.2274137025355,74.31215881120283,121.63633420679463
126.01945324986315,78.4991926505792,78.55496902771354,123.09277631070722
127.9055413757494,77.28254264682894,81.09505556728234,125.52607631820776
128.5044481802289,74.37027745281698,83.13225574720389,128.1155929173511
126.05031322044782,71.75315769962745,84.73269753806139,130.0420042950255
123.96487434095135,69.35755585828821,85.54016518921027,131.46979786985992
123.31871592493023,68.6761264451939,86.8324820212525,132.83265669604853
121.98574976118829,66.4266412654801,86.05813551988,133.89134822661975
110.51920942142604,65.89495337748326,84.88858366251588,134.95472400261343
107.3724475638455,65.43863630580101,84.30294430603873,135.86735814597793
95.67587970720943,63.66800461098063,83.59232103646397,135.96522739521197
94.91610741206436,63.55789291655674,85.11186562675411,136.18545078405975
94.35797267460757,63.43087809306573,86.2281351016677,136.43948043104177
89.79860227141826,61.68511616539368,88.37844245801259,136.44678756136898
85.68420210496124,61.2881535408237,89.56671072293747,137.24071281050894
75.61031573686435,59.01609598454664,91.95453581595348,138.23283839442752
69.68189209741573,58.43387906792161,92.99147389032936,139.39727222767758
59.679785749657846,56.04742666596945,94.78879715643005,140.52879914569888
59.4363152234521,55.58333727003614,95.27573820884155,141.4569779375655
59.415894642275106,56.87030558033908,95.31657937119553,142.59333910424925
60.79762134891198,56.432074596942115,92.55312595792178,143.46980107104318
63.97160131497467,54.33747739028243,86.2051660257964,143.9637845699563
71.23528126769199,54.17954954621224,78.86993271248824,144.27964025809666
74.09999104341503,54.273826461199235,73.14051316104214,144.09108642812268
78.20153075332968,52.903980508153865,68.31247872056414,143.45573335486213
81.36763516270828,52.18187029484824,65.26229524647431,141.617928436806
90.04742106806646,48.022682932852504,63.912725825583706,140.330301726902
86.68856734639674,48.02114576676445,61.151508455938114,140.33337605907812
81.587925985158,45.71034352987715,58.908263971858055,141.8438487312133
80.89969900644826,43.832054465366284,57.19144883199497,142.5071577629525
81.52062642039755,42.52784331981201,55.94959400409638,142.04330737281128
80.54159196370684,41.33440584891825,54.864250114096855,144.4301823145988
81.45283782095946,40.529211492531005,53.0417583995916,146.0405710273733
82.54407721900849,39.293279378864014,50.85927960349355,148.51243525470727
86.82112660522822,40.383269538245585,48.39338251528502,149.3765557780596
93.89033579373518,41.26976839692969,46.3000647736078,150.61483321952556
94.29560715349734,41.333962283283526,45.48952205408347,150.4864454468179
97.46404004690213,40.84096070528807,45.09953428496405,151.4724486028088
98.24283334028567,41.712078311351775,46.52210383169514,152.71036952417958
98.54425092629045,41.502704679009454,48.943325038300515,153.12911678886422
105.15980241872944,39.842614988521234,51.08564082560828,153.3746124154035
103.57954428523752,39.48787865386218,54.24615709259213,154.0840850847216
102.2150741904079,39.448520005383116,56.97509728225134,154.16280238167974
112.22740628249582,39.496088389994455,56.36490502370707,154.06766561245706
113.62638518661392,39.533412791876586,56.79031227675054,153.9930168086928
114.06869702767997,39.64897524132191,55.90568859461844,153.76189190980216
114.93418938746552,38.53860555475693,54.17470387504733,152.77194267418045
118.19433360432127,38.398861915730194,50.819595858984165,153.05142995223392
119.29244626138362,38.61259642079712,48.62337054485949,152.62396094210007
120.01555545423402,37.73631362293652,47.17715215915867,154.37652653782126
120.60807825223262,35.16040314421045,45.99210656316147,156.46856702291484
121.00095481645226,32.75538572756962,45.20635343472218,158.2112078057406
123.19831529231257,31.420660616729577,43.88900011886954,160.88065802742068
123.26353617406184,26.639334240130538,43.75855835537101,164.2626266367011
123.23811726385622,26.511795242430694,43.809396175782226,164.5177046321008
122.99616444900121,25.228490505894854,44.29330180549225,167.08431410517247
122.00460050738857,22.53322299598905,46.27642968871753,169.289575165268
107.69985418294146,22.92952252744351,52.110563222548706,168.49697610235907
105.57998143620124,22.216416486501245,56.350308716029154,169.9231881842436
116.93313252392078,22.04817671517843,57.78926100743817,170.25966772688923
116.51378960919511,22.32547527243335,58.62794683688949,169.7050706123794
116.32177149402264,23.643106807486035,59.01198306723444,170.55761203934534
115.99450489240684,25.69149157560217,59.66651627046606,169.96779837018371
115.96408000308756,27.853422510289533,63.237811221588245,169.15438167329265
123.58272046449927,27.894943010740377,65.81766399742591,169.07134067239096
115.79163976600451,29.259819451347028,66.96548327008648,169.9501733222599
117.28521777623035,29.01777931826757,67.62009372718605,170.4342535884188
118.57866974540244,30.514993009765192,68.6936226226657,171.10025903924745
119.92662161640607,30.433594373654728,69.686905788388,171.26305631146838
123.18568042732475,30.339342170277533,70.587261464303,171.45156071822277
126.83477284686505,30.510890911216222,70.7450263160438,171.1084632363454
130.62511313947053,30.66786867234289,70.61600442881145,170.79450771409205
132.81533769740668,30.676647883907535,69.95456230651749,170.77694929096276
134.96155142168385,30.874888721990033,69.36912822196862,170.38046761479777
139.11432898879966,32.92916759906272,68.44528851462769,169.9627675740977
143.18396545157594,34.910105547721,67.64276988595122,169.6692688252192
146.7629882349526,35.239710349427355,67.78438468452435,169.0100592218065
140.7190296128186,37.23345647710076,65.30082623996385,168.66543588866682
144.70532968037412,37.49107312595034,64.51520747942365,168.15020259096767
146.69217350402081,39.679316506025515,64.11351706560032,167.34571306428742
151.35424617857285,42.57019254849156,65.44908363486434,165.11719828547803
144.803043894685,44.92001642848875,64.37092987562431,163.96269010723756
