347.5,58.5,103,251
341.940416258348,52.31463830321741,102.21588734551818,251.46744325577936
342.03541888178796,52.54122433013124,102.02588209863823,251.0142712019517
339.1393677875539,52.63130963279475,102.3834765501298,250.83410059662467
333.6977180953962,52.86356230471324,102.3902199363117,250.3695952527877
326.2367019903127,53.46558080460471,101.01714733494147,249.16555825300475
326.25661282955997,54.235645452977636,100.97732565644692,247.6254289562589
316.0604673693289,55.05829982706027,99.90163905703542,245.98012020809364
316.2570167426099,55.58462138047224,99.50854031047332,244.9274771012697
303.7225600883432,59.18768979384993,98.06767568759801,243.02329586079605
304.3265718079214,60.454640561952544,96.8596522484415,240.48939432459082
284.2031426755261,64.67399735211757,95.58002873604661,237.24149096640895
279.81331777518506,68.75894064548334,94.11724933514779,234.1928189804679
278.54755740354,72.20865730279608,91.59754854063098,232.34460720364925
282.881022245522,75.8944348620122,87.91023722350431,229.9526704520542
281.15918796076363,79.62517107350102,86.474739296636,227.37036452546155
280.95010688879455,78.072416297783,86.8929014405742,225.6595540702087
277.4477160588688,82.4336164213264,89.09840774346125,221.73642918008625
274.2651366587952,80.6374217647422,90.68124213621141,220.54649408585752
273.62772170349433,81.26330364745445,91.95607204681306,219.29473032043302
274.06829425145844,78.19999116065335,91.07492695088493,220.62341624598383
275.4850134823452,78.40940236129657,93.04296372023224,220.2045938446974
272.8641106748999,81.616952749422,93.45442134464909,218.6198410589204
277.4236816655516,86.96514907531976,98.77944173286848,212.7381691969658
222.59028347427278,110.00073941686594,102.33962714810988,205.25121068380656
221.75567220306976,112.71071828800996,104.00884969051597,199.83125294151853
291.7069718559076,97.81169050691544,101.13187697909567,201.27917886351676
299.1849160905068,99.97671173224133,100.26590714270127,201.645775957133
283.7035354168794,99.32781542204513,98.4195107163032,202.94356857752538
284.17029594116445,93.1230527612341,97.48598966773305,206.00516078138963
287.0923659287297,89.95669421888752,96.34423340911343,207.63549414957197
292.6245281257669,80.69783549367216,94.69229223421195,212.03463677124319
293.51960358778007,71.10762875235596,92.90214131018567,216.9915878961259
291.96351957916784,69.70066312356894,91.23290571545283,219.80551915369995
324.69148200969926,60.611190224721696,92.87170110076325,223.60702489860017
321.4414576542635,61.72319972498153,94.49530243153174,226.25945327818357
276.32262741108394,71.24589350052503,95.74894038341843,226.9882929569793
280.2338745675486,71.25771934535123,97.8790713994558,226.9646412673269
263.8011381222508,79.91755203547494,100.66260524015104,224.68594541202967
264.49447852951704,84.19428524986188,104.3055960030657,221.16215056070297
253.17481217644593,87.138858151482,106.77609426249501,215.27300475746273
253.76574918955654,89.06805462503357,110.59338880209687,211.4146118103596
310.22575017397384,87.08478847489872,107.8596461412877,210.3726777784463
326.94368623558125,82.55009737823968,109.04647398130243,209.54985998227022
306.832897278604,79.6357935416454,104.67789712633676,210.4240060144677
311.3866401008247,76.08882660325581,100.46228974399156,212.62606162915054
316.101611236642,74.94397933806765,95.88312815624151,214.91575615952686
319.97293487402175,74.17104293000405,92.94437277867654,216.46162897565407
330.9394317912202,75.78030996345615,90.10931439043158,218.01757877028786
333.7012714375817,74.7940267309185,89.33235541560775,219.99014523536314
334.63064293406694,71.3724848645232,87.4736124226372,222.0718891907779
335.269113029166,67.99605653545882,86.19667223243906,224.06661830984916
340.5167155211355,67.14065682466321,85.22928810520284,225.77741773144038
340.40232081078364,66.5945958402821,85.45807752590659,226.8695397002026
352.6945788495015,63.68126069153793,84.82781860808677,227.90535856576773
352.60371695175314,63.51807599411215,85.00954240358355,228.23172796061928
352.01410403863764,63.4504760899984,86.18876822981453,228.36692776884678
351.5393367808515,63.43194251739067,87.13830274538681,228.40399491406225
353.50052815210495,63.72601157399228,88.05899513052128,227.81585680085902
355.1266986077001,63.89349425980143,89.65781294278861,227.48089142924073
356.62719992353004,64.20002031540926,91.53179037346702,226.86783931802506
355.93471770117344,61.26757463726125,92.9167548181803,227.8331092654568
359.04536672720263,58.34693501233264,91.6336605328042,228.73618474863162
359.1926505092032,57.685630274815495,91.33909296880307,230.0587942236659
359.69302805526706,54.38011684388985,90.33833787667538,231.72770307031192
357.61918555942077,53.90914984084377,89.53781202783551,232.6696370764041
338.603678099234,47.637537591657264,87.98972366324372,235.31808575353574
337.4659636787168,43.594937430335875,85.30760995644854,238.44574352834894
321.33521544487564,41.56052614501279,82.89225151443443,242.51456609899512
319.8905176743798,39.50322852027976,80.81365411663205,246.62916134846117
305.2846576128676,35.85828007948912,80.09407188664379,248.93050783787365
308.15737682503806,35.40423435304345,79.35667432855509,249.838599290765
300.5234664360495,37.794727540237616,79.60239545936248,250.06497946543325
292.06375927090494,44.081450814225335,81.47649749051308,247.52174111688348
291.7083208085188,48.111174293138646,82.18737441528535,244.47568895861286
291.28717658449466,52.39047239827934,83.02966286333366,240.9001537127126
290.94615628467585,54.198999660664214,83.71170346297126,237.28309918794287
290.86751817898903,55.905607487225026,83.86897967434497,233.86988353482124
288.544113735584,60.22026532079286,83.65342177106777,230.10293465777272
275.77390246343236,63.95042096942471,85.17084473335473,227.4472232769123
274.6735625853446,64.2404385956201,87.37152448953016,226.8671880245215
273.3976604796891,63.73309013817081,89.92332870084124,227.8818849394201
274.41528323728096,59.739299369449185,92.77357875539121,230.98397090712956
273.2555730638171,57.83018284738118,95.09299910231897,234.80220395126557
275.61800077047076,48.35685075973237,95.44553909220056,238.51668191699656
288.01592594433265,44.09151738408856,96.33557139332763,241.910172138514
296.07017634165123,40.894331823016955,95.83280350193573,243.10263229290882
300.8354099774813,45.97783403123687,96.72249482535774,243.35578647155123
301.1137937787815,52.43287943561238,101.3953520274655,240.90494527221645
303.5954326379005,56.4350257358855,106.98695728326808,238.17809415869053
310.4383811180814,66.1406081500107,114.64750479504305,234.77676268454258
303.5644662743091,67.51175779201427,122.97449788514473,232.03446340053546
305.0680436387256,72.08975010939803,131.0160365167161,228.40282544597014
300.93138536935385,76.4807790436061,139.2893530554596,225.2287225588724
296.8555278882443,81.10539370450492,147.44106801767873,221.67991158424311
292.9646572886121,82.78042655853729,155.22280921694318,218.32984587617838
289.32369041450403,87.04692397900001,162.50474296515927,215.65854594353277
286.29762068596574,88.26759931790411,168.55688242223584,213.21719526572457
281.3205317562032,89.23961397664723,172.5091631607092,211.27316594823833
279.4758311138892,90.06461471556756,176.19856444533718,209.62316447039768
275.204370756856,87.1139778798353,178.67125519116726,209.45420817362586
268.3554955734461,84.02185747972263,180.15419731780065,209.53104485375798
256.26030249065684,80.10519637093765,179.81492565289258,211.2319526137063
254.4583085596195,76.43207618037103,177.26566560680698,212.42494508667923
236.1139133773736,72.39783238651367,171.04016951644402,214.36282032370042
239.72763680476703,68.39267097305608,163.8127226616572,216.31339861575617
237.70908942501583,63.959572079613764,155.90592279486322,219.20764908949263
241.17111709144933,62.554423513271885,148.98186746199622,222.0179462221764
241.55140328491302,54.87418161798263,142.40715054144846,225.7501409455142
241.7520743554967,53.6007135984525,136.24531543077805,228.29707698457446
244.2834495247294,53.160440736949624,131.18256509231264,229.1776227075802
246.88350695476703,52.89238041291598,125.9824502322374,229.7137433556475
246.92215337447337,52.63106471985026,120.36351177478802,230.23637474177895
247.2991475066163,52.49849192480295,114.15646728815094,230.50152033187356
242.52289710931507,55.402020024253474,107.65952366238398,230.04427893976228
247.9836909935907,55.8414960386807,101.96806914346267,229.16532691090782
258.58822659789377,56.318502304317406,96.11184150087148,228.21131437963442
273.7948346761932,56.75058325699392,90.70069504055522,227.3471524742814
268.32881578487155,56.97928746664178,86.95765163277167,226.88974405498567
282.3335763048045,54.64375027145309,83.03862227905726,226.74272010813274
295.5715714303438,56.92637228439686,80.28966423859593,226.92288252436865
295.90096789700885,56.58041724697377,79.63087130526588,227.61479259921484
308.2495320319495,53.22464405631226,78.41430194502651,229.63022719860948
308.3368304262539,50.161905688859704,78.23970515641768,231.0530013620494
315.1458738138747,48.47541792650303,78.78098186975198,234.42597688676275
317.04511396429353,47.298254339756284,79.76021290500623,236.78030406025624
326.1910173911165,48.62817193391183,80.78492598793427,238.94959885608864
326.2376212185646,47.674607622794994,80.691718333038,240.8567274783223
326.2271251200222,50.410265000663486,80.71271053012279,240.28960853613228
326.5671415313471,50.49405264574604,80.03267770747303,240.12203324596717
326.687227760354,56.18322135744769,79.79250524945914,238.50706327673325
327.19120182476763,56.11450533127639,78.78455712063192,238.64449532907585
327.82725055468495,58.42802435573758,77.51245966079728,238.85526699598344
328.26533771259994,58.545177151941886,76.63628534496725,238.62096140357482
326.4578832911092,55.057059595945006,75.4531493258348,240.7991516534547
326.419283277191,53.961697827076875,75.5303493536712,242.98987519119095
324.0682833371897,45.00856632512678,75.39269294572591,246.3771693312473
321.04833711332117,39.569346129364746,76.54747288141938,247.48538469868416
293.1016698019749,38.7778256596939,78.29694438980091,249.06842563802584
297.98268491246426,37.4930136439514,78.48873454404874,251.63804966951085
298.16916239526773,40.03112451188244,78.11577957844179,251.57871978762887
298.0831511762518,43.10802090494276,78.2878020164736,250.4340912736076
295.2083911669261,43.9693468445609,79.0412110321611,248.71143939437133
292.38368640675407,44.89705557245813,79.7050613139694,246.85602193857687
292.17956589515666,45.24061302961843,80.11330233716419,246.16890702425627
292.0436567146125,45.09132420042556,80.38512069825252,246.467484682642
288.81284529481985,41.8036697037888,81.86835294170388,248.06440307978156
288.8105563579146,37.67258301219121,81.87293081551434,251.29828298353374
287.6643616094256,30.27801053630526,84.16532031249231,250.86435576823732
289.41803750396866,30.279042187664928,85.76814388063306,250.86229246551798
279.2466211193144,31.16610856099402,85.55333142884255,249.0881597188598
279.2202085782545,32.37893269991028,85.60615651096225,246.66251144102728
281.90637038116824,36.35677513381077,85.31041012475696,243.78340379284845
281.5457390639593,40.513691303452276,86.03167275917488,240.49968884328717
284.6110972810546,44.856665530985666,84.89726938342986,236.81005344666605
287.9277063985363,48.79263125890786,83.18707390224,233.86114474459535
292.94598140359597,51.177771799180945,82.85028373344848,229.09086366404918
295.5065482628596,55.716618081994994,82.5047442047675,224.78876528826743
309.4654279270153,56.12168052341893,82.83375689152638,219.2708450695745
307.56344807016575,58.13786907783208,82.00304603323035,215.2384679607482
307.7679839362085,45.42170104269023,81.59397430114481,217.86134218834772
308.5390395631877,42.076913367506975,80.05186304718647,219.95877190494403
309.7054305966682,37.27331930993401,77.71908098022548,224.9716112904062
310.18425525729754,30.75653959762019,76.76143165896683,228.7579336864269
310.53445377445286,27.40941011669794,76.06103462465619,230.79209631374303
312.71417329777904,27.1977150390356,76.37781750899207,231.2154864690677
324.42862884723047,31.104822308539894,76.38914702645425,228.08932005333213
323.9628382891414,32.23447834482769,77.3207281426323,225.83000798075653
339.6933179715105,35.98854872842659,78.25995816808415,222.9504656978716
337.16043630003014,44.27190449748346,78.72110148725955,220.19761423111396
325.4189778538275,48.594972092104044,79.33566182273236,216.12515035325927
325.22877016712346,47.76715920100931,79.71607719614053,213.25423053196707
325.11133207538904,43.71537498891013,79.95095337960939,212.37321966030203
325.1864699630586,42.13846884935852,79.80067760427029,211.04314097368055
325.66995272886203,45.1098998506796,78.83371207266336,209.56239360971773
328.24206942747406,44.19175698467113,78.11296075216282,211.39867934173466
312.87013286858684,47.51095837835905,77.7992153664821,209.19707919770957
319.9914767429472,48.73978834189266,76.75535774521832,206.73941927064234
324.79814302311496,49.32397574795144,75.83318811103825,205.5710444585248
348.93088069580637,50.16911509146813,75.00203863747845,203.8807657714914
335.8750691719546,51.1438322609761,75.47562103626018,201.93133143247547
336.5247633062017,51.913190781258365,74.17623276776594,200.39261439191094
338.67303608043545,52.74110317230429,74.08784318382037,198.73678960981908
363.23187644467964,54.46076115120155,75.16427361201328,195.29747365202456
362.77876486801955,55.20070002890074,76.07049676533343,193.8175958966262
332.27584486346393,55.675851792499884,74.8585872410651,192.8672923694279
319.1889511496946,61.370559274286336,76.35745158759889,189.7028517661899
304.2797253466707,63.41172234422976,81.61328272012639,185.62052562630305
341.3043849278426,60.5915931411829,81.8671218446127,183.0048775560823
342.1437442099523,59.10602383121477,80.1884032803934,181.88152905733506
340.86396025633553,59.83263813915438,78.69930951370918,180.42830044145583
335.316114653091,61.40261135321934,77.79091672215664,177.28835401332591
334.8340907971433,65.81981889993665,74.81510721782419,176.33365335234697
342.3771189033002,65.14928233329331,71.34948455332535,173.801248636362
347.9142805721948,65.4438687763031,67.82599604982988,173.21207575034242
348.92688742832286,64.48453356231292,65.80078233757372,171.42668344247915
353.78476388213386,64.65038940220339,63.369249881853975,171.0949717626982
354.1313409168259,62.96398608636164,62.67609581246995,170.8741803142281
352.21917765498245,61.06614663348347,62.92249782193451,171.09193470576207
350.40708124710494,56.92794571230098,62.961199042195965,172.1973533571399
348.3646382821222,55.28753172491173,63.44407223874339,175.4781813319184
346.07197440631194,55.25897028246948,64.37172065718897,179.19298354997795
347.93226402265327,56.294095823890856,64.37873023684654,180.85032127947548
347.64139607595115,59.88627382640915,64.96046613025077,181.16876644287086
346.9045647180102,59.83538547535376,66.4341288461327,181.27054314498164
348.32458583364394,61.54418580343234,67.38870066555027,181.64755653950957
347.73481188135435,63.389406890667914,68.56824857012938,181.77435683015926
347.14728819979206,63.2094257625823,69.74329593325399,182.1343190863305
347.1132398166044,62.764785930692014,69.81139269962938,183.02359875011106
347.02321707815685,62.21449686671525,69.99143817652437,184.1241768780646
347.0741087903687,59.31630949186294,69.88965475210065,186.02094422583866
347.1022667221972,56.25396943684558,69.83333888844373,188.22064695092087
346.76579324794085,53.33738342462591,70.50628583695642,190.09833568221646
344.9223888537646,53.02712045520488,70.19857906717944,190.71886162105852
343.03664258494126,54.071158744744224,69.97222277448256,192.6286338723234
342.87774042898366,53.28208345533558,70.29002708639783,194.2067844511407
342.2978160162591,54.73508838698511,71.4498759118469,195.35018491606755
341.22782759194746,62.02265664242425,73.58985276047018,193.03527331524631
340.3266666934697,62.49250355600954,75.39217455742578,192.09557948807574
336.89088155997746,65.5983182451011,78.1527913351287,189.99490359917417
335.5791141888952,68.89671875267118,80.77632607729326,187.5280526459997
329.2749711591397,70.85492714986815,85.10298862589576,183.61163585160577
325.4683893361457,72.52392882302871,88.55612081249814,180.27363250528464
323.8560636774838,74.24279526061908,91.78077212982188,176.8358996301039
322.74481168772184,75.79107817126624,94.00327610934588,173.7393338088096
321.46750940378627,77.6288585830038,96.55788067721704,170.06377298533445
326.93730942703985,79.16279091627153,98.09432942446107,166.995908318799
328.00965436837276,80.57287266809467,100.08888544238134,164.1757448151527
333.41640857221165,81.50348385220715,101.66819855021997,162.31452244692775
339.7082993238538,81.87289306760682,101.47348906484076,161.5757040161284
342.4590968120051,79.7164824828446,100.08728015608685,161.77313911810418
344.39544518790336,77.35399917667746,96.21458340429037,162.403024220323
346.4360318459154,74.86844122360482,92.13341008826626,163.33490544165463
346.96167973313624,70.72435990260053,87.09824682110715,163.65533309822848
337.339271899217,68.55447196739365,82.92750305970219,164.09251573043497
339.0293674857695,69.76465198956046,79.54731188659717,165.5093777300383
342.0418753818297,69.46377928065112,77.32163433024685,166.11112314785697
342.73933136686173,69.32237573766845,75.92672236018285,166.39393023382232
345.90282813543695,68.73539153139777,73.34872690353254,167.5678986463637
348.0752564741492,70.39011983551235,69.00387022610806,167.97916260263483
349.233249118381,70.38238410484998,66.68788493764445,167.99463406395958
340.9480800183197,70.8781594608454,65.21484769350306,167.00308335196874
340.1244902096845,71.48611150092877,63.29396136169028,165.787179271802
334.38438500809656,72.71214688367448,64.22572239959729,163.33510850631058
332.38931670087266,74.98524431287309,64.71822638921248,162.286546272746
323.64878681247484,73.09290022201836,64.74252531848784,162.5798822849514
323.60811910260054,73.61365571106626,64.82386073823643,161.5383713068556
318.61323097526974,73.30515216027226,64.36623428436494,162.1553784084436
317.77670739515315,74.46767213276728,62.556104446321974,163.31351546172962
317.32824376425964,73.6872231906273,59.98563589707098,164.8744133460096
317.8162219217789,74.96497331314517,59.00967958203254,165.7623572225141
321.89328937772166,76.5158298798128,57.732472915216036,166.09910821171337
322.17916128783503,78.49453795853779,57.16072909498932,165.5617622441522
308.8490472384771,76.76196984071518,56.60497252502067,169.0268984797974
306.7078293691699,77.84876668980256,57.446181627689015,170.29453141756883
311.18312556289226,83.8895030682294,58.91954072986508,168.63701015033593
310.8646607241306,80.8448507608575,59.55647040738835,171.24844113976178
310.6720208489527,80.72952691307148,59.94175015774423,171.4790888353338
310.3842893258202,80.74421204451312,60.517213204009124,171.44971857245054
309.45715411866877,79.7580493595728,62.37148361831203,169.87498897779585
309.82483584380293,83.83194706676292,65.19424049393257,168.84343421519338
296.57790953545106,81.99100988076114,66.52914340267829,168.93117291463153
322.2381465304074,94.61491549760476,69.49828926495773,169.0185176119673
329.9271098464385,100.33563863173863,68.81444206273227,168.59763091607707
333.95424650761134,91.71607044620174,68.07073817928108,171.2156284093619
344.22658174339773,94.2586974437451,69.60443119558123,169.81010166225397
341.06908948419544,96.37653692505585,72.2325925221688,165.5744226996325
325.85656238089894,94.16325753292735,73.28034446069626,162.65665591687312
333.34896595203276,99.27188576653818,72.88868495280659,159.73597326684043
333.9458431173771,102.19252153060337,71.6949306221179,157.49369095138488
333.85780414215674,105.23290596211609,71.87100857255858,154.9584005985211
333.89102613024266,110.31320218409905,71.80456459638674,151.8211973097267
326.2913025022683,112.04845196294535,73.14462521026361,148.3506977520341
320.67673743668297,111.34286329374622,74.06131100308778,146.32439364431687
312.28439958091514,112.00794393785694,77.15126519965271,144.99423235609544
307.630303685335,112.19095767567566,79.54480103257559,144.628204880458
313.4382350337474,111.71748928770816,81.90049733601712,145.575141656393
310.6539579649833,109.11329244865325,83.92201751915985,147.23650138011743
308.1366236202167,106.26968911607331,85.35069372120192,149.3177155577861
307.20748306210317,101.42028007969151,83.5478939167091,151.69437178911005
306.8664387739508,99.95905230820955,80.56444631298692,154.61682733207397
301.8649360115949,100.2758066615527,75.9376349743312,157.64077284122953
301.9511037433663,99.38932036460139,72.14359388111501,159.41374543513217
301.4097255541932,100.64220261516628,69.64510864854407,160.4892225449196
301.5285825822498,100.28311159707833,69.40739459243082,161.20740458109552
284.67345092884165,104.52184226884935,71.08604420514571,159.84807961402043
286.4695836095771,103.10851098848525,71.06274611563776,159.1057749027857
281.18344033886376,101.39110286078522,70.96166691215682,158.98280257654983
285.7034332360989,99.46378731039002,69.03013592840672,159.2832062719802
297.5202903904966,98.77160172853246,66.54375183527796,160.6675774356953
291.33985797553765,96.46112267142948,64.90247665353628,161.78800054698638
304.7992514825268,96.66719953369378,62.39594089931073,161.3758468224578
305.7685255451542,94.7613437333421,60.457392774055975,161.75085740463044
306.6469571447638,91.63545085226366,58.70052957483675,164.59540761183723
307.3892075724377,86.57480113964867,57.21602871948896,167.88433728171245
307.79981629041987,77.93568030412573,56.39481128352462,171.41812055676672
308.0867415096021,76.59546093664606,55.820960845160116,174.09855929172605
308.1097281141745,77.29354070157589,55.77498763601538,176.2013553704229
310.12415603886075,76.46414366917256,55.2740914167117,177.86014943522957
310.323980552844,81.40347683384731,54.87444238874524,178.6082268674518
304.65332827631767,81.55049266198944,55.57935578868338,178.31419521116754
295.76773278007676,88.20501658118053,59.133259810867415,175.66811260050872
293.48767964377225,97.33870342816277,63.693366083476505,171.72872570457446
292.80104316973245,107.29578436700783,68.67516056151155,166.24864994670634
289.99057782075187,109.18504308752244,74.29609125947279,162.4701325056771
287.00877565454965,110.72599857094957,80.2596955918772,159.38822153882285
284.49936823630657,113.86112116472913,85.27851042836338,156.84017253672204
286.71049283707424,114.37247362106513,88.39831486127044,155.81746762405004
283.2437231199759,114.588872654245,91.5227504360836,155.3846695576903
279.93311275506125,108.23756682908362,94.2883176125232,156.52032054784394
276.43325069274795,104.4462591385474,97.36881361888828,156.26447969239334
274.8704386582776,100.76496957742869,100.49443768782905,155.69263400027168
275.2124904037074,99.44378156224133,103.82129646741596,154.3240477601998
227.06536689349406,98.41400819844027,98.97091728112592,160.42937953607057
229.42339580705146,98.0002072589522,94.25485945401114,165.3132606874721
231.999218028551,95.33818033329915,89.10321501101205,170.6373145387782
230.6850644633617,90.44495302115433,83.65211032026218,176.3840632525036
240.02171252933653,88.44220476640916,81.09655418139322,180.38955976199395
243.99313592959498,85.18852741125097,81.23968670385646,182.85392481082025
234.39542157529036,88.11774977702214,84.1100557835681,181.07674498650232
258.3823743616234,88.93895000272292,85.40552284724478,179.43434453510076
267.09505231659233,82.37869935345054,84.3980226921692,180.24145401749882
273.0869487317333,79.7152620307356,84.71018612080294,181.4696765766235
260.8684184993226,81.33816526531952,84.41531381148394,182.34585890314574
260.89444833785166,77.98840866465781,84.36325413442577,184.91578524929594
261.21580398466176,79.30841632084872,83.72054284080556,186.44181629512872
261.47735731395977,75.91222889349844,83.1974361822096,189.05725667042887
263.4164699887252,77.42630364723577,79.31921083267869,190.2347764183763
267.4890362067624,77.0241140414624,75.32821050013041,191.03915562992304
271.1740929188508,74.64730255694147,72.05271603308277,191.69815964183584
275.6920977362123,76.98812030109781,71.10731893142702,191.06183042005676
285.19361824069574,80.55601252279374,72.20005449376612,187.94520129092615
287.6442925386184,81.73001681909632,71.292821457852,185.59719269832098
297.85661974161974,81.14189645331523,70.588781685466,186.77343342988317
298.4738538218181,76.34843190006394,69.35431352506922,188.46366503502807
308.34384075368996,86.27895468551249,69.36593591001443,188.35421571281987
300.5749910718929,83.28388822878549,69.10778675150056,190.3953864957469
304.803802115089,89.37814102159837,68.59717913350082,190.12740261270983
312.28950521298907,89.96121369197635,69.46751119992442,188.96125727195385
298.5581753850861,96.11996254106137,69.2137641037062,188.5222196103656
299.9355521978124,98.37795582609772,70.40762990349829,187.9548524655376
297.314045636787,101.30570520218814,71.68861747620107,186.0613792627048
294.86303051132586,101.55767561426185,72.63275732473936,185.55743843855737
280.80899342895896,100.02462551352266,72.96782672440074,184.6559665307397
280.38257654457715,102.70650099729416,73.82066049316435,183.2528207104343
274.6977188835102,100.49087302930816,73.3234600006484,183.72843804152305
275.13565414778714,101.18024941001227,72.44758947209458,182.34968528011484
275.62853948028686,98.3524206845108,71.46181880709517,184.08721371011677
270.0540776194357,97.01511537887609,70.83433453377248,186.7618243213862
278.02029329334266,95.503306870171,70.71229754364921,189.78544133879637
279.75566511349126,96.5609542598303,71.23530152999159,191.66389418611735
283.67304169579626,95.78930003481778,71.46072415464035,193.20720263614237
286.77914300391575,100.07812714709013,73.36103923392771,192.742066107124
277.34690829510976,102.2018947553974,75.89026387765105,192.57834208398162
279.57586707243206,106.9821634802453,79.68595952017445,191.2714178314539
284.91594533938553,106.90960560585498,81.53262356890306,191.41653358023456
280.7760708366323,102.0490529481572,81.39151128837467,192.71677760959523
279.368636957329,99.08324401243621,79.97965241661336,194.42166885066922
267.83363301704503,93.30219949986522,77.69197338698787,197.53119557241342
268.4301886121806,91.9692176674032,76.49886219671674,200.19715923733747
260.72592271469136,85.72629731926068,74.91873513430751,204.18867050492867
261.5576167335764,81.56456573184705,73.25534709653739,208.23622368936927
277.01013003962913,73.76415066938854,72.47579315952446,210.9261369535324
277.4017656756324,70.94364134713516,71.69252188751781,212.2393246409643
277.65566679618473,71.50580742934831,71.18471964641321,215.44724538752686
275.6236194155112,69.92358216434039,70.88019113318894,218.6116959175427
243.54168465182133,72.00623141388263,73.33170037484234,218.85442315315294
245.09117374406878,73.76047483423595,74.68912336805343,219.80233749015227
245.60924811384936,73.22821657992125,78.14767247246182,220.86685399878166
245.6589906617118,75.62637592603149,82.62101809649927,220.6433660263235
245.47234044807195,76.26250177062965,87.6448363338606,219.37111433712715
244.9902125700915,79.07834495470911,93.33142341458756,218.46175929373436
269.5648829052361,76.88691280833629,97.09493241779452,218.03436452525307
267.44345208112327,79.31321984546013,101.3377940660202,218.05219390884625
269.53596095066933,78.88845855164737,102.09786889568643,218.90171649647175
271.1082375379117,75.61277341205874,103.92405779838752,220.4823446984633
277.71920008665467,71.40054256965446,100.75342679834725,223.88115933454898
284.41863529468037,70.02062187550462,97.39372599011621,226.64100072284867
303.80289333418006,63.386310822026246,93.62799428213944,229.90882729522752
302.26266254498825,62.00003800199845,91.7276704467542,232.68137293528312
315.6048541193841,63.87022162245296,89.9772307641871,233.92779438761897
313.56066100970014,63.601872398285664,89.09227932644775,234.46449283595356
316.43656258655545,66.56029361374976,88.30562134183192,233.51279557412028
321.9741196570568,67.10462270039781,87.10520421504738,232.42413740082418
321.6420751493637,67.61933032306061,87.76929323043362,231.39472215549858
311.31724666022956,67.57887190968093,88.82965458001974,231.47563898225795
309.42182851475485,66.74092124529781,87.70295497303638,233.15154031102418
307.5292286132209,63.694371451380704,86.56683107510683,234.32331619786083
305.6380145133233,60.22923019291157,85.43162301794541,236.3359624578425
315.60953310587956,57.01541796492765,85.19227203333004,237.83766536368603
298.2938093195826,51.14972478003534,85.22233009638056,239.68294044502966
300.6238133626726,48.45285686739926,85.5322898439648,240.10670843653762
295.60174629849996,49.19840525795799,85.61313618871753,238.61561165542017
294.9616231901778,49.34610948508865,86.89338240536178,238.32020320115885
295.880518832545,50.52170125446631,90.03633663123067,235.96901966240353
300.04188733167416,51.42236830338872,91.72099501794604,234.1676855645587
320.23446664090125,46.194389514670206,91.4001492029376,234.60756494113434
325.88836290318204,46.11832849853364,90.10958722783664,234.75968697340747
269.3025707097393,40.30262523372036,88.56507846295972,236.4157810550547
257.02709258101805,36.96587301067312,88.19784114495532,238.1056467860598
258.10776797124754,36.65321324033229,86.03649036449637,238.73096632674145
259.11190623045485,36.60530350011351,84.02821384608171,238.82678580717902
262.80771384749596,35.36269317235973,81.57266330561013,241.31200646268658
265.9018387575524,33.76983757079795,80.31119075248753,244.49771766581014
268.4096406201867,32.5386584695122,80.24461791319834,246.96007586838164
270.55334708877723,31.46515763004419,80.94001753707514,249.10707754731766
272.06739380386983,31.683088907696074,82.9380150006313,248.6712149920139
270.8604336705388,35.04678079609431,85.35193526729338,247.0003426139922
271.12831371337234,39.1769242017408,84.8161751816262,243.81682364809836
271.79794817303286,43.9293910900017,83.47690626230515,239.3334960222001
268.4097472556119,51.249501614583835,85.32003176481817,234.55982763769384
264.49348065857765,55.99673277495023,88.25406653377324,229.96386374207447
260.90907809085894,60.331835676830735,90.53737047788253,226.17915912964156
257.3084448881455,61.81212845201853,92.86667119129879,223.21857357926598
254.25220186216188,65.69548429745352,94.10840598389674,220.32261314776528
251.48248351191006,67.02514497389785,94.79692852708787,217.6632917948766
242.44292139786336,60.832969815832,93.57769211355934,220.39846179019736
214.2265771332824,55.480927404737216,96.74156607204321,221.41730759953637
201.06707707008485,49.756685258779584,98.49426058796183,223.03926964726105
204.36548328581756,44.526681461848696,96.86509589197848,228.53162950564072
205.16494337090995,57.58204468826942,95.2661757217937,227.5128364273452
206.81794834400063,57.48618125163503,91.9601657756124,227.70456330061398
205.93176997726889,54.72817471215191,88.81321193699752,228.30126580750186
206.84305561205844,60.23448457000136,86.9906406674184,227.03195013429044
207.92692181051285,59.53626516588767,84.82290827050957,228.4283889425178
208.7451820139937,62.185829281876295,83.18638786354785,227.9310093557405
204.5522807242934,59.27524625988934,82.04202701990651,228.98709368819345
189.40032853452993,56.89220062673033,83.78908995826706,228.99371138098377
189.46200623633163,55.71130529423388,88.45691585612792,226.56432074451243
199.2396038089559,60.394060604212086,88.2629596579537,226.87942959809322
199.8969689066379,63.46581389262157,86.94822946258974,225.57728628044927
202.99247146201498,66.92149886697231,85.5563111618089,223.46500314172107
206.11998817867496,71.00131242869054,84.04505615721915,220.04915444701487
206.52937331316653,74.87727765604559,83.22628588823603,216.96483559905855
208.6910830790508,79.28534520211281,83.51150589923327,212.7573400496899
209.17207336067239,80.7686877205578,82.5495253359901,209.7906550127999
209.72828459495992,81.33473972509186,81.43710286741502,208.6585510037318
207.80006481058723,81.68719789765062,80.83628852254037,207.95363465861428
205.93527886692073,79.0286881422033,80.12949948731753,208.83429324695305
204.45931738622755,76.32619130609528,78.64509149747741,209.80295596794267
205.20191968133958,75.3132996905849,77.15988690725342,211.82873919896343
208.095685214404,74.77361962043246,75.7980991053515,212.90809933926832
209.66853950423155,75.16514721488726,77.06890570104454,212.12504415035872
215.15977708299442,78.32795214355207,79.37144139384654,210.22777124313836
217.6921329629572,84.04104878166673,83.19212901839681,207.68697735138485
218.44076324037448,88.05402321844598,86.1695244722917,204.1356844865558
217.70447369561936,94.22247243228588,87.64210356180192,200.75154463041764
216.76907990366857,95.69217487508648,89.51289114570352,197.81213974481645
216.23001185035977,99.55509929770382,90.59102725232113,194.53001292073876
213.00354551039436,100.60102788297544,92.62908196513357,192.4381557501955
208.31948086153,101.69781885914773,97.57728930189555,190.24457379785093
192.82554170992336,102.63370080664559,101.7240984269994,188.3728099028552
176.51256180308692,103.89849228484351,107.2467316293481,185.84322694645937
175.97983975062925,104.70153337245432,112.88608762513715,184.23714477123775
167.96304386056258,105.02848574545895,114.98391499598502,183.5832400252285
168.25125158693788,105.70848406463325,119.07821487120682,182.2232433868799
171.41285826264493,108.35866588392551,122.19256673898082,181.6416623578894
186.02542462939402,107.60660718756401,121.5384641090892,183.1457797506124
174.00865769335425,107.01574027684727,121.70403613456847,184.3275135720459
179.1217136876441,103.45371883630278,121.06612883853185,186.65745410686327
183.64951809067378,96.03598878144021,116.8289608531117,191.85603257531005
190.60902471613505,91.45435870817715,112.56024877745661,196.19414213420248
199.47081993752806,89.62503139213482,109.28907524727722,199.85279676628716
205.51391944500486,85.95940402758116,106.83460970339938,202.36818475985658
228.82376563503794,81.20308952342691,103.51284297190296,207.0699331405462
230.3595957703223,82.05891756444395,100.44118270133424,210.18089522718205
233.23085918563265,80.75187668321225,99.51341849810412,212.79497698964545
235.88155709910137,82.33178647069548,99.0487032559854,214.47183799949767
241.9700809803488,84.0169893795015,96.57758034135207,215.9543946058164
247.59851802103537,85.92360361079446,94.98304593030016,216.97233597839107
251.06635187015445,87.53525459168006,92.86524167880921,218.56689746336707
254.52857766316794,88.96292988036373,90.7443204952407,220.51507728845814
257.3970840680411,88.0817706012,89.80134319428487,222.2773958467856
